n,k,oc,m3,m5,m7,m11,m13,m17
1,0,1,1,1,1,1,1,1
2,1,1,1,1,1,1,1,1
3,0,3,0,3,3,3,3,3
4,2,1,1,1,1,1,1,1
5,0,5,2,0,5,5,5,5
6,1,3,0,3,3,3,3,3
7,0,7,1,2,0,7,7,7
8,3,1,1,1,1,1,1,1
9,0,9,0,4,2,9,9,9
10,1,5,2,0,5,5,5,5
11,0,11,2,1,4,0,11,11
12,2,3,0,3,3,3,3,3
13,0,13,1,3,6,2,0,13
14,1,7,1,2,0,7,7,7
15,0,15,0,0,1,4,2,15
16,4,1,1,1,1,1,1,1
17,0,17,2,2,3,6,4,0
18,1,9,0,4,2,9,9,9
19,0,19,1,4,5,8,6,2
20,2,5,2,0,5,5,5,5
21,0,21,0,1,0,10,8,4
22,1,11,2,1,4,0,11,11
23,0,23,2,3,2,1,10,6
24,3,3,0,3,3,3,3,3
25,0,25,1,0,4,3,12,8
26,1,13,1,3,6,2,0,13
27,0,27,0,2,6,5,1,10
28,2,7,1,2,0,7,7,7
29,0,29,2,4,1,7,3,12
30,1,15,0,0,1,4,2,15
31,0,31,1,1,3,9,5,14
32,5,1,1,1,1,1,1,1
33,0,33,0,3,5,0,7,16
34,1,17,2,2,3,6,4,0
35,0,35,2,0,0,2,9,1
36,2,9,0,4,2,9,9,9
37,0,37,1,2,2,4,11,3
38,1,19,1,4,5,8,6,2
39,0,39,0,4,4,6,0,5
40,3,5,2,0,5,5,5,5
41,0,41,2,1,6,8,2,7
42,1,21,0,1,0,10,8,4
43,0,43,1,3,1,10,4,9
44,2,11,2,1,4,0,11,11
45,0,45,0,0,3,1,6,11
46,1,23,2,3,2,1,10,6
47,0,47,2,2,5,3,8,13
48,4,3,0,3,3,3,3,3
49,0,49,1,4,0,5,10,15
50,1,25,1,0,4,3,12,8
51,0,51,0,1,2,7,12,0
52,2,13,1,3,6,2,0,13
53,0,53,2,3,4,9,1,2
54,1,27,0,2,6,5,1,10
55,0,55,1,0,6,0,3,4
56,3,7,1,2,0,7,7,7
57,0,57,0,2,1,2,5,6
58,1,29,2,4,1,7,3,12
59,0,59,2,4,3,4,7,8
60,2,15,0,0,1,4,2,15
61,0,61,1,1,5,6,9,10
62,1,31,1,1,3,9,5,14
63,0,63,0,3,0,8,11,12
64,6,1,1,1,1,1,1,1
65,0,65,2,0,2,10,0,14
66,1,33,0,3,5,0,7,16
67,0,67,1,2,4,1,2,16
68,2,17,2,2,3,6,4,0
69,0,69,0,4,6,3,4,1
70,1,35,2,0,0,2,9,1
71,0,71,2,1,1,5,6,3
72,3,9,0,4,2,9,9,9
73,0,73,1,3,3,7,8,5
74,1,37,1,2,2,4,11,3
75,0,75,0,0,5,9,10,7
76,2,19,1,4,5,8,6,2
77,0,77,2,2,0,0,12,9
78,1,39,0,4,4,6,0,5
79,0,79,1,4,2,2,1,11
80,4,5,2,0,5,5,5,5
81,0,81,0,1,4,4,3,13
82,1,41,2,1,6,8,2,7
83,0,83,2,3,6,6,5,15
84,2,21,0,1,0,10,8,4
85,0,85,1,0,1,8,7,0
86,1,43,1,3,1,10,4,9
87,0,87,0,2,3,10,9,2
88,3,11,2,1,4,0,11,11
89,0,89,2,4,5,1,11,4
90,1,45,0,0,3,1,6,11
91,0,91,1,1,0,3,0,6
92,2,23,2,3,2,1,10,6
93,0,93,0,3,2,5,2,8
94,1,47,2,2,5,3,8,13
95,0,95,2,0,4,7,4,10
96,5,3,0,3,3,3,3,3
97,0,97,1,2,6,9,6,12
98,1,49,1,4,0,5,10,15
99,0,99,0,4,1,0,8,14
100,2,25,1,0,4,3,12,8
101,0,101,2,1,3,2,10,16
102,1,51,0,1,2,7,12,0
103,0,103,1,3,5,4,12,1
104,3,13,1,3,6,2,0,13
105,0,105,0,0,0,6,1,3
106,1,53,2,3,4,9,1,2
107,0,107,2,2,2,8,3,5
108,2,27,0,2,6,5,1,10
109,0,109,1,4,4,10,5,7
110,1,55,1,0,6,0,3,4
111,0,111,0,1,6,1,7,9
112,4,7,1,2,0,7,7,7
113,0,113,2,3,1,3,9,11
114,1,57,0,2,1,2,5,6
115,0,115,1,0,3,5,11,13
116,2,29,2,4,1,7,3,12
117,0,117,0,2,5,7,0,15
118,1,59,2,4,3,4,7,8
119,0,119,2,4,0,9,2,0
120,3,15,0,0,1,4,2,15
121,0,121,1,1,2,0,4,2
122,1,61,1,1,5,6,9,10
123,0,123,0,3,4,2,6,4
124,2,31,1,1,3,9,5,14
125,0,125,2,0,6,4,8,6
126,1,63,0,3,0,8,11,12
127,0,127,1,2,1,6,10,8
128,7,1,1,1,1,1,1,1
129,0,129,0,4,3,8,12,10
130,1,65,2,0,2,10,0,14
131,0,131,2,1,5,10,1,12
132,2,33,0,3,5,0,7,16
133,0,133,1,3,0,1,3,14
134,1,67,1,2,4,1,2,16
135,0,135,0,0,2,3,5,16
136,3,17,2,2,3,6,4,0
137,0,137,2,2,4,5,7,1
138,1,69,0,4,6,3,4,1
139,0,139,1,4,6,7,9,3
140,2,35,2,0,0,2,9,1
141,0,141,0,1,1,9,11,5
142,1,71,2,1,1,5,6,3
143,0,143,2,3,3,0,0,7
144,4,9,0,4,2,9,9,9
145,0,145,1,0,5,2,2,9
146,1,73,1,3,3,7,8,5
147,0,147,0,2,0,4,4,11
148,2,37,1,2,2,4,11,3
149,0,149,2,4,2,6,6,13
150,1,75,0,0,5,9,10,7
151,0,151,1,1,4,8,8,15
152,3,19,1,4,5,8,6,2
153,0,153,0,3,6,10,10,0
154,1,77,2,2,0,0,12,9
155,0,155,2,0,1,1,12,2
156,2,39,0,4,4,6,0,5
157,0,157,1,2,3,3,1,4
158,1,79,1,4,2,2,1,11
159,0,159,0,4,5,5,3,6
160,5,5,2,0,5,5,5,5
161,0,161,2,1,0,7,5,8
162,1,81,0,1,4,4,3,13
163,0,163,1,3,2,9,7,10
164,2,41,2,1,6,8,2,7
165,0,165,0,0,4,0,9,12
166,1,83,2,3,6,6,5,15
167,0,167,2,2,6,2,11,14
168,3,21,0,1,0,10,8,4
169,0,169,1,4,1,4,0,16
170,1,85,1,0,1,8,7,0
171,0,171,0,1,3,6,2,1
172,2,43,1,3,1,10,4,9
173,0,173,2,3,5,8,4,3
174,1,87,0,2,3,10,9,2
175,0,175,1,0,0,10,6,5
176,4,11,2,1,4,0,11,11
177,0,177,0,2,2,1,8,7
178,1,89,2,4,5,1,11,4
179,0,179,2,4,4,3,10,9
180,2,45,0,0,3,1,6,11
181,0,181,1,1,6,5,12,11
182,1,91,1,1,0,3,0,6
183,0,183,0,3,1,7,1,13
184,3,23,2,3,2,1,10,6
185,0,185,2,0,3,9,3,15
186,1,93,0,3,2,5,2,8
187,0,187,1,2,5,0,5,0
188,2,47,2,2,5,3,8,13
189,0,189,0,4,0,2,7,2
190,1,95,2,0,4,7,4,10
191,0,191,2,1,2,4,9,4
192,6,3,0,3,3,3,3,3
193,0,193,1,3,4,6,11,6
194,1,97,1,2,6,9,6,12
195,0,195,0,0,6,8,0,8
196,2,49,1,4,0,5,10,15
197,0,197,2,2,1,10,2,10
198,1,99,0,4,1,0,8,14
199,0,199,1,4,3,1,4,12
200,3,25,1,0,4,3,12,8
201,0,201,0,1,5,3,6,14
202,1,101,2,1,3,2,10,16
203,0,203,2,3,0,5,8,16
204,2,51,0,1,2,7,12,0
205,0,205,1,0,2,7,10,1
206,1,103,1,3,5,4,12,1
207,0,207,0,2,4,9,12,3
208,4,13,1,3,6,2,0,13
209,0,209,2,4,6,0,1,5
210,1,105,0,0,0,6,1,3
211,0,211,1,1,1,2,3,7
212,2,53,2,3,4,9,1,2
213,0,213,0,3,3,4,5,9
214,1,107,2,2,2,8,3,5
215,0,215,2,0,5,6,7,11
216,3,27,0,2,6,5,1,10
217,0,217,1,2,0,8,9,13
218,1,109,1,4,4,10,5,7
219,0,219,0,4,2,10,11,15
220,2,55,1,0,6,0,3,4
221,0,221,2,1,4,1,0,0
222,1,111,0,1,6,1,7,9
223,0,223,1,3,6,3,2,2
224,5,7,1,2,0,7,7,7
225,0,225,0,0,1,5,4,4
226,1,113,2,3,1,3,9,11
227,0,227,2,2,3,7,6,6
228,2,57,0,2,1,2,5,6
229,0,229,1,4,5,9,8,8
230,1,115,1,0,3,5,11,13
231,0,231,0,1,0,0,10,10
232,3,29,2,4,1,7,3,12
233,0,233,2,3,2,2,12,12
234,1,117,0,2,5,7,0,15
235,0,235,1,0,4,4,1,14
236,2,59,2,4,3,4,7,8
237,0,237,0,2,6,6,3,16
238,1,119,2,4,0,9,2,0
239,0,239,2,4,1,8,5,1
240,4,15,0,0,1,4,2,15
241,0,241,1,1,3,10,7,3
242,1,121,1,1,2,0,4,2
243,0,243,0,3,5,1,9,5
244,2,61,1,1,5,6,9,10
245,0,245,2,0,0,3,11,7
246,1,123,0,3,4,2,6,4
247,0,247,1,2,2,5,0,9
248,3,31,1,1,3,9,5,14
249,0,249,0,4,4,7,2,11
250,1,125,2,0,6,4,8,6
251,0,251,2,1,6,9,4,13
252,2,63,0,3,0,8,11,12
253,0,253,1,3,1,0,6,15
254,1,127,1,2,1,6,10,8
255,0,255,0,0,3,2,8,0
256,8,1,1,1,1,1,1,1
257,0,257,2,2,5,4,10,2
258,1,129,0,4,3,8,12,10
259,0,259,1,4,0,6,12,4
260,2,65,2,0,2,10,0,14
261,0,261,0,1,2,8,1,6
262,1,131,2,1,5,10,1,12
263,0,263,2,3,4,10,3,8
264,3,33,0,3,5,0,7,16
265,0,265,1,0,6,1,5,10
266,1,133,1,3,0,1,3,14
267,0,267,0,2,1,3,7,12
268,2,67,1,2,4,1,2,16
269,0,269,2,4,3,5,9,14
270,1,135,0,0,2,3,5,16
271,0,271,1,1,5,7,11,16
272,4,17,2,2,3,6,4,0
273,0,273,0,3,0,9,0,1
274,1,137,2,2,4,5,7,1
275,0,275,2,0,2,0,2,3
276,2,69,0,4,6,3,4,1
277,0,277,1,2,4,2,4,5
278,1,139,1,4,6,7,9,3
279,0,279,0,4,6,4,6,7
280,3,35,2,0,0,2,9,1
281,0,281,2,1,1,6,8,9
282,1,141,0,1,1,9,11,5
283,0,283,1,3,3,8,10,11
284,2,71,2,1,1,5,6,3
285,0,285,0,0,5,10,12,13
286,1,143,2,3,3,0,0,7
287,0,287,2,2,0,1,1,15
288,5,9,0,4,2,9,9,9
289,0,289,1,4,2,3,3,0
290,1,145,1,0,5,2,2,9
291,0,291,0,1,4,5,5,2
292,2,73,1,3,3,7,8,5
293,0,293,2,3,6,7,7,4
294,1,147,0,2,0,4,4,11
295,0,295,1,0,1,9,9,6
296,3,37,1,2,2,4,11,3
297,0,297,0,2,3,0,11,8
298,1,149,2,4,2,6,6,13
299,0,299,2,4,5,2,0,10
300,2,75,0,0,5,9,10,7
301,0,301,1,1,0,4,2,12
302,1,151,1,1,4,8,8,15
303,0,303,0,3,2,6,4,14
304,4,19,1,4,5,8,6,2
305,0,305,2,0,4,8,6,16
306,1,153,0,3,6,10,10,0
307,0,307,1,2,6,10,8,1
308,2,77,2,2,0,0,12,9
309,0,309,0,4,1,1,10,3
310,1,155,2,0,1,1,12,2
311,0,311,2,1,3,3,12,5
312,3,39,0,4,4,6,0,5
313,0,313,1,3,5,5,1,7
314,1,157,1,2,3,3,1,4
315,0,315,0,0,0,7,3,9
316,2,79,1,4,2,2,1,11
317,0,317,2,2,2,9,5,11
318,1,159,0,4,5,5,3,6
319,0,319,1,4,4,0,7,13
320,6,5,2,0,5,5,5,5
321,0,321,0,1,6,2,9,15
322,1,161,2,1,0,7,5,8
323,0,323,2,3,1,4,11,0
324,2,81,0,1,4,4,3,13
325,0,325,1,0,3,6,0,2
326,1,163,1,3,2,9,7,10
327,0,327,0,2,5,8,2,4
328,3,41,2,1,6,8,2,7
329,0,329,2,4,0,10,4,6
330,1,165,0,0,4,0,9,12
331,0,331,1,1,2,1,6,8
332,2,83,2,3,6,6,5,15
333,0,333,0,3,4,3,8,10
334,1,167,2,2,6,2,11,14
335,0,335,2,0,6,5,10,12
336,4,21,0,1,0,10,8,4
337,0,337,1,2,1,7,12,14
338,1,169,1,4,1,4,0,16
339,0,339,0,4,3,9,1,16
340,2,85,1,0,1,8,7,0
341,0,341,2,1,5,0,3,1
342,1,171,0,1,3,6,2,1
343,0,343,1,3,0,2,5,3
344,3,43,1,3,1,10,4,9
345,0,345,0,0,2,4,7,5
346,1,173,2,3,5,8,4,3
347,0,347,2,2,4,6,9,7
348,2,87,0,2,3,10,9,2
349,0,349,1,4,6,8,11,9
350,1,175,1,0,0,10,6,5
351,0,351,0,1,1,10,0,11
352,5,11,2,1,4,0,11,11
353,0,353,2,3,3,1,2,13
354,1,177,0,2,2,1,8,7
355,0,355,1,0,5,3,4,15
356,2,89,2,4,5,1,11,4
357,0,357,0,2,0,5,6,0
358,1,179,2,4,4,3,10,9
359,0,359,2,4,2,7,8,2
360,3,45,0,0,3,1,6,11
361,0,361,1,1,4,9,10,4
362,1,181,1,1,6,5,12,11
363,0,363,0,3,6,0,12,6
364,2,91,1,1,0,3,0,6
365,0,365,2,0,1,2,1,8
366,1,183,0,3,1,7,1,13
367,0,367,1,2,3,4,3,10
368,4,23,2,3,2,1,10,6
369,0,369,0,4,5,6,5,12
370,1,185,2,0,3,9,3,15
371,0,371,2,1,0,8,7,14
372,2,93,0,3,2,5,2,8
373,0,373,1,3,2,10,9,16
374,1,187,1,2,5,0,5,0
375,0,375,0,0,4,1,11,1
376,3,47,2,2,5,3,8,13
377,0,377,2,2,6,3,0,3
378,1,189,0,4,0,2,7,2
379,0,379,1,4,1,5,2,5
380,2,95,2,0,4,7,4,10
381,0,381,0,1,3,7,4,7
382,1,191,2,1,2,4,9,4
383,0,383,2,3,5,9,6,9
384,7,3,0,3,3,3,3,3
385,0,385,1,0,0,0,8,11
386,1,193,1,3,4,6,11,6
387,0,387,0,2,2,2,10,13
388,2,97,1,2,6,9,6,12
389,0,389,2,4,4,4,12,15
390,1,195,0,0,6,8,0,8
391,0,391,1,1,6,6,1,0
392,3,49,1,4,0,5,10,15
393,0,393,0,3,1,8,3,2
394,1,197,2,2,1,10,2,10
395,0,395,2,0,3,10,5,4
396,2,99,0,4,1,0,8,14
397,0,397,1,2,5,1,7,6
398,1,199,1,4,3,1,4,12
399,0,399,0,4,0,3,9,8
400,4,25,1,0,4,3,12,8
401,0,401,2,1,2,5,11,10
402,1,201,0,1,5,3,6,14
403,0,403,1,3,4,7,0,12
404,2,101,2,1,3,2,10,16
405,0,405,0,0,6,9,2,14
406,1,203,2,3,0,5,8,16
407,0,407,2,2,1,0,4,16
408,3,51,0,1,2,7,12,0
409,0,409,1,4,3,2,6,1
410,1,205,1,0,2,7,10,1
411,0,411,0,1,5,4,8,3
412,2,103,1,3,5,4,12,1
413,0,413,2,3,0,6,10,5
414,1,207,0,2,4,9,12,3
415,0,415,1,0,2,8,12,7
416,5,13,1,3,6,2,0,13
417,0,417,0,2,4,10,1,9
418,1,209,2,4,6,0,1,5
419,0,419,2,4,6,1,3,11
420,2,105,0,0,0,6,1,3
421,0,421,1,1,1,3,5,13
422,1,211,1,1,1,2,3,7
423,0,423,0,3,3,5,7,15
424,3,53,2,3,4,9,1,2
425,0,425,2,0,5,7,9,0
426,1,213,0,3,3,4,5,9
427,0,427,1,2,0,9,11,2
428,2,107,2,2,2,8,3,5
429,0,429,0,4,2,0,0,4
430,1,215,2,0,5,6,7,11
431,0,431,2,1,4,2,2,6
432,4,27,0,2,6,5,1,10
433,0,433,1,3,6,4,4,8
434,1,217,1,2,0,8,9,13
435,0,435,0,0,1,6,6,10
436,2,109,1,4,4,10,5,7
437,0,437,2,2,3,8,8,12
438,1,219,0,4,2,10,11,15
439,0,439,1,4,5,10,10,14
440,3,55,1,0,6,0,3,4
441,0,441,0,1,0,1,12,16
442,1,221,2,1,4,1,0,0
443,0,443,2,3,2,3,1,1
444,2,111,0,1,6,1,7,9
445,0,445,1,0,4,5,3,3
446,1,223,1,3,6,3,2,2
447,0,447,0,2,6,7,5,5
448,6,7,1,2,0,7,7,7
449,0,449,2,4,1,9,7,7
450,1,225,0,0,1,5,4,4
451,0,451,1,1,3,0,9,9
452,2,113,2,3,1,3,9,11
453,0,453,0,3,5,2,11,11
454,1,227,2,2,3,7,6,6
455,0,455,2,0,0,4,0,13
456,3,57,0,2,1,2,5,6
457,0,457,1,2,2,6,2,15
458,1,229,1,4,5,9,8,8
459,0,459,0,4,4,8,4,0
460,2,115,1,0,3,5,11,13
461,0,461,2,1,6,10,6,2
462,1,231,0,1,0,0,10,10
463,0,463,1,3,1,1,8,4
464,4,29,2,4,1,7,3,12
465,0,465,0,0,3,3,10,6
466,1,233,2,3,2,2,12,12
467,0,467,2,2,5,5,12,8
468,2,117,0,2,5,7,0,15
469,0,469,1,4,0,7,1,10
470,1,235,1,0,4,4,1,14
471,0,471,0,1,2,9,3,12
472,3,59,2,4,3,4,7,8
473,0,473,2,3,4,0,5,14
474,1,237,0,2,6,6,3,16
475,0,475,1,0,6,2,7,16
476,2,119,2,4,0,9,2,0
477,0,477,0,2,1,4,9,1
478,1,239,2,4,1,8,5,1
479,0,479,2,4,3,6,11,3
480,5,15,0,0,1,4,2,15
481,0,481,1,1,5,8,0,5
482,1,241,1,1,3,10,7,3
483,0,483,0,3,0,10,2,7
484,2,121,1,1,2,0,4,2
485,0,485,2,0,2,1,4,9
486,1,243,0,3,5,1,9,5
487,0,487,1,2,4,3,6,11
488,3,61,1,1,5,6,9,10
489,0,489,0,4,6,5,8,13
490,1,245,2,0,0,3,11,7
491,0,491,2,1,1,7,10,15
492,2,123,0,3,4,2,6,4
493,0,493,1,3,3,9,12,0
494,1,247,1,2,2,5,0,9
495,0,495,0,0,5,0,1,2
496,4,31,1,1,3,9,5,14
497,0,497,2,2,0,2,3,4
498,1,249,0,4,4,7,2,11
499,0,499,1,4,2,4,5,6
500,2,125,2,0,6,4,8,6
501,0,501,0,1,4,6,7,8
502,1,251,2,1,6,9,4,13
503,0,503,2,3,6,8,9,10
504,3,63,0,3,0,8,11,12
505,0,505,1,0,1,10,11,12
506,1,253,1,3,1,0,6,15
507,0,507,0,2,3,1,0,14
508,2,127,1,2,1,6,10,8
509,0,509,2,4,5,3,2,16
510,1,255,0,0,3,2,8,0
511,0,511,1,1,0,5,4,1
512,9,1,1,1,1,1,1,1
513,0,513,0,3,2,7,6,3
514,1,257,2,2,5,4,10,2
515,0,515,2,0,4,9,8,5
516,2,129,0,4,3,8,12,10
517,0,517,1,2,6,0,10,7
518,1,259,1,4,0,6,12,4
519,0,519,0,4,1,2,12,9
520,3,65,2,0,2,10,0,14
521,0,521,2,1,3,4,1,11
522,1,261,0,1,2,8,1,6
523,0,523,1,3,5,6,3,13
524,2,131,2,1,5,10,1,12
525,0,525,0,0,0,8,5,15
526,1,263,2,3,4,10,3,8
527,0,527,2,2,2,10,7,0
528,4,33,0,3,5,0,7,16
529,0,529,1,4,4,1,9,2
530,1,265,1,0,6,1,5,10
531,0,531,0,1,6,3,11,4
532,2,133,1,3,0,1,3,14
533,0,533,2,3,1,5,0,6
534,1,267,0,2,1,3,7,12
535,0,535,1,0,3,7,2,8
536,3,67,1,2,4,1,2,16
537,0,537,0,2,5,9,4,10
538,1,269,2,4,3,5,9,14
539,0,539,2,4,0,0,6,12
540,2,135,0,0,2,3,5,16
541,0,541,1,1,2,2,8,14
542,1,271,1,1,5,7,11,16
543,0,543,0,3,4,4,10,16
544,5,17,2,2,3,6,4,0
545,0,545,2,0,6,6,12,1
546,1,273,0,3,0,9,0,1
547,0,547,1,2,1,8,1,3
548,2,137,2,2,4,5,7,1
549,0,549,0,4,3,10,3,5
550,1,275,2,0,2,0,2,3
551,0,551,2,1,5,1,5,7
552,3,69,0,4,6,3,4,1
553,0,553,1,3,0,3,7,9
554,1,277,1,2,4,2,4,5
555,0,555,0,0,2,5,9,11
556,2,139,1,4,6,7,9,3
557,0,557,2,2,4,7,11,13
558,1,279,0,4,6,4,6,7
559,0,559,1,4,6,9,0,15
560,4,35,2,0,0,2,9,1
561,0,561,0,1,1,0,2,0
562,1,281,2,1,1,6,8,9
563,0,563,2,3,3,2,4,2
564,2,141,0,1,1,9,11,5
565,0,565,1,0,5,4,6,4
566,1,283,1,3,3,8,10,11
567,0,567,0,2,0,6,8,6
568,3,71,2,1,1,5,6,3
569,0,569,2,4,2,8,10,8
570,1,285,0,0,5,10,12,13
571,0,571,1,1,4,10,12,10
572,2,143,2,3,3,0,0,7
573,0,573,0,3,6,1,1,12
574,1,287,2,2,0,1,1,15
575,0,575,2,0,1,3,3,14
576,6,9,0,4,2,9,9,9
577,0,577,1,2,3,5,5,16
578,1,289,1,4,2,3,3,0
579,0,579,0,4,5,7,7,1
580,2,145,1,0,5,2,2,9
581,0,581,2,1,0,9,9,3
582,1,291,0,1,4,5,5,2
583,0,583,1,3,2,0,11,5
584,3,73,1,3,3,7,8,5
585,0,585,0,0,4,2,0,7
586,1,293,2,3,6,7,7,4
587,0,587,2,2,6,4,2,9
588,2,147,0,2,0,4,4,11
589,0,589,1,4,1,6,4,11
590,1,295,1,0,1,9,9,6
591,0,591,0,1,3,8,6,13
592,4,37,1,2,2,4,11,3
593,0,593,2,3,5,10,8,15
594,1,297,0,2,3,0,11,8
595,0,595,1,0,0,1,10,0
596,2,149,2,4,2,6,6,13
597,0,597,0,2,2,3,12,2
598,1,299,2,4,5,2,0,10
599,0,599,2,4,4,5,1,4
600,3,75,0,0,5,9,10,7
601,0,601,1,1,6,7,3,6
602,1,301,1,1,0,4,2,12
603,0,603,0,3,1,9,5,8
604,2,151,1,1,4,8,8,15
605,0,605,2,0,3,0,7,10
606,1,303,0,3,2,6,4,14
607,0,607,1,2,5,2,9,12
608,5,19,1,4,5,8,6,2
609,0,609,0,4,0,4,11,14
610,1,305,2,0,4,8,6,16
611,0,611,2,1,2,6,0,16
612,2,153,0,3,6,10,10,0
613,0,613,1,3,4,8,2,1
614,1,307,1,2,6,10,8,1
615,0,615,0,0,6,10,4,3
616,3,77,2,2,0,0,12,9
617,0,617,2,2,1,1,6,5
618,1,309,0,4,1,1,10,3
619,0,619,1,4,3,3,8,7
620,2,155,2,0,1,1,12,2
621,0,621,0,1,5,5,10,9
622,1,311,2,1,3,3,12,5
623,0,623,2,3,0,7,12,11
624,4,39,0,4,4,6,0,5
625,0,625,1,0,2,9,1,13
626,1,313,1,3,5,5,1,7
627,0,627,0,2,4,0,3,15
628,2,157,1,2,3,3,1,4
629,0,629,2,4,6,2,5,0
630,1,315,0,0,0,7,3,9
631,0,631,1,1,1,4,7,2
632,3,79,1,4,2,2,1,11
633,0,633,0,3,3,6,9,4
634,1,317,2,2,2,9,5,11
635,0,635,2,0,5,8,11,6
636,2,159,0,4,5,5,3,6
637,0,637,1,2,0,10,0,8
638,1,319,1,4,4,0,7,13
639,0,639,0,4,2,1,2,10
640,7,5,2,0,5,5,5,5
641,0,641,2,1,4,3,4,12
642,1,321,0,1,6,2,9,15
643,0,643,1,3,6,5,6,14
644,2,161,2,1,0,7,5,8
645,0,645,0,0,1,7,8,16
646,1,323,2,3,1,4,11,0
647,0,647,2,2,3,9,10,1
648,3,81,0,1,4,4,3,13
649,0,649,1,4,5,0,12,3
650,1,325,1,0,3,6,0,2
651,0,651,0,1,0,2,1,5
652,2,163,1,3,2,9,7,10
653,0,653,2,3,2,4,3,7
654,1,327,0,2,5,8,2,4
655,0,655,1,0,4,6,5,9
656,4,41,2,1,6,8,2,7
657,0,657,0,2,6,8,7,11
658,1,329,2,4,0,10,4,6
659,0,659,2,4,1,10,9,13
660,2,165,0,0,4,0,9,12
661,0,661,1,1,3,1,11,15
662,1,331,1,1,2,1,6,8
663,0,663,0,3,5,3,0,0
664,3,83,2,3,6,6,5,15
665,0,665,2,0,0,5,2,2
666,1,333,0,3,4,3,8,10
667,0,667,1,2,2,7,4,4
668,2,167,2,2,6,2,11,14
669,0,669,0,4,4,9,6,6
670,1,335,2,0,6,5,10,12
671,0,671,2,1,6,0,8,8
672,5,21,0,1,0,10,8,4
673,0,673,1,3,1,2,10,10
674,1,337,1,2,1,7,12,14
675,0,675,0,0,3,4,12,12
676,2,169,1,4,1,4,0,16
677,0,677,2,2,5,6,1,14
678,1,339,0,4,3,9,1,16
679,0,679,1,4,0,8,3,16
680,3,85,1,0,1,8,7,0
681,0,681,0,1,2,10,5,1
682,1,341,2,1,5,0,3,1
683,0,683,2,3,4,1,7,3
684,2,171,0,1,3,6,2,1
685,0,685,1,0,6,3,9,5
686,1,343,1,3,0,2,5,3
687,0,687,0,2,1,5,11,7
688,4,43,1,3,1,10,4,9
689,0,689,2,4,3,7,0,9
690,1,345,0,0,2,4,7,5
691,0,691,1,1,5,9,2,11
692,2,173,2,3,5,8,4,3
693,0,693,0,3,0,0,4,13
694,1,347,2,2,4,6,9,7
695,0,695,2,0,2,2,6,15
696,3,87,0,2,3,10,9,2
697,0,697,1,2,4,4,8,0
698,1,349,1,4,6,8,11,9
699,0,699,0,4,6,6,10,2
700,2,175,1,0,0,10,6,5
701,0,701,2,1,1,8,12,4
702,1,351,0,1,1,10,0,11
703,0,703,1,3,3,10,1,6
704,6,11,2,1,4,0,11,11
705,0,705,0,0,5,1,3,8
706,1,353,2,3,3,1,2,13
707,0,707,2,2,0,3,5,10
708,2,177,0,2,2,1,8,7
709,0,709,1,4,2,5,7,12
710,1,355,1,0,5,3,4,15
711,0,711,0,1,4,7,9,14
712,3,89,2,4,5,1,11,4
713,0,713,2,3,6,9,11,16
714,1,357,0,2,0,5,6,0
715,0,715,1,0,1,0,0,1
716,2,179,2,4,4,3,10,9
717,0,717,0,2,3,2,2,3
718,1,359,2,4,2,7,8,2
719,0,719,2,4,5,4,4,5
720,4,45,0,0,3,1,6,11
721,0,721,1,1,0,6,6,7
722,1,361,1,1,4,9,10,4
723,0,723,0,3,2,8,8,9
724,2,181,1,1,6,5,12,11
725,0,725,2,0,4,10,10,11
726,1,363,0,3,6,0,12,6
727,0,727,1,2,6,1,12,13
728,3,91,1,1,0,3,0,6
729,0,729,0,4,1,3,1,15
730,1,365,2,0,1,2,1,8
731,0,731,2,1,3,5,3,0
732,2,183,0,3,1,7,1,13
733,0,733,1,3,5,7,5,2
734,1,367,1,2,3,4,3,10
735,0,735,0,0,0,9,7,4
736,5,23,2,3,2,1,10,6
737,0,737,2,2,2,0,9,6
738,1,369,0,4,5,6,5,12
739,0,739,1,4,4,2,11,8
740,2,185,2,0,3,9,3,15
741,0,741,0,1,6,4,0,10
742,1,371,2,1,0,8,7,14
743,0,743,2,3,1,6,2,12
744,3,93,0,3,2,5,2,8
745,0,745,1,0,3,8,4,14
746,1,373,1,3,2,10,9,16
747,0,747,0,2,5,10,6,16
748,2,187,1,2,5,0,5,0
749,0,749,2,4,0,1,8,1
750,1,375,0,0,4,1,11,1
751,0,751,1,1,2,3,10,3
752,4,47,2,2,5,3,8,13
753,0,753,0,3,4,5,12,5
754,1,377,2,2,6,3,0,3
755,0,755,2,0,6,7,1,7
756,2,189,0,4,0,2,7,2
757,0,757,1,2,1,9,3,9
758,1,379,1,4,1,5,2,5
759,0,759,0,4,3,0,5,11
760,3,95,2,0,4,7,4,10
761,0,761,2,1,5,2,7,13
762,1,381,0,1,3,7,4,7
763,0,763,1,3,0,4,9,15
764,2,191,2,1,2,4,9,4
765,0,765,0,0,2,6,11,0
766,1,383,2,3,5,9,6,9
767,0,767,2,2,4,8,0,2
768,8,3,0,3,3,3,3,3
769,0,769,1,4,6,10,2,4
770,1,385,1,0,0,0,8,11
771,0,771,0,1,1,1,4,6
772,2,193,1,3,4,6,11,6
773,0,773,2,3,3,3,6,8
774,1,387,0,2,2,2,10,13
775,0,775,1,0,5,5,8,10
776,3,97,1,2,6,9,6,12
777,0,777,0,2,0,7,10,12
778,1,389,2,4,4,4,12,15
779,0,779,2,4,2,9,12,14
780,2,195,0,0,6,8,0,8
781,0,781,1,1,4,0,1,16
782,1,391,1,1,6,6,1,0
783,0,783,0,3,6,2,3,1
784,4,49,1,4,0,5,10,15
785,0,785,2,0,1,4,5,3
786,1,393,0,3,1,8,3,2
787,0,787,1,2,3,6,7,5
788,2,197,2,2,1,10,2,10
789,0,789,0,4,5,8,9,7
790,1,395,2,0,3,10,5,4
791,0,791,2,1,0,10,11,9
792,3,99,0,4,1,0,8,14
793,0,793,1,3,2,1,0,11
794,1,397,1,2,5,1,7,6
795,0,795,0,0,4,3,2,13
796,2,199,1,4,3,1,4,12
797,0,797,2,2,6,5,4,15
798,1,399,0,4,0,3,9,8
799,0,799,1,4,1,7,6,0
800,5,25,1,0,4,3,12,8
801,0,801,0,1,3,9,8,2
802,1,401,2,1,2,5,11,10
803,0,803,2,3,5,0,10,4
804,2,201,0,1,5,3,6,14
805,0,805,1,0,0,2,12,6
806,1,403,1,3,4,7,0,12
807,0,807,0,2,2,4,1,8
808,3,101,2,1,3,2,10,16
809,0,809,2,4,4,6,3,10
810,1,405,0,0,6,9,2,14
811,0,811,1,1,6,8,5,12
812,2,203,2,3,0,5,8,16
813,0,813,0,3,1,10,7,14
814,1,407,2,2,1,0,4,16
815,0,815,2,0,3,1,9,16
816,4,51,0,1,2,7,12,0
817,0,817,1,2,5,3,11,1
818,1,409,1,4,3,2,6,1
819,0,819,0,4,0,5,0,3
820,2,205,1,0,2,7,10,1
821,0,821,2,1,2,7,2,5
822,1,411,0,1,5,4,8,3
823,0,823,1,3,4,9,4,7
824,3,103,1,3,5,4,12,1
825,0,825,0,0,6,0,6,9
826,1,413,2,3,0,6,10,5
827,0,827,2,2,1,2,8,11
828,2,207,0,2,4,9,12,3
829,0,829,1,4,3,4,10,13
830,1,415,1,0,2,8,12,7
831,0,831,0,1,5,6,12,15
832,6,13,1,3,6,2,0,13
833,0,833,2,3,0,8,1,0
834,1,417,0,2,4,10,1,9
835,0,835,1,0,2,10,3,2
836,2,209,2,4,6,0,1,5
837,0,837,0,2,4,1,5,4
838,1,419,2,4,6,1,3,11
839,0,839,2,4,6,3,7,6
840,3,105,0,0,0,6,1,3
841,0,841,1,1,1,5,9,8
842,1,421,1,1,1,3,5,13
843,0,843,0,3,3,7,11,10
844,2,211,1,1,1,2,3,7
845,0,845,2,0,5,9,0,12
846,1,423,0,3,3,5,7,15
847,0,847,1,2,0,0,2,14
848,4,53,2,3,4,9,1,2
849,0,849,0,4,2,2,4,16
850,1,425,2,0,5,7,9,0
851,0,851,2,1,4,4,6,1
852,2,213,0,3,3,4,5,9
853,0,853,1,3,6,6,8,3
854,1,427,1,2,0,9,11,2
855,0,855,0,0,1,8,10,5
856,3,107,2,2,2,8,3,5
857,0,857,2,2,3,10,12,7
858,1,429,0,4,2,0,0,4
859,0,859,1,4,5,1,1,9
860,2,215,2,0,5,6,7,11
861,0,861,0,1,0,3,3,11
862,1,431,2,1,4,2,2,6
863,0,863,2,3,2,5,5,13
864,5,27,0,2,6,5,1,10
865,0,865,1,0,4,7,7,15
866,1,433,1,3,6,4,4,8
867,0,867,0,2,6,9,9,0
868,2,217,1,2,0,8,9,13
869,0,869,2,4,1,0,11,2
870,1,435,0,0,1,6,6,10
871,0,871,1,1,3,2,0,4
872,3,109,1,4,4,10,5,7
873,0,873,0,3,5,4,2,6
874,1,437,2,2,3,8,8,12
875,0,875,2,0,0,6,4,8
876,2,219,0,4,2,10,11,15
877,0,877,1,2,2,8,6,10
878,1,439,1,4,5,10,10,14
879,0,879,0,4,4,10,8,12
880,4,55,1,0,6,0,3,4
881,0,881,2,1,6,1,10,14
882,1,441,0,1,0,1,12,16
883,0,883,1,3,1,3,12,16
884,2,221,2,1,4,1,0,0
885,0,885,0,0,3,5,1,1
886,1,443,2,3,2,3,1,1
887,0,887,2,2,5,7,3,3
888,3,111,0,1,6,1,7,9
889,0,889,1,4,0,9,5,5
890,1,445,1,0,4,5,3,3
891,0,891,0,1,2,0,7,7
892,2,223,1,3,6,3,2,2
893,0,893,2,3,4,2,9,9
894,1,447,0,2,6,7,5,5
895,0,895,1,0,6,4,11,11
896,7,7,1,2,0,7,7,7
897,0,897,0,2,1,6,0,13
898,1,449,2,4,1,9,7,7
899,0,899,2,4,3,8,2,15
900,2,225,0,0,1,5,4,4
901,0,901,1,1,5,10,4,0
902,1,451,1,1,3,0,9,9
903,0,903,0,3,0,1,6,2
904,3,113,2,3,1,3,9,11
905,0,905,2,0,2,3,8,4
906,1,453,0,3,5,2,11,11
907,0,907,1,2,4,5,10,6
908,2,227,2,2,3,7,6,6
909,0,909,0,4,6,7,12,8
910,1,455,2,0,0,4,0,13
911,0,911,2,1,1,9,1,10
912,4,57,0,2,1,2,5,6
913,0,913,1,3,3,0,3,12
914,1,457,1,2,2,6,2,15
915,0,915,0,0,5,2,5,14
916,2,229,1,4,5,9,8,8
917,0,917,2,2,0,4,7,16
918,1,459,0,4,4,8,4,0
919,0,919,1,4,2,6,9,1
920,3,115,1,0,3,5,11,13
921,0,921,0,1,4,8,11,3
922,1,461,2,1,6,10,6,2
923,0,923,2,3,6,10,0,5
924,2,231,0,1,0,0,10,10
925,0,925,1,0,1,1,2,7
926,1,463,1,3,1,1,8,4
927,0,927,0,2,3,3,4,9
928,5,29,2,4,1,7,3,12
929,0,929,2,4,5,5,6,11
930,1,465,0,0,3,3,10,6
931,0,931,1,1,0,7,8,13
932,2,233,2,3,2,2,12,12
933,0,933,0,3,2,9,10,15
934,1,467,2,2,5,5,12,8
935,0,935,2,0,4,0,12,0
936,3,117,0,2,5,7,0,15
937,0,937,1,2,6,2,1,2
938,1,469,1,4,0,7,1,10
939,0,939,0,4,1,4,3,4
940,2,235,1,0,4,4,1,14
941,0,941,2,1,3,6,5,6
942,1,471,0,1,2,9,3,12
943,0,943,1,3,5,8,7,8
944,4,59,2,4,3,4,7,8
945,0,945,0,0,0,10,9,10
946,1,473,2,3,4,0,5,14
947,0,947,2,2,2,1,11,12
948,2,237,0,2,6,6,3,16
949,0,949,1,4,4,3,0,14
950,1,475,1,0,6,2,7,16
951,0,951,0,1,6,5,2,16
952,3,119,2,4,0,9,2,0
953,0,953,2,3,1,7,4,1
954,1,477,0,2,1,4,9,1
955,0,955,1,0,3,9,6,3
956,2,239,2,4,1,8,5,1
957,0,957,0,2,5,0,8,5
958,1,479,2,4,3,6,11,3
959,0,959,2,4,0,2,10,7
960,6,15,0,0,1,4,2,15
961,0,961,1,1,2,4,12,9
962,1,481,1,1,5,8,0,5
963,0,963,0,3,4,6,1,11
964,2,241,1,1,3,10,7,3
965,0,965,2,0,6,8,3,13
966,1,483,0,3,0,10,2,7
967,0,967,1,2,1,10,5,15
968,3,121,1,1,2,0,4,2
969,0,969,0,4,3,1,7,0
970,1,485,2,0,2,1,4,9
971,0,971,2,1,5,3,9,2
972,2,243,0,3,5,1,9,5
973,0,973,1,3,0,5,11,4
974,1,487,1,2,4,3,6,11
975,0,975,0,0,2,7,0,6
976,4,61,1,1,5,6,9,10
977,0,977,2,2,4,9,2,8
978,1,489,0,4,6,5,8,13
979,0,979,1,4,6,0,4,10
980,2,245,2,0,0,3,11,7
981,0,981,0,1,1,2,6,12
982,1,491,2,1,1,7,10,15
983,0,983,2,3,3,4,8,14
984,3,123,0,3,4,2,6,4
985,0,985,1,0,5,6,10,16
986,1,493,1,3,3,9,12,0
987,0,987,0,2,0,8,12,1
988,2,247,1,2,2,5,0,9
989,0,989,2,4,2,10,1,3
990,1,495,0,0,5,0,1,2
991,0,991,1,1,4,1,3,5
992,5,31,1,1,3,9,5,14
993,0,993,0,3,6,3,5,7
994,1,497,2,2,0,2,3,4
995,0,995,2,0,1,5,7,9
996,2,249,0,4,4,7,2,11
997,0,997,1,2,3,7,9,11
998,1,499,1,4,2,4,5,6
999,0,999,0,4,5,9,11,13
1000,3,125,2,0,6,4,8,6
