1100000000000000000000000000000000000000000000000000000000000000000000000000000000000000000000000000000000000000000000000000000000000000000000000000000000000000000000000000000000000000000000000000000011
10010000000000000000000000000000000000000000000000000000000000000000000000000000000000000000000000000000000000000000000000000000000000000000000000000000000000000000000000000000000000000000000000000000101
11011000000000000000000000000000000000000000000000000000000000000000000000000000000000000000000000000000000000000000000000000000000000000000000000000000000000000000000000000000000000000000000000000001
10100010000000000000000000000000000000000000000000000000000000000000000000000000000000000000000000000000000000000000000000000000000000000000000000000000000000000000000000000000000000000000000000000001
1111001100000000000000000000000000000000000000000000000000000000000000000000000000000000000000000000000000000000000000000000000000000000000000000000000000000000000000000000000000000000000000000000001
1011011001000000000000000000000000000000000000000000000000000000000000000000000000000000000000000000000000000000000000000000000000000000000000000000000000000000000000000000000000000000000000000000001
1000100010110000000000000000000000000000000000000000000000000000000000000000000000000000000000000000000000000000000000000000000000000000000000000000000000000000000000000000000000000000000000000000001
110011010000100000000000000000000000000000000000000000000000000000000000000000000000000000000000000000000000000000000000000000000000000000000000000000000000000000000000000000000000000000000000000001
100110011100011000000000000000000000000000000000000000000000000000000000000000000000000000000000000000000000000000000000000000000000000000000000000000000000000000000000000000000000000000000000000001
11100110101010010000000000000000000000000000000000000000000000000000000000000000000000000000000000000000000000000000000000000000000000000000000000000000000000000000000000000000000000000000000000001
10101100111111101100000000000000000000000000000000000000000000000000000000000000000000000000000000000000000000000000000000000000000000000000000000000000000000000000000000000000000000000000000000001
10000001101111110001000000000000000000000000000000000000000000000000000000000000000000000000000000000000000000000000000000000000000000000000000000000000000000000000000000000000000000000000000000001
1100001010011110100110000000000000000000000000000000000000000000000000000000000000000000000000000000000000000000000000000000000000000000000000000000000000000000000000000000000000000000000000000001
1001000111110110111100100000000000000000000000000000000000000000000000000000000000000000000000000000000000000000000000000000000000000000000000000000000000000000000000000000000000000000000000000001
110110101111001001101011000000000000000000000000000000000000000000000000000000000000000000000000000000000000000000000000000000000000000000000000000000000000000000000000000000000000000000000000001
101001000011010111010000010000000000000000000000000000000000000000000000000000000000000000000000000000000000000000000000000000000000000000000000000000000000000000000000000000000000000000000000001
11110110010100001011100001100000000000000000000000000000000000000000000000000000000000000000000000000000000000000000000000000000000000000000000000000000000000000000000000000000000000000000000001
10111000101111001000101001001000000000000000000000000000000000000000000000000000000000000000000000000000000000000000000000000000000000000000000000000000000000000000000000000000000000000000000001
10001010100011010110011110110110000000000000000000000000000000000000000000000000000000000000000000000000000000000000000000000000000000000000000000000000000000000000000000000000000000000000000001
1100111111010100000110111001000100000000000000000000000000000000000000000000000000000000000000000000000000000000000000000000000000000000000000000000000000000000000000000000000000000000000000001
1001101111011111000101001010110011000000000000000000000000000000000000000000000000000000000000000000000000000000000000000000000000000000000000000000000000000000000000000000000000000000000000001
111010011100111010011111000000110010000000000000000000000000000000000000000000000000000000000000000000000000000000000000000000000000000000000000000000000000000000000000000000000000000000000001
101011110101101011110111010000100101100000000000000000000000000000000000000000000000000000000000000000000000000000000000000000000000000000000000000000000000000000000000000000000000000000000001
100000111000010000111001011100011100001000000000000000000000000000000000000000000000000000000000000000000000000000000000000000000000000000000000000000000000000000000000000000000000000000000001
11000101010001100101011000101010101000110000000000000000000000000000000000000000000000000000000000000000000000000000000000000000000000000000000000000000000000000000000000000000000000000000001
10010011111101001100000010011111111110100100000000000000000000000000000000000000000000000000000000000000000000000000000000000000000000000000000000000000000000000000000000000000000000000000001
1101110111101111001000001110111111110111011000000000000000000000000000000000000000000000000000000000000000000000000000000000000000000000000000000000000000000000000000000000000000000000000001
1010011001110011010110001011001111111001100010000000000000000000000000000000000000000000000000000000000000000000000000000000000000000000000000000000000000000000000000000000000000000000000001
111110011010110100000101000011011111011001001100000000000000000000000000000000000000000000000000000000000000000000000000000000000000000000000000000000000000000000000000000000000000000000001
101110110100000111000011110010100111100010111001000000000000000000000000000000000000000000000000000000000000000000000000000000000000000000000000000000000000000000000000000000000000000000001
100011000111000101010010110101111101101010001010110000000000000000000000000000000000000000000000000000000000000000000000000000000000000000000000000000000000000000000000000000000000000000001
11010010101010011111110001000011110001111101000000100000000000000000000000000000000000000000000000000000000000000000000000000000000000000000000000000000000000000000000000000000000000000001
10011101111111110111110100110010110101011101110000011000000000000000000000000000000000000000000000000000000000000000000000000000000000000000000000000000000000000000000000000000000000000001
1110110011111111001110111100110001000000110010100010010000000000000000000000000000000000000000000000000000000000000000000000000000000000000000000000000000000000000000000000000000000000001
1011000110111111011011001101100100110000100101111001101100000000000000000000000000000000000000000000000000000000000000000000000000000000000000000000000000000000000000000000000000000000001
1000010101001111100100011010001011100100011100011011010001000000000000000000000000000000000000000000000000000000000000000000000000000000000000000000000000000000000000000000000000000000001
110001111111011101011010011101000101011010101010100011100110000000000000000000000000000000000000000000000000000000000000000000000000000000000000000000000000000000000000000000000000000001
100101011111100110000011110101110100000011111111111010101100100000000000000000000000000000000000000000000000000000000000000000000000000000000000000000000000000000000000000000000000000001
11100000111101100100010111000010111000010111111111100000001011000000000000000000000000000000000000000000000000000000000000000000000000000000000000000000000000000000000000000000000000001
10101000101110001011010001010010001010010001111111101000001000010000000000000000000000000000000000000000000000000000000000000000000000000000000000000000000000000000000000000000000000001
1111110100010101000011100111101100111101101011111101110000110001100000000000000000000000000000000000000000000000000000000000000000000000000000000000000000000000000000000000000000000001
1011110111001111110010101101110001101110010000111110010100100101001000000000000000000000000000000000000000000000000000000000000000000000000000000000000000000000000000000000000000000001
1000111001011011110110000010010101010010101100101110101111011011110110000000000000000000000000000000000000000000000000000000000000000000000000000000000000000000000000000000000000000001
110101011000100111000100001101111111110000001100011000011100100111000100000000000000000000000000000000000000000000000000000000000000000000000000000000000000000000000000000000000000001
101000000010011101010011001010011111110100001001010010010101011101010011000000000000000000000000000000000000000000000000000000000000000000000000000000000000000000000000000000000000001
11110000001110101111110010111110111110111000110111101110000000101111110010000000000000000000000000000000000000000000000000000000000000000000000000000000000000000000000000000000000001
10110100001011000011110110001111001111001010101001110010100000100011110101100000000000000000000000000000000000000000000000000000000000000000000000000000000000000000000000000000000001
10000111001000010010111000101011011011010111111111010101111000011010111000001000000000000000000000000000000000000000000000000000000000000000000000000000000000000000000000000000000001
1100101010110001110001010100000100100100001111111100000011010010100001010000110000000000000000000000000000000000000000000000000000000000000000000000000000000000000000000000000000001
1001100000000101010100111111000011011011001011111101000010011101111000111100100100000000000000000000000000000000000000000000000000000000000000000000000000000000000000000000000000001
111001000000011111111101111010010100100011000111101110001110110011010101101011011000000000000000000000000000000000000000000000000000000000000000000000000000000000000000000000000001
101010110000010111111110011011101111011010010101110010101011000110100000010000100010000000000000000000000000000000000000000000000000000000000000000000000000000000000000000000000001
100000000100010001111110110100110011100011110000010110000000010100111000001100011001100000000000000000000000000000000000000000000000000000000000000000000000000000000000000000000001
11000000011001101011111000111100110101010110100010000100000001111101010001001010011001000000000000000000000000000000000000000000000000000000000000000000000000000000000000000000001
10010000010011010000111010101101101000000000111001100011000001011101111100110111110010110000000000000000000000000000000000000000000000000000000000000000000000000000000000000000001
1101100001110011100101100000010001110000000101011001010010001000110011101101001110110000100000000000000000000000000000000000000000000000000000000000000000000000000000000000000001
1010001001010110101100001000001101010100000100000010111101100110100110110001111011000100011000000000000000000000000000000000000000000000000000000000000000000000000000000000000001
111100111000001000001000110001001111111000011000010001110001100111101000101011100010011010010000000000000000000000000000000000000000000000000000000000000000000000000000000000001
101101101010000110000110100100111011111010010010001101010101001101101110100000101001110011101100000000000000000000000000000000000000000000000000000000000000000000000000000000001
100010001111100100100100111011101100111011101101101001111111111010010010111000011111010110110001000000000000000000000000000000000000000000000000000000000000000000000000000000001
11001101011101011011011101100110001101100110010001111011111111011101110001010010111100001000100110000000000000000000000000000000000000000000000000000000000000000000000000000001
10011010000110000100100110001100101010001100101101011100111111100110010100111110001101000110011100100000000000000000000000000000000000000000000000000000000000000000000000000001
1110011100100100011011100101001011111101001100010000101101111101100101111101110101001110100110101011000000000000000000000000000000000000000000000000000000000000000000000000001
1010110101011011010100101011111000111101111001001100100010011110001100011110010111111010111101000000010000000000000000000000000000000000000000000000000000000000000000000000001
1000001000000100011111100000111010101110011010111001011001110110101001010110110001111100001101110000001100000000000000000000000000000000000000000000000000000000000000000000001
110000110000011010111101000101100000010110100001011000011011000111111000001000101011101001010010100001001000000000000000000000000000000000000000000000000000000000000000000001
100100100100010100001101110100001000010000111001000010010100010101111010000110100000101110111101111000110110000000000000000000000000000000000000000000000000000000000000000001
11011011011001111001010010111000110001100101010110001101111010000011011100100111000100011001110011010101000100000000000000000000000000000000000000000000000000000000000000001
10100100100011011010111110001010100101001100000000101010011011100010100101011101010011010011010110011111110011000000000000000000000000000000000000000000000000000000000000001
1111011011010100100001110100111111011111001000000011111110100101001111100000101111110011110100000110111110110010000000000000000000000000000000000000000000000000000000000001
1011100100011111011001010111101111100111010110000010111110111011111011101000100011110110110111000101001111000101100000000000000000000000000000000000000000000000000000000001
1000101011010111100011000001110011101101100000100010001111001100111100101110011010111001001001010011111011010100001000000000000000000000000000000000000000000000000000000001
110100000100001101010010001010110110010001000011001101011011001101101100010110100001010110110111110111100011111000110000000000000000000000000000000000000000000000000000001
100111000011001001111101101000001000101100110010011010000100011010010001010000111001000001001001111001101010111010100100000000000000000000000000000000000000000000000000001
11101010010010111011110001110000110100001100101110011100011010011101100111100101010110000110111011011010000001011111011000000000000000000000000000000000000000000000000001
10101111101110001100110101010100100111001001100010110101010011110110001101101100000000100101001100100011100001000111100010000000000000000000000000000000000000000000000001
10000011110010101001100111111111011101010111001010000111111110111000101010010001000000011011111001011010101000110101101001100000000000000000000000000000000000000000000001
1100010110101111111001101111111100110000001010111100101111111001010011111101100110000010100111011000011111110101000001111001000000000000000000000000000000000000000000001
1001010001000011111011010011111101100100001000001101100011111010111110111110001100100001111101100010010111110111110001011010110000000000000000000000000000000000000000001
110111100110010111100011110111110001011000110001010001010111100001111001110101001011001011110001001110001111001110101000100000100000000000000000000000000000000000000001
101001101100110001101010111001110101000010100100111101000001101001011011010111111000011000110100111010101011011010111110011000011000000000000000000000000000000000000001
11111010001100101010000001011010111110001111011101101110001001111000100100001111010010010100111101100000000100100001110110010010010000000000000000000000000000000000001
10111011101001011111100001000100001110101011100110010010100111011010011011001011011101101111101110001000000011011001011000101101101100000000000000000000000000000000001
10001100101111000111101000110011001011000000101100101101111101100011110100011000100110010011110010100110000010100011000010100010010001000000000000000000000000000000001
1101001100011010101101110100110011000010000100001100010011110001010110111010010011100101110110101111100100001111010010001111001101100110000000000000000000000000000001
1001111001010100000010010111100110010001100011001001001110110101000001001011101110101100011001000011101011001011011101101011011010001100100000000000000000000000000001
111011010111111000001110001101100101101001010010110111011000111110000111000110011000001010010110010110000011000100110010000100011101001011000000000000000000000000001
101100100001111010001010101010001100001110111110001001100010101110100101010100110010000111110000110000100010010011100101100011010101111000010000000000000000000000001
100001011001011011100111111111101001001011001110100111001010000010111011111111100101100101110100100100011001101110101100001010100000011010001100000000000000000000001
11001000011000100101101111111101110111000011010111101010111100010001100111111101100001100010111011011010011010011000001000111111000010011101001000000000000000000001
10010110010010011100010011111110011001010010100001110000001101001101001101111110001001001010001100100011110011110010000110101111010001110101110110000000000000000001
1110000101101110101001110111110110010111101111001010100001001111001111010011110100110110111101001011010110110110101100101000011011101011000011000100000000000000001
1010100100010010111111011001111000110001110011010111111000111011011011011110110111101001001101111000100001001001000001011110010100110000010010010011000000000000001
111111011001110001111100011011010100101010110100001111010101100100100100111001001101110111010011010011000110110110001000110101111100100001101101110010000000000001
101111100011010101011101010100011111100000000111001011100000001011011011101010111010011001011110011110010101001000100110101000011101011001010010010101100000000001
100011101010100000000101111111010111101000000101011000101000001000100100110000001011110011000110110110101111110110011100111110010110000010111101110000001000000001
11010101111111000000100011111100001101110000100000010011110000110011011100100001000110110010101001001000011111000110101101110110000100010001110010100000110000001
10100000011111010000011010111101001010010100011000001110110100100110100101011000110101000101111110110110010111010101000010011000100011001101010101111000100100001
1111000010111011100010100001101110111101111010010001011000111011100111100000010100111110100011111001000110001011111110001110010011010011010000000011010011011001
1011010010001100101001111001010011001110011011101101000010101100101101101000001111101110111010111010110100101000111110101010101110011110011100000010011110100011
10000111011010010111110110101111100110101101001100011100100000011000100011100010111100110011000011000001110111101011110000000000101101101101010000011101101110101
1100101100011110001111001000011101101000001111001010101011000010010011010101010001101100110010010010001011001110000110100000000100010010001111100010110010011
10011000010101101010110101100101100011100010110110000000000100011011100111111111010100011001011011011010000110101001001110000000110011011010111010100001011101
111001001000001000000100000110000101010101000100010000000001101010010110111111101111101001100010010001110010011111011101010000010011010010000101111100100011
1010101101100001100000110001001000111111111100110011000000010011111100010011111100111011110010011011010101011101111001011111000011100111011001000111010110101
1000000010001001001000100100110110101111111101100110010000001110111101001110111101101100110101110100100000000110011011000111010010101101100010110101100001
110000001100110110110011011101001000011111110001100101100001011001101111011001110010001101000010111011000000100110100010101011110000010001010001000001001
100100001001101001000110100101110110010111110101001100001001000011010011100011010101101001110010001100010000011100111010000000110100001100111100110000111
110110001110011101101001111000110001100011101111110010001101100100111101010101000000011110101011010010011000101011010111000001001110010011011011001001011
1010001010101101100011110110101001010010101100111101011010100010111011011111111100000101110000000111011100101000001000010100001110101011101001000101110001
111101000000010001010111000111110111110000001101110000011111010001100100111111101000100010100000101100101011110000110001111001011000000101110110100010101
10110111000000110100000101010111100111010000101001010001011101110100101110111110111001100111100010000110000011010010010101101100001000010001100011101
1000100101000010011100010000000110110101110001111011110100011001011110001100111100101100110110100110010010001001110111000001000100011000110100101011
1100110111100011101010011000001010010000101010111001101110100110001101010011011011000011010001111001011011001110110010100001100110100101001111000001
1001101001101010101111110010000111101100100000001011010010111100101001111110100100010010011101011011000100011011000101111001001100111011111011010001
111001111010000000011110101100101110001011000001000011110001101011111011110111011001101110110000100010011010100010100011010111001101100111100011101
10101101101110000001011100000110001010100001000011001011010101000011110011100110001101001100010001100111001111100111101010000101101000110110101011
100000100100101000010001010001001001111110001100100110000111111100101101101011001010011110010011010011010110111011011011111001000011101010010000001
11000011011011110001100111100110111011110101001011100100101111101100010010000010111110110101110011110100001001100100100111010110010101111101100001
10010010100100110101001101101101001100110111111000101011100011110001001101100010001111001000010110110111000111001011011101100000110000011110001001
1101101111011100111111010010001111001101001111010100000101010110100111010001001101011010110010001001001010101011000100110001000100100010110100111
10100100111001011011110111011010110110011110110111110001000000001111010111001110100001000001011001101110000000000100111001001100110110100001111011
11110111010110001001110011001000010001101110010011101001100000010111000010110101110001100010000110100101000000000111010101110011010001110010111001
10111001100000100111010110010110001101010010101110101111001000010001010010001000010101001001100100111011110000000101100000010110011101010110001011
100010110010000111011000001100001010011111100000110000110101100011001111011001100011111101110010111011001101000001000010000100001101100000001010001
11010000101100101100010001001000111110111101000100100101000001010011011100011001010111110010110001100011001110000110001100011001010001000000111101
1001110010000110000100110011011010111100110111001101101111000011111010010101001100000111011000010100101001101010010010100101001011110011000010111
1110101011001001000111001101001000011011010010110100100110100101110111011111110010001011000100011110111110011111011011110111110001101100100100011
10110000000101101101010110011101100101000111100001110111001111000110011001111101011010000100110101110011101101111001001110011101010100010110110101
10000100000100010010000000110110001011110101101001011001011011010100110011011110000011100011101000010110110010011010111010110101111111010001001
1100011000011001101100000101000101000111000001111000011000100011111100110100110100010101010101110010001000101110100001100001000011111011100111
10010100100100110100010000111100111101010100010110100100100110101111011001111001110100000000000101011001101000101110010010001100101111001011011
11011110110111001110011001011011011011111110100001110110111010000111000110110110101110000000001000000110011101000101011011010011000110110001001
10100111001001011010110011000100100100111110111001011001001011100101010101001001000010100000000110000100110101110100000100011110010101000100111
11111010101110001000001100100110110111011110010110000101110001010111111111101101100011110000001001000111010000101110000110101101011111100111011
101111000000101001100010010111010010011001101100001001000101010000011111111100100010101101000001101101010111001000101001010000100001111011011001
100011010000011111001001110001011101110011010001000110110011111100010111111101011010000001110001010010000001010110011110111100011001011100100011
110100111000101110101110101010001100101100111001101010001101111010100011111100000111000010101001111011000010000001101110011010100110001010110101
100111101010100011000010111111101001100001101011001111101010011011111010111101000101010001111111011100010001100001010010110011111100101000001
11101101111111010010010001111101111001001010000011011101111110100111100001101110011111101011111100101001101001000111110000110111101011110001
10110010011111011101101101011110011010110111100010100110011110111101101001010010110111110000111101011111001110110101110100101001110000110101
10000101110111100110010010000110110100001001101001111100110111001110001110111110001001110100101110000111011011001000010111011111010100101
11001000110011011001011011001010001110001110011110111011010010110101010110011101001110101111000101001011001000101100100011001110111111
100101101001101000110001000101111010101010101101110011000111100010000000001101011110110000110100111110000101101000010110100110110011111
111000011110011101001001101000111000000000000100101100101011010011000000010100001110001001001111011101001000011100100001111010001101111
1010100101101101011101110011101010100000000000111000011000000111100100000011110010101001101110111001011101100101010110010110111010100111
1111111000100100001100101101011111110000000001010100100100001011010110000101101011111110100110010110001100011000000001100010010111111011
10111110100110110010011000100001111101000000001111110110110010001000001001000100001111101111001100001010010100100000010010011100011111001
10001110111101000101110010011001011101110000001011111001000101100110000110110011001011110011011001000111101111011000001101110101010111011
11010110011011101000101011100110001100101000010001110101101000011001001010001100110001101101000101101011100111000100010100110000000011001
10100000110100101110100000101100101001011110001101011000001110010010110111101001100101010001110100010000101101010011001111100100000010011
11110001001111000101110001000010111110001101010100000100010101011100010011011110010111111010101110011001000011111100110111010110000011101
1011010011101101010001010011001000111010100111111100001101000000010100111010011011000111110000001011001011001011110110100110000010001011
10000111101100011111001111100101101010111111011111010010011100000011111010111101000101011101000010000110000110001110001111001000011010001
1100101110001010111011011101100010000001111100111011101110101000010111100001101110100000101110001100100100100101010101011010110010011101
100110001010100000110010011000100110000101110110110011001011111001000110100101001011100010001010100101101101110000000000010000010111011
111001001111110001001011100100111001001000110010001100110001110101101001110111110001010011001111111000100100101000000000011000100011001
101010111011110100111000101011101010110110100101101001100101011000001111011001110100111110011011111010011011011110000000010010011010011
1000000011001101111010101000001100000010001111000011110011000000100010111000110101111011101101001110111101001001101000000011011100111101
11000001001101001101111111000100100000110101101001011011001000001101000101010100001110011000111101100110111011100111000001010010110111
100100001110011110100111110100110110001010000011110001000101100010011100111111110010101100101011100011010011001011010100001111100010011
110110010101101101111011101111010001001111000101101001101000010011101011011111101100000011000001010100111100110000111110010111010011101
10100011000001001001110011001101110011101101010000111100111000111011000010011111000100001001000011111110110110010010111011000101111011
11110100100001101110101100110100101101100011111001011011010101011000100011101110100110001101100101111110010001011100011000101000111001
10110111011001010011000001100111100010001010111011000100100000000010011010110010111100101010001100011110101101000101010010011110101011
100010011000101111100100010011011010011010000011000100110110000000011101000001100011010111111010010101110000011100111111011101110000001
11001110010100011101011001110100011110011100010010011101000100000010101110001001010100001111011110000010100010101101111100110010100001
10011010101111010110000011010111010110110101001101110101110011000010000010100110111111001011100110100001111010000010011101100101111001
1110100000011100000100010100001100001000111111010011000010110010001100001111101001111011000101100111001011011100001110110001100011011
10101110000101010000110011110010010001101011110111100100100001011010010010111011110111000101000011010110001001010010110001010010101001
10000010100011111100100110110101101101010000111001101011011001000011101110001100111001010011110010100000100110111110000100111101111111
11000011110101111010111010010000100011111001010110100001000101100101100101010011010101111101101011110000111010011101000111011100111111
100100101110000111000010111011000110101110110000001110001101000011000010111111101000000111100100001101001010111101011101011001011011111
110111000101001010100100011000101010000110001000010101010011100100100100011111011100001011010110010011110000011100001100000110001001111
1010010100111101111110110100100111111001001001100011111111101010110110110101111001010010001000001011101101000101010010010001001001110111
1111011111011100111110001110111011110101101110010101111111100000010010010000110101111011001100010001100011100111111011011001101110110011
10111001111001011011101010110011001110000100101100000111111010000011011011001010000111000110010011010010101011011111001000110100110001101
1000101101101100010011000000011001101010001110000100010111101110001010010001011110010101010010111001111000000010011101011010011110010101
11010001001000100111001000001001100111110101010001101000111001010011110110100011010111111111000101101101000000111011000001111011011
100111001101100111010101100001110011011101111111010011101010101111101110001110101000011111110101000100011100001011000100010111001001
11101011010001101100000001001010110100110011111011110110000000011110010101010111110010111110111110011010101001000010011010001010111
101100000111010100010000001110000001111001101111001110001000000101101100000000011101100011110011101100111111101100011100111010000011
1000010001010111110011000010101000010110110100110110101001100001000100010000000101100010101101101100011011111100010101011010111000101
1100011010000011101100100011111100100010001111010001111110010001100110011000001000010100000100100010101001111010100000001000010101
100101001110001011000101101011110101100110101101110101111010110100110011001000011000111100001101100111111101101111100000011001
11011111010101000010100010000111000001101000010011000011100000111100110010110010010101101001010001101111110010011101000010011
101001110111111100011110011001010100010011100011100100101010001011011001100001011100000011101111010100111101011101011100011101
1111101100111110101011011001011111100111010101010101101111110100010001100100100010100001011001101111110111000011000010101011
10111100011011110000001000110001111011011000000000000100111101110011010010110110011110010000110100111110010100100100100000001
10001101010100110100000110100101011100100010000000000011101110010110011110001000110110101100100111101110101111011011011000001
1101001111111100111000100111100000101011001100000000010110010110000110110100110101001000001011101110011000011100100100010001
1001111011111101101010011101101000100000011001000000010000110000100101000111100111110110001000110010110010010101011011001101
11101110011111000111111011000111001100001001011000000110010010001101111010110110111100010011010011000010111000000010001101
1011001011011101010111110001010101100100011100001000010010110110101001110000100100110100111001111001001000101000000110101
1000011000100110000001110101000000001011010101000110001110001000111111010100011011100111101011011010110110011110000101
1100100100111001000010101111100000010000111111101001010101001101011110111110101001011011100001001000010001101101001
1001011011101010110010000011101000001100101111101110111111111010000111001110111111000100101000110110001101010001111
1110001001100000001011000101011100010011000111100110011111110111001010110110011110100110111101010001010011111010111
10101001110010000010000101000001010011100101011011001101111110010110000010001101101111010011011111001111101111000011
11111110101011000011000111100001111101011000001000110100111101100001000011010100100110111101001110110111100110100101
101111110000000100100101011010010111100000100001101001111011100010001100100111110111010011011110110010011011001111
1000111101000000110111000000111100011010000110010011110111001010011010010111011110010111101001110001011101000110111
1101011011100001010010100001011010100111001001011101110010101111100111100011001101100011011110101010001011101010011
10100001001010001111011110010000111111010101110001100101100000111011011010100110100010101001101111111010001011111101
111100011011110101110011010110010111110000001010100110000100010110010001111110011100111111101001111101110100011111
1011010101001110000101101000001100011101000001111111001000110100001011010111101101011011111011110111100101110101111
10000111111110101001000011100010010101011100010111110101101001110010001000011100100001001111001110011011000110000111
11001011111101111101100101010011100000001010100011110000011110101011001100101010110001110110110101101000101001001011
100110001111100111100010111111101010000001111110101101000101110000000110011000000001010110010010000011100111101110001
11100101011101101101010001111101111100001011111000001110100010100000100110010000001000000101101100010101101110010101
1010110000011001000111110101111001110100100011101000101011100111100001110010110000011000010001000101000001001011
10000001000100101101011110000110110101110110101011101000001011011010010101100001000100100011001100111100001110001
1100000110011100010000110100101001000011001000000101110001000100011110000001000110011011010011001101101001010101
1001000100110101001100100111011110110010010110000100010100110011010110100000110100110100011110011010001111
1101100111001111110010111011001110001011100001000110011111001101000001110001001111001110101101100111010111
10100011010110111101100011000110101010001010001101001101110110011100010101001110110110110000100011011000011
11110101000010011100010100101001111111001111010011110100110001101010011111110110010010001000110101000100101
101101111100011101010011110111110111110110110111101101111001010011111101111110001011011001101001111100111
1000100111010101011111101110011110011110010010011100100110101111101111100111101010001000110011110111011011
1100111011000000001111100101101101101101011011101010111010000111100111011011011111001101001101110011001001
1001101100010000001011101100010010010010000100110000001011100101101101100100100111011001111010010110010111
1110100010011000010001100010011011011011000111001000010001011000100100010110111011000110110111100001100011
10101110011100100011010010011101001001000101010101100011010000100110110100010011000101010010011010010010101
1000001011010101101001110111010111011011010000000000101001110001110100011100111001001111110111001110111
1100010001000000011110110011000011001000111000000000111110101010101110101011010101110111110010110110011
10010011001100000101110001100100100101101010100000001011110000000000110000001000000110011101100010001101
110111001100100010001010100101101110000111111100000100011010000000010010000011000010011011000100110101
101001011001011001100111111100010010100101111101000011010011100000001101100010010001110100010011101
1111100001100001100110111110100110111110001110111001001111010100000101000100110110101011100111011
10111010010010010011010011101111010011101010110010101110110111110000111100111010010000001011011001
10001011101101101110011110110011011110110000000110000011001001110100101101101011101100001000100011
11010001100100100101101110001101001110001000001001000100101110101111000100100001100010001100110101
10011101001011011100010010101001111010100110000110110011100011000011010011011001001001101001101
111010111100010010100110111111101101111110010010100011010101001001001111010001011011100111101
10110000110100110111110100111111001001111010110111101001111111011011101101110100010010110111
100001001001111010011101111011110101110111000010011011110111111001001100100101110011100010011
110001101110110111101100111001110000110010100011101001110011110101110010111000101101010011101
10010101001100100111000110101101010010010111101010111101011011100001011000101010000111111011
11011111110010111010101010000011111011100011100000011100001001010010000100111111001011111001
10100111110110001011111111100010111100101010101000010101000110111101100011101111011000111011
11111011110001010001111111010100011010111111111100011111101010011100010101100111000101011001
10111100110100111101011111011111010100001111111101010111101111110101010000001101010100000011
100011011001111011100001111001110111110010111111100000011100111101111111000010011111110000101
110101000110111001010010110110110011101100011111010000101011011100111110100011101111101001
100111110101001010111110001001000110110001010111011100100000100101101110111010110011101111
111011101111110000011101001101101010001010000011001010110000111000100110011000001101100111
1011001100111101000101011110100011111001111000100110000001001010100111001100100010100011011
10000110011011011101000001101110101110110110100111001000001101111111010110010110011110101001
1100100110100100101110001010011000011001000111101010110001010011111100000110000110110111111
10010111001110111000101001111100100100101101011100000001001111101111010001001001010010011111
11100010110110010100111110111010110111000100001010000001110111100110111001101101111011101111
101010100010001011111011110011000010010100110001111000010110011011010010110100100111001100111
111111110011010001111001101100100011011111001010110100100001101000111100001110111010110011011
1011111101100111010110110100010110101001110110000001110110010011101011010010110011000001101001
1000111110001101100001000111010000111111011000100001011000101110110000011110000110010001001111
1101011101010100010001101010111001011111000100110010000101000110001000101101001001011001110111
10100001011111110011010100000010110001110100111001011000111101001001101000011101110000110110011
11110010001111101100111110000100001010101111010110000101011011101110011100101100101001010001101
1011010110101111000110111010001100100000001110000010010000010011001011010110000101111011110101
1000100001000011010101001011101001011000001010100001101100001110011000100000100100011100111
1100110001100100111111110001011110000100001111110010100010010101100100110000110110101011011
10011001010010111011111101010001101000110010111101011110011100000010111001001010010000001001
1110010111110001100111101111101001110100110001110000110110101000010001010110111101100000111
10101100011101010011011100111011110101111001010101001010001111100011010000010011100010001011
100000010101011111101001011011001110000110101111111101111010111010100111000011101010011010001
11000010000000111101111000100011010100101000011111110011100001011111101010010101111110011101
1001000110000010111001101001101001111101111001011111011010100100011110111111000001111011011
1101101001000100010110011110011110111100110110001111000111110110101110011110100010111001001
1010001110110011010000110110110111001101101000101011010101111001000010110110111010001010111
1111010110001100111001010010010010110100011101000001000000110101100100010010010111010000011
10111000001010011010101111011011100001110101011100001100001010000010110011011100010111000101
100010100001111101000000111001001010010110000001010010010001111000100001101001010100010101
1100111100101110111000010101011011111000010000011110110110101101001100100111011111101
100110110110001100101001000000010011101000110001011100100100000111100101110110011111
111010010001010010111101100000011101011101001010001010110110001011011000110001101111
1010111011001111100011100010000101100001011101111010000010001010001000101001010100111
10000011000110111010101010011001000010010001100110111000011001111001100111101111111011
11000100101010010111111111100101100011011010011010010100100110110110011011100111111001
10010011011111110001111111101100001010100011110011101111011101001000110100101101111011
11011101001111101010111111100010001111110101101101100111001011101101001111000100111001
10100101111011110000001111101001101011111000010010001101011000110001111011010011101011
11111000111001101000010111011110100001110100011011010100000101001010111000111101100001
10111010101011001110010001100110111001010111010100011111000011111000001010101110001001
10001100000000011010101101001101001011000001011111010111010010111010001000000010100111
11010010000000101000000011110011110000100010001111000010111100010111001100000011111011
100111011000000111100000101101101101000110011010110100100011010100010110010000101111001
11101100010000101101000100010010001110100110100000111011010011111010000101100100011011
101100010011001000011100110011011010101111001110001011000111101110111001000010110101001
100001001110010110010101100110100100000011011010101000010101110011001010110010000111111
110001110101100001100000011001110110000101000111111100100000101100110000001011001011111
1001010110000010010010000100110110001000111101011111010110001000011001000010000110001111
1110000001000011011011000111010001001101011100001111000001001100100101100011001001010111
10101000001100101001000101010111001110100001010010110100001110010111000010100101110000011
11111100010010111101101000000010110101110001111100001110010101100010100011111000101000101
101111010011100011100011100000100010000101010111010010101100000010011110101110100111101
10001101111010101010101010100001100110010000000101111000000100000111011100001011110111
11010100110111111111111111110010011001011000001000110100000110001011001010010001110011
100111111010011111111111111101011100110000100001101001110001001010000101111011010101101
1110111101111011111111111111000010110010001100100111101010011011110010001110010000001
1011001110011100111111111111010010000101101001011101101111110100110101101010101100001
1000011010110101101111111111011101100100001111000110010011110111101000010000000001001
110010100001000010011111111100110001011001011010100101110111001101110001100000000111
1001011110001100011101111111011001010000110000111111000110010110100101010010000001011
1110001101010010101100111111000101111001001001011110101001100001110111111011000010001
1010101001111110000001101111010100011010110111000110111111001001011001111100010001101
11111111101111010000101001101111101010000100101010100111101011100001101110100110101
10111111110011011100011111010011101111100011011111111101110000101001010010111101
1000111111011010010101011101111011001110101010011111111001010001111011111000111
1101011111000111100000001100111000110101111111101111110101111010111001110101011
10100001110101011010000010011010101010000111111100111110000111000010110110000001
1111001011000000011100001110011111111100101111101101110100101010010001000100001
1011011000010000010101001010110111111101100011110010010111011111101100110011001
1000100010001100001111111000001001111110001010110101110001100111110001100110011
1100110011010010010111110100001110111101010000010000101010011011101010011001101
100110011001110111000111011100101100110111110000110001111111010010111111001101
1110011001101100101010110010110000110100111010010010101111101111000111101101
101011001101000110000000011000010010011110101110111000001111001101010111001
100000011001110100100000010010001101110111000011001010001011011010000001011
110000100110101110110000011011010100110010100100101111010001000111000010001
100100011101000011000100010100011111100101111011100011011100110101010001101
1101101010111001001001100111101011110110001110010101010010110011111110101
1010010000001010110111001101110000111000101010101111111110000110111111
1111011000010000010010110100101001010101000000000111111101001010011111
10111000100011000011100001110111101111111100000001011111011101111101111
100010100110100100101010010110011100111111010000010001111001100111100111
110011111001110110111111100001101011011110111000011010110110011011011011
1001101110110110010011111010010100001001110010100101000010001101001001001
111010011001000101110111011101111000111010101111011110001101001110110111
1010111100101101000110011001100110101011000000111001101010011110110010011
10000011011000011101001100110011010000000100001010110011111101110001011101
110001010001001010111100110011001110000001100100000011011111001010100011
1001001111001110000011011001100110101000010010110000101001110101111110101
110111011011010100010100011001100111110001110000100011111011000011111
1010011001000111110011110100110011011101010101000110101111000100101111
1111100101101011101101101111001101001011111111101010000110100111000111
10111011000100001100100100110110011110001111111011111001001111010101011
100011000100110010010110111010001101101010111111001110101110111000000001
11010010011100101110001001011101010010000001111011011000011001010000001
10011101110101100010100111000101111101100001011100100010010010111100001
1110110011000001001111101010100011110001001000101011001101110001101001
1011000110010000111011101111111010110100110110100000011010010101001111
10000101001011001011001100111111000001111010001110000100111011111110111
11000111110000110000110011011110100010110111010101000111011001111110011
100101011101001001001001101001101110100010010111111101011000110111101101
1110000010111011011011100111101001011100111000111111000001010100111001
1010100010001100100100101101101111000101101010101111010000111111101011
1111110011010010110111000100100110101000100000000110111001011111100001
1011110110011110001001010011011100111110011000000101001011000111101001
1000111000110110100110111110100101101110110010000011111000010101101111
1101010101010001111010011101111000100110001011000101110100100000100111
10011111111111010110111101100110100111001010000101000101110110000111011
11101111111111000010011100011001111010101111000111101000110001001011001
10110011111111010001110101010011011100000011010101101110100100111000011
100001101111110111010101111111101001010000101000000100101110111010100101
110010100111110011000000111111011101111000111100000111000110010111111
1001011111011101100100001011111001100110101011010001010101001100011111
1110001111001100010110010001110110011010000000111001111111110010101111
10101010110110010100001011010110001100111000001010110111111101100000111
100000000010001011110010001000001010011010100010000010011111100010001011
110000000011010001101011001100001111100111110011000011101111010011010001
100100000010011101010000011001001011101101110110010010110011011110011101
1101100000111010111110001001011100011001001100010111000011010011011011
10100010001011000011101001110001010100101110010100010100100111101001001
1111001101000010010101111010100111111100010101111001111011101101110111
10110110011100011100000110111111011111010100000110110111001100100110011
100010001101010101010001010011111001110111110001010010010110010111001101
1100110100111111111110011111011101101100111010011110111000011000101101
100110011110111111111011011110011001000110101111011100101001001010001
11100110111001111111100100110110010110101000011100101011110110111101
1010110100101101111110101110100011000011111001010110000011100100111
10000001111000100111110000101110100100101110110000001000101010111011
11000010110100111011101001000101110111000110001000001101000000011001
10010010000111101100101110110100011001010100100110001001110000010011
11011011001011100011000110001110100101111110111001001110101000011101
1010010001100010101001010010101011110001111100101011101011111001011
1111011010010011111101111100000001101010111011000001100001110110001
1011100011101110111110011101000001010000001100010001001001011000101
10001010101100110011101101011100001111000010010011001101110000101
11010000000011001101100100001010010110100011011100110100101001
10011100000010011010001011000111110000111010100101100111011111
11101010000011100111010000101011101001010111111000011011001111
101011111000101011010111001000001011110000011110100101000110111
1000001110101000001000010101100010001101000101101110111101010011
1100010101111100001100100000010011010011101000100110011011111101
100101000001110100100101100000111001111010111001110011010011111
110111100010101110111000010001010110111000010110101100111101111
1010011010100000110010100011010000010010100100010000011011100111
1111100111110001001011110100111000011011110110011000101001011011
10111011011101001110001101111010100101001110001100100111110001001
10001100100101111010101010011011111011111010101001011101110100111
11010010111000110111111111101001111001110111111110001100101111011
100111100010101010011111111011110110110110011111101010011000111001
11101101001111111110111111100111001001000110111101111110010101011
101100011110111111110011111011010101101101010011100111101100000001
100001010111001111110110111100100000010001111110101101110001000001
11001000001011011111001001101011000001101011111000010010100110001
10010110001000100111010111010000010001010000111010001101111100101
11100001001100111011000010111000011001111001010111010100111011
101010001110011011000100100010100100110110110000010111111011001
11111101010110100010011011001111011101001000100010001111100011
101111100000001110011101000110111001011101100110011010111010101
1000111010000010101101011101010010110001100011001101000011
1101010111000100000100001011111100001010010100110011100101
10100000010100110000110010001111010001111011111001101011
11110000011111001001001011010110111010111001110110100001
10110100010111010110111000100001001100001011011000111001
10000111010001100001001010011000111001001000100010101011
11001010111010010001101111100101010101101100110100000001
10011000001011101101010011101100000000010001100111000001
1110010001000110001111110110001000000001101001101010001
1010101100110100101011111000100110000001001111001111101
100000000110011110000011101001110010000011101101101111
110000001001101101000101011110101011000101100100100111
1001000001110100011101000001110000000101000010110111011
1101100010101110101011100010101000000111100100010011001
1010001010000011000000101001111110000101101011001110011
1111001111000100100000111110111101001000100000110101101
101101101101001101100010111100110111011001100010100001
100010010001111010001010001101101001100011001001111001
11001101101011011100111101010001111001010010111011011
100110100100001001011011011111010110101111100011001001
11100111011000111000100100111100001000011101010010111
101011011000101010100110111011010001100101011111100011
1000001000100111111111010011000111010011000001111010101
1100001100111011111110111100101010111100100010111
10010010011011001111110011011000000011010110100011
11011011101000110111101101000100000101000001110101
10100100101110101001110001110011000011110001011
11110111000101111110101010101100100101101010001
10111001010100011111000000000001011100001111101
1000101011111101011101000000000100010100101111
1101000001111100001011100000000110011111000111
10011100010111010010001010000001001101110101011
11101010100010111011001111000001110100110000001
10101111111010001100011011010001010111100100001
10000011111011101001010100011101000001101011001
1100010111100101110111111010101110001010000011
10010100011011000110011111000000101001111000101
11011110101000101001101110100000111110110101
10100110111110011111010010111000101111001
1111101001110110111011110001010100011011
10111011110110010011001101001111110101001
10001100111000101110011001111011110111111
11010011010101000101100110111001110011111
100111100111111101000011010010110101101111
111011011011111011100100111100010000100111
1011001001001111001010111011010011000111011
10000101101110110110000011000111100101011001
1100100010011001000100010010101101100000011
10010110011100101100110011100000100010000101
11100001101011000011001101010000110011001
10101001010000010010011001111100100110011
11111101111000011011100110111010111001101
1011111001101001010010110100110000101101
100011101100111011111000011110010010001
11010110001101100111010010110101101101
1010000010101000110101111000100001001
111100001111110101000011010011000111
1011010010111101111100100111100101011
10000111100011100111010111011011000001
1100101101010101101100001100100010001
1001100010000000010001001001011001101
11100100110000000110011011100001101
1010101110010000010011010010100101
10000000101011000011100111011111
11000001000000100101011011001111
100100001100000111000001000110111
110110010010001010100001101010011
1010001011011001111110010011111101
11110100010001101111010111011111
101101110011010100111000011001111
1000100101100111111010100100110111
1100111000011011110111110111010011
10011010100101001110011110010111101
111001111101111101011011011000111
1010110111100111100001001000101011
10000010011011011010001101101000001
1100001110100100011101010001110001
1001001010111011010101111101010101
11011100000110010000001111
101001010001001011000010111
111101111001110000100100011
1011100110110101000110110101
1000101101000111110101001
110100001110101110111111
1001110010110000110011111
1110101100001001001101111
10110000010001101110100111
100001000011010100101111011
110001100100111111000111001
100101001011101111010101011
110111110001100111000000001
101001110101001101010000001
11111010111111001111100001
10111100001111011011101001
10001101001011100100101111
11010011110001010111000111
100111101101010000010101011
111011100011111000100000001
101100101010111010011000001
100001100000001011110010001
11001001000001000110101101
1001011011000011010100001
111000100010010011111001
101010011001101110111011
111111100110100110011001
101111101100111100110011
1000111100011011011001101
11010110101010010001101
1010000011111110110101
111100010111111001
101101010001111011
1000011111010111001
110010111100001011
1001100011010010001
111001010011101101
10101011111011001
10000000111100011
11000001011010101
100100010001
11011001101
1010001101
11110101
10111
100011
110101
101
