This is a focused 2-adic view of the first 10000 integers in consecutive order, without residues. Use this to confirm patterns seen in smaller numbers and also to search for extended structure.

For every integer n:
- oc is the 2-adic "odd core" of the number, after removing all factors of 2. For odd numbers, oc is the number itself.
- k is the 2-adic exponent, the number of halvings (n = oc * 2^k). For odd numbers, k is always 0, so is omitted here.
- dist is the odd-to-odd Collatz stopping distance of oc

oc,k,dist
1,,0
1,1,0
3,,2
1,2,0
5,,1
3,1,2
7,,5
1,3,0
9,,6
5,1,1
11,,4
3,2,2
13,,2
7,1,5
15,,5
1,4,0
17,,3
9,1,6
19,,6
5,2,1
21,,1
11,1,4
23,,4
3,3,2
25,,7
13,1,2
27,,41
7,2,5
29,,5
15,1,5
31,,39
1,5,0
33,,8
17,1,3
35,,3
9,2,6
37,,6
19,1,6
39,,11
5,3,1
41,,40
21,1,1
43,,9
11,2,4
45,,4
23,1,4
47,,38
3,4,2
49,,7
25,1,7
51,,7
13,2,2
53,,2
27,1,41
55,,41
7,3,5
57,,10
29,1,5
59,,10
15,2,5
61,,5
31,1,39
63,,39
1,6,0
65,,8
33,1,8
67,,8
17,2,3
69,,3
35,1,3
71,,37
9,3,6
73,,42
37,1,6
75,,3
19,2,6
77,,6
39,1,11
79,,11
5,4,1
81,,6
41,1,40
83,,40
21,2,1
85,,1
43,1,9
87,,9
11,3,4
89,,9
45,1,4
91,,33
23,2,4
93,,4
47,1,38
95,,38
3,5,2
97,,43
49,1,7
99,,7
25,2,7
101,,7
51,1,7
103,,31
13,3,2
105,,12
53,1,2
107,,36
27,2,41
109,,41
55,1,41
111,,24
7,4,5
113,,2
57,1,10
115,,10
29,2,5
117,,5
59,1,10
119,,10
15,3,5
121,,34
61,1,5
123,,15
31,2,39
125,,39
63,1,39
127,,15
1,7,0
129,,44
65,1,8
131,,8
33,2,8
133,,8
67,1,8
135,,13
17,3,3
137,,32
69,1,3
139,,13
35,2,3
141,,3
71,1,37
143,,37
9,4,6
145,,42
73,1,42
147,,42
37,2,6
149,,6
75,1,3
151,,3
19,3,6
153,,11
77,1,6
155,,30
39,2,11
157,,11
79,1,11
159,,18
5,5,1
161,,35
81,1,6
163,,6
41,2,40
165,,40
83,1,40
167,,23
21,3,1
169,,16
85,1,1
171,,45
43,2,9
173,,9
87,1,9
175,,28
11,4,4
177,,9
89,1,9
179,,9
45,2,4
181,,4
91,1,33
183,,33
23,3,4
185,,14
93,1,4
187,,14
47,2,38
189,,38
95,1,38
191,,14
3,6,2
193,,43
97,1,43
195,,43
49,2,7
197,,7
99,1,7
199,,43
25,3,7
201,,4
101,1,7
203,,12
51,2,7
205,,7
103,1,31
207,,31
13,4,2
209,,12
105,1,12
211,,12
53,2,2
213,,2
107,1,36
215,,36
27,3,41
217,,7
109,1,41
219,,17
55,2,41
221,,41
111,1,24
223,,24
7,5,5
225,,17
113,1,2
227,,2
57,2,10
229,,10
115,1,10
231,,46
29,3,5
233,,29
117,1,5
235,,46
59,2,10
237,,10
119,1,10
239,,17
15,4,5
241,,5
121,1,34
243,,34
61,2,5
245,,5
123,1,15
247,,15
31,3,39
249,,15
125,1,39
251,,22
63,2,39
253,,39
127,1,15
255,,15
1,8,0
257,,44
129,1,44
259,,44
65,2,8
261,,8
131,1,8
263,,27
33,3,8
265,,44
133,1,8
267,,5
67,2,8
269,,8
135,1,13
271,,13
17,4,3
273,,8
137,1,32
275,,32
69,2,3
277,,3
139,1,13
279,,13
35,3,3
281,,13
141,1,3
283,,20
71,2,37
285,,37
143,1,37
287,,13
9,5,6
289,,8
145,1,42
291,,42
73,2,42
293,,42
147,1,42
295,,18
37,3,6
297,,25
149,1,6
299,,42
75,2,3
301,,3
151,1,3
303,,13
19,4,6
305,,11
153,1,11
307,,11
77,2,6
309,,6
155,1,30
311,,30
39,3,11
313,,47
157,1,11
315,,11
79,2,11
317,,11
159,1,18
319,,18
5,6,1
321,,6
161,1,35
323,,35
81,2,6
325,,6
163,1,6
327,,52
41,3,40
329,,16
165,1,40
331,,6
83,2,40
333,,40
167,1,23
335,,23
21,4,1
337,,40
169,1,16
339,,16
85,2,1
341,,1
171,1,45
343,,45
43,3,9
345,,45
173,1,9
347,,45
87,2,9
349,,9
175,1,28
351,,28
11,5,4
353,,45
177,1,9
355,,9
89,2,9
357,,9
179,1,9
359,,16
45,3,4
361,,14
181,1,4
363,,14
91,2,33
365,,33
183,1,33
367,,14
23,4,4
369,,4
185,1,14
371,,14
93,2,4
373,,4
187,1,14
375,,14
47,3,38
377,,21
189,1,38
379,,19
95,2,38
381,,38
191,1,14
383,,14
3,7,2
385,,9
193,1,43
387,,43
97,2,43
389,,43
195,1,43
391,,43
49,3,7
393,,19
197,1,7
395,,26
99,2,7
397,,7
199,1,43
399,,43
25,4,7
401,,4
201,1,4
403,,4
101,2,7
405,,7
203,1,12
407,,12
51,3,7
409,,12
205,1,7
411,,48
103,2,31
413,,31
207,1,31
415,,48
13,5,2
417,,48
209,1,12
419,,12
105,2,12
421,,12
211,1,12
423,,9
53,3,2
425,,19
213,1,2
427,,17
107,2,36
429,,36
215,1,36
431,,12
27,4,41
433,,7
217,1,7
435,,7
109,2,41
437,,41
219,1,17
439,,17
55,3,41
441,,7
221,1,41
443,,17
111,2,24
445,,24
223,1,24
447,,34
7,6,5
449,,41
225,1,17
451,,17
113,2,2
453,,2
227,1,2
455,,12
57,3,10
457,,46
229,1,10
459,,46
115,2,10
461,,10
231,1,46
463,,46
29,4,5
465,,10
233,1,29
467,,29
117,2,5
469,,5
235,1,46
471,,46
59,3,10
473,,10
237,1,10
475,,7
119,2,10
477,,10
239,1,17
479,,17
15,5,5
481,,15
241,1,5
483,,5
121,2,34
485,,34
243,1,34
487,,51
61,3,5
489,,15
245,1,5
491,,51
123,2,15
493,,15
247,1,15
495,,34
31,4,39
497,,5
249,1,15
499,,15
125,2,39
501,,39
251,1,22
503,,22
63,3,39
505,,20
253,1,39
507,,10
127,2,15
509,,15
255,1,15
511,,20
1,9,0
513,,10
257,1,44
515,,44
129,2,44
517,,44
259,1,44
519,,20
65,3,8
521,,44
261,1,8
523,,44
131,2,8
525,,8
263,1,27
527,,27
33,4,8
529,,8
265,1,44
531,,44
133,2,8
533,,8
267,1,5
535,,5
67,3,8
537,,5
269,1,8
539,,15
135,2,13
541,,13
271,1,13
543,,49
17,5,3
545,,13
273,1,8
547,,8
137,2,32
549,,32
275,1,32
551,,13
69,3,3
553,,49
277,1,3
555,,8
139,2,13
557,,13
279,1,13
559,,30
35,4,3
561,,13
281,1,13
563,,13
141,2,3
565,,3
283,1,20
567,,20
71,3,37
569,,18
285,1,37
571,,8
143,2,37
573,,37
287,1,13
575,,13
9,6,6
577,,8
289,1,8
579,,8
145,2,42
581,,42
291,1,42
583,,8
73,3,42
585,,18
293,1,42
587,,42
147,2,42
589,,42
295,1,18
591,,18
37,4,6
593,,25
297,1,25
595,,25
149,2,6
597,,6
299,1,42
599,,42
75,3,3
601,,18
301,1,3
603,,23
151,2,3
605,,3
303,1,13
607,,13
19,5,6
609,,47
305,1,11
611,,11
153,2,11
613,,11
307,1,11
615,,23
77,3,6
617,,47
309,1,6
619,,47
155,2,30
621,,30
311,1,30
623,,47
39,4,11
625,,6
313,1,47
627,,47
157,2,11
629,,11
315,1,11
631,,11
79,3,11
633,,8
317,1,11
635,,8
159,2,18
637,,18
319,1,18
639,,47
5,7,1
641,,16
321,1,6
643,,6
161,2,35
645,,35
323,1,35
647,,11
81,3,6
649,,52
325,1,6
651,,35
163,2,6
653,,6
327,1,52
655,,52
41,4,40
657,,16
329,1,16
659,,16
165,2,40
661,,40
331,1,6
663,,6
83,3,40
665,,16
333,1,40
667,,52
167,2,23
669,,23
335,1,23
671,,33
21,5,1
673,,21
337,1,40
675,,40
169,2,16
677,,16
339,1,16
679,,21
85,3,1
681,,21
341,1,1
683,,11
171,2,45
685,,45
343,1,45
687,,11
43,4,9
689,,45
345,1,45
691,,45
173,2,9
693,,9
347,1,45
695,,45
87,3,9
697,,45
349,1,9
699,,21
175,2,28
701,,28
351,1,28
703,,62
11,6,4
705,,9
353,1,45
707,,45
177,2,9
709,,9
355,1,9
711,,21
89,3,9
713,,6
357,1,9
715,,6
179,2,9
717,,9
359,1,16
719,,16
45,4,4
721,,14
361,1,14
723,,14
181,2,4
725,,4
363,1,14
727,,14
91,3,33
729,,9
365,1,33
731,,50
183,2,33
733,,33
367,1,14
735,,14
23,5,4
737,,50
369,1,4
739,,4
185,2,14
741,,14
371,1,14
743,,33
93,3,4
745,,31
373,1,4
747,,14
187,2,14
749,,14
375,1,14
751,,50
47,4,38
753,,4
377,1,21
755,,21
189,2,38
757,,38
379,1,19
759,,19
95,3,38
761,,9
381,1,38
763,,55
191,2,14
765,,14
383,1,14
767,,19
3,8,2
769,,9
385,1,9
771,,9
193,2,43
773,,43
387,1,43
775,,55
97,3,43
777,,9
389,1,43
779,,19
195,2,43
781,,43
391,1,43
783,,43
49,4,7
785,,43
393,1,19
787,,19
197,2,7
789,,7
395,1,26
791,,26
99,3,7
793,,26
397,1,7
795,,36
199,2,43
797,,43
399,1,43
799,,24
25,5,7
801,,19
401,1,4
803,,4
201,2,4
805,,4
403,1,4
807,,24
101,3,7
809,,14
405,1,7
811,,48
203,2,12
813,,12
407,1,12
815,,48
51,4,7
817,,12
409,1,12
819,,12
205,2,7
821,,7
411,1,48
823,,48
103,3,31
825,,48
413,1,31
827,,12
207,2,31
829,,31
415,1,48
831,,48
13,6,2
833,,7
417,1,48
835,,48
209,2,12
837,,12
419,1,12
839,,29
105,3,12
841,,12
421,1,12
843,,12
211,2,12
845,,12
423,1,9
847,,9
53,4,2
849,,19
425,1,19
851,,19
213,2,2
853,,2
427,1,17
855,,17
107,3,36
857,,7
429,1,36
859,,53
215,2,36
861,,36
431,1,12
863,,12
27,5,41
865,,53
433,1,7
867,,7
217,2,7
869,,7
435,1,7
871,,65
109,3,41
873,,53
437,1,41
875,,7
219,2,17
877,,17
439,1,17
879,,53
55,4,41
881,,41
441,1,7
883,,7
221,2,41
885,,41
443,1,17
887,,17
111,3,24
889,,53
445,1,24
891,,14
223,2,24
893,,24
447,1,34
895,,34
7,7,5
897,,22
449,1,41
899,,41
225,2,17
901,,17
451,1,17
903,,41
113,3,2
905,,22
453,1,2
907,,17
227,2,2
909,,2
455,1,12
911,,12
57,4,10
913,,46
457,1,46
915,,46
229,2,10
917,,10
459,1,46
919,,46
115,3,10
921,,46
461,1,10
923,,22
231,2,46
925,,46
463,1,46
927,,41
29,5,5
929,,46
465,1,10
931,,10
233,2,29
933,,29
467,1,29
935,,46
117,3,5
937,,63
469,1,5
939,,29
235,2,46
941,,46
471,1,46
943,,10
59,4,10
945,,10
473,1,10
947,,10
237,2,10
949,,10
475,1,7
951,,7
119,3,10
953,,7
477,1,10
955,,7
239,2,17
957,,17
479,1,17
959,,46
15,6,5
961,,15
481,1,15
963,,15
241,2,5
965,,5
483,1,5
967,,51
121,3,34
969,,15
485,1,34
971,,10
243,2,34
973,,34
487,1,51
975,,51
61,4,5
977,,34
489,1,15
979,,15
245,2,5
981,,5
491,1,51
983,,51
123,3,15
985,,5
493,1,15
987,,10
247,2,15
989,,15
495,1,34
991,,34
31,5,39
993,,32
497,1,5
995,,5
249,2,15
997,,15
499,1,15
999,,15
125,3,39
1001,,51
501,1,39
1003,,12
251,2,22
1005,,22
503,1,22
1007,,32
63,4,39
1009,,39
505,1,20
1011,,20
253,2,39
1013,,39
507,1,10
1015,,10
127,3,15
1017,,56
509,1,15
1019,,20
255,2,15
1021,,15
511,1,20
1023,,20
1,10,0
1025,,10
513,1,10
1027,,10
257,2,44
1029,,44
515,1,44
1031,,10
129,3,44
1033,,56
517,1,44
1035,,44
259,2,44
1037,,44
519,1,20
1039,,20
65,4,8
1041,,44
521,1,44
1043,,44
261,2,8
1045,,8
523,1,44
1047,,44
131,3,8
1049,,20
525,1,8
1051,,32
263,2,27
1053,,27
527,1,27
1055,,61
33,5,8
1057,,27
529,1,8
1059,,8
265,2,44
1061,,44
531,1,44
1063,,25
133,3,8
1065,,25
533,1,8
1067,,20
267,2,5
1069,,5
535,1,5
1071,,61
67,4,8
1073,,5
537,1,5
1075,,5
269,2,8
1077,,8
539,1,15
1079,,15
135,3,13
1081,,49
541,1,13
1083,,49
271,2,13
1085,,13
543,1,49
1087,,49
17,6,3
1089,,13
545,1,13
1091,,13
273,2,8
1093,,8
547,1,8
1095,,25
137,3,32
1097,,49
549,1,32
1099,,8
275,2,32
1101,,32
551,1,13
1103,,13
69,4,3
1105,,32
553,1,49
1107,,49
277,2,3
1109,,3
555,1,8
1111,,8
139,3,13
1113,,49
557,1,13
1115,,32
279,2,13
1117,,13
559,1,30
1119,,30
35,5,3
1121,,13
561,1,13
1123,,13
281,2,13
1125,,13
563,1,13
1127,,49
141,3,3
1129,,10
565,1,3
1131,,10
283,2,20
1133,,20
567,1,20
1135,,20
71,4,37
1137,,3
569,1,18
1139,,18
285,2,37
1141,,37
571,1,8
1143,,8
143,3,37
1145,,54
573,1,37
1147,,18
287,2,13
1149,,13
575,1,13
1151,,18
9,7,6
1153,,54
577,1,8
1155,,8
289,2,8
1157,,8
579,1,8
1159,,18
145,3,42
1161,,66
581,1,42
1163,,54
291,2,42
1165,,42
583,1,8
1167,,8
73,4,42
1169,,18
585,1,18
1171,,18
293,2,42
1173,,42
587,1,42
1175,,42
147,3,42
1177,,8
589,1,42
1179,,18
295,2,18
1181,,18
591,1,18
1183,,30
37,5,6
1185,,54
593,1,25
1187,,25
297,2,25
1189,,25
595,1,25
1191,,15
149,3,6
1193,,35
597,1,6
1195,,42
299,2,42
1197,,42
599,1,42
1199,,23
75,4,3
1201,,18
601,1,18
1203,,18
301,2,3
1205,,3
603,1,23
1207,,23
151,3,3
1209,,18
605,1,3
1211,,23
303,2,13
1213,,13
607,1,13
1215,,59
19,6,6
1217,,47
609,1,47
1219,,47
305,2,11
1221,,11
611,1,11
1223,,47
153,3,11
1225,,47
613,1,11
1227,,47
307,2,11
1229,,11
615,1,23
1231,,23
77,4,6
1233,,47
617,1,47
1235,,47
309,2,6
1237,,6
619,1,47
1239,,47
155,3,30
1241,,11
621,1,30
1243,,23
311,2,30
1245,,30
623,1,47
1247,,47
39,5,11
1249,,64
625,1,6
1251,,6
313,2,47
1253,,47
627,1,47
1255,,30
157,3,11
1257,,11
629,1,11
1259,,28
315,2,11
1261,,11
631,1,11
1263,,64
79,4,11
1265,,11
633,1,8
1267,,8
317,2,11
1269,,11
635,1,8
1271,,8
159,3,18
1273,,8
637,1,18
1275,,28
319,2,18
1277,,18
639,1,47
1279,,47
5,8,1
1281,,16
641,1,16
1283,,16
321,2,6
1285,,6
643,1,6
1287,,52
161,3,35
1289,,52
645,1,35
1291,,16
323,2,35
1293,,35
647,1,11
1295,,11
81,4,6
1297,,35
649,1,52
1299,,52
325,2,6
1301,,6
651,1,35
1303,,35
163,3,6
1305,,16
653,1,6
1307,,64
327,2,52
1309,,52
655,1,52
1311,,35
41,5,40
1313,,6
657,1,16
1315,,16
329,2,16
1317,,16
659,1,16
1319,,52
165,3,40
1321,,35
661,1,40
1323,,16
331,2,6
1325,,6
663,1,6
1327,,16
83,4,40
1329,,16
665,1,16
1331,,16
333,2,40
1333,,40
667,1,52
1335,,52
167,3,23
1337,,13
669,1,23
1339,,6
335,2,23
1341,,23
671,1,33
1343,,33
21,6,1
1345,,40
673,1,21
1347,,21
337,2,40
1349,,40
675,1,40
1351,,57
169,3,16
1353,,11
677,1,16
1355,,40
339,2,16
1357,,16
679,1,21
1359,,21
85,4,1
1361,,16
681,1,21
1363,,21
341,2,1
1365,,1
683,1,11
1367,,11
171,3,45
1369,,11
685,1,45
1371,,40
343,2,45
1373,,45
687,1,11
1375,,11
43,5,9
1377,,57
689,1,45
1379,,45
345,2,45
1381,,45
691,1,45
1383,,33
173,3,9
1385,,21
693,1,9
1387,,21
347,2,45
1389,,45
695,1,45
1391,,40
87,4,9
1393,,9
697,1,45
1395,,45
349,2,9
1397,,9
699,1,21
1399,,21
175,3,28
1401,,33
701,1,28
1403,,45
351,2,28
1405,,28
703,1,62
1407,,62
11,7,4
1409,,28
705,1,9
1411,,9
353,2,45
1413,,45
707,1,45
1415,,9
177,3,9
1417,,26
709,1,9
1419,,45
355,2,9
1421,,9
711,1,21
1423,,21
89,4,9
1425,,6
713,1,6
1427,,6
357,2,9
1429,,9
715,1,6
1431,,6
179,3,9
1433,,6
717,1,9
1435,,26
359,2,16
1437,,16
719,1,16
1439,,45
45,5,4
1441,,50
721,1,14
1443,,14
361,2,14
1445,,14
723,1,14
1447,,16
181,3,4
1449,,50
725,1,4
1451,,50
363,2,14
1453,,14
727,1,14
1455,,50
91,4,33
1457,,9
729,1,9
1459,,9
365,2,33
1461,,33
731,1,50
1463,,50
183,3,33
1465,,9
733,1,33
1467,,50
367,2,14
1469,,14
735,1,14
1471,,62
23,6,4
1473,,33
737,1,50
1475,,50
369,2,4
1477,,4
739,1,4
1479,,33
185,3,14
1481,,9
741,1,14
1483,,50
371,2,14
1485,,14
743,1,33
1487,,33
93,4,4
1489,,14
745,1,31
1491,,31
373,2,4
1493,,4
747,1,14
1495,,14
187,3,14
1497,,14
749,1,14
1499,,14
375,2,14
1501,,14
751,1,50
1503,,50
47,5,38
1505,,11
753,1,4
1507,,4
377,2,21
1509,,21
755,1,21
1511,,31
189,3,38
1513,,21
757,1,38
1515,,50
379,2,19
1517,,19
759,1,19
1519,,55
95,4,38
1521,,38
761,1,9
1523,,9
381,2,38
1525,,38
763,1,55
1527,,55
191,3,14
1529,,19
765,1,14
1531,,19
383,2,14
1533,,14
767,1,19
1535,,19
3,9,2
1537,,55
769,1,9
1539,,9
385,2,9
1541,,9
771,1,9
1543,,38
193,3,43
1545,,19
773,1,43
1547,,9
387,2,43
1549,,43
775,1,55
1551,,55
97,4,43
1553,,43
777,1,9
1555,,9
389,2,43
1557,,43
779,1,19
1559,,19
195,3,43
1561,,19
781,1,43
1563,,55
391,2,43
1565,,43
783,1,43
1567,,19
49,5,7
1569,,9
785,1,43
1571,,43
393,2,19
1573,,19
787,1,19
1575,,19
197,3,7
1577,,31
789,1,7
1579,,43
395,2,26
1581,,26
791,1,26
1583,,60
99,4,7
1585,,26
793,1,26
1587,,26
397,2,7
1589,,7
795,1,36
1591,,36
199,3,43
1593,,43
797,1,43
1595,,24
399,2,43
1597,,43
799,1,24
1599,,24
25,6,7
1601,,19
801,1,19
1603,,19
401,2,4
1605,,4
803,1,4
1607,,60
201,3,4
1609,,24
805,1,4
1611,,4
403,2,4
1613,,4
807,1,24
1615,,24
101,4,7
1617,,14
809,1,14
1619,,14
405,2,7
1621,,7
811,1,48
1623,,48
203,3,12
1625,,48
813,1,12
1627,,24
407,2,12
1629,,12
815,1,48
1631,,48
51,5,7
1633,,48
817,1,12
1635,,12
409,2,12
1637,,12
819,1,12
1639,,36
205,3,7
1641,,24
821,1,7
1643,,24
411,2,48
1645,,48
823,1,48
1647,,48
103,4,31
1649,,7
825,1,48
1651,,48
413,2,31
1653,,31
827,1,12
1655,,12
207,3,31
1657,,24
829,1,31
1659,,12
415,2,48
1661,,48
831,1,48
1663,,24
13,7,2
1665,,65
833,1,7
1667,,7
417,2,48
1669,,48
835,1,48
1671,,12
209,3,12
1673,,31
837,1,12
1675,,48
419,2,12
1677,,12
839,1,29
1679,,29
105,4,12
1681,,12
841,1,12
1683,,12
421,2,12
1685,,12
843,1,12
1687,,12
211,3,12
1689,,9
845,1,12
1691,,48
423,2,9
1693,,9
847,1,9
1695,,65
53,5,2
1697,,9
849,1,19
1699,,19
425,2,19
1701,,19
851,1,19
1703,,19
213,3,2
1705,,48
853,1,2
1707,,53
427,2,17
1709,,17
855,1,17
1711,,53
107,4,36
1713,,7
857,1,7
1715,,7
429,2,36
1717,,36
859,1,53
1719,,53
215,3,36
1721,,17
861,1,36
1723,,17
431,2,12
1725,,12
863,1,12
1727,,17
27,6,41
1729,,36
865,1,53
1731,,53
433,2,7
1733,,7
867,1,7
1735,,36
217,3,7
1737,,36
869,1,7
1739,,17
435,2,7
1741,,7
871,1,65
1743,,65
109,4,41
1745,,53
873,1,53
1747,,53
437,2,41
1749,,41
875,1,7
1751,,7
219,3,17
1753,,17
877,1,17
1755,,12
439,2,17
1757,,17
879,1,53
1759,,53
55,5,41
1761,,36
881,1,41
1763,,41
441,2,7
1765,,7
883,1,7
1767,,53
221,3,41
1769,,17
885,1,41
1771,,17
443,2,17
1773,,17
887,1,17
1775,,29
111,4,24
1777,,41
889,1,53
1779,,53
445,2,24
1781,,24
891,1,14
1783,,14
223,3,24
1785,,7
893,1,24
1787,,14
447,2,34
1789,,34
895,1,34
1791,,34
7,8,5
1793,,41
897,1,22
1795,,22
449,2,41
1797,,41
899,1,41
1799,,22
225,3,17
1801,,58
901,1,17
1803,,12
451,2,17
1805,,17
903,1,41
1807,,41
113,4,2
1809,,17
905,1,22
1811,,22
453,2,2
1813,,2
907,1,17
1815,,17
227,3,2
1817,,22
909,1,2
1819,,58
455,2,12
1821,,12
911,1,12
1823,,58
57,5,10
1825,,12
913,1,46
1827,,46
457,2,46
1829,,46
915,1,46
1831,,22
229,3,10
1833,,12
917,1,10
1835,,46
459,2,46
1837,,46
919,1,46
1839,,58
115,4,10
1841,,46
921,1,46
1843,,46
461,2,10
1845,,10
923,1,22
1847,,22
231,3,46
1849,,22
925,1,46
1851,,46
463,2,46
1853,,46
927,1,41
1855,,41
29,6,5
1857,,10
929,1,46
1859,,46
465,2,10
1861,,10
931,1,10
1863,,22
233,3,29
1865,,22
933,1,29
1867,,10
467,2,29
1869,,29
935,1,46
1871,,46
117,4,5
1873,,29
937,1,63
1875,,63
469,2,5
1877,,5
939,1,29
1879,,29
235,3,46
1881,,10
941,1,46
1883,,29
471,2,46
1885,,46
943,1,10
1887,,10
59,5,10
1889,,27
945,1,10
1891,,10
473,2,10
1893,,10
947,1,10
1895,,63
237,3,10
1897,,22
949,1,10
1899,,22
475,2,7
1901,,7
951,1,7
1903,,46
119,4,10
1905,,10
953,1,7
1907,,7
477,2,10
1909,,10
955,1,7
1911,,7
239,3,17
1913,,27
957,1,17
1915,,63
479,2,17
1917,,17
959,1,46
1919,,46
15,7,5
1921,,51
961,1,15
1923,,15
481,2,15
1925,,15
963,1,15
1927,,15
241,3,5
1929,,17
965,1,5
1931,,51
483,2,5
1933,,5
967,1,51
1935,,51
121,4,34
1937,,15
969,1,15
1939,,15
485,2,34
1941,,34
971,1,10
1943,,10
243,3,34
1945,,10
973,1,34
1947,,27
487,2,51
1949,,51
975,1,51
1951,,63
61,5,5
1953,,10
977,1,34
1955,,34
489,2,15
1957,,15
979,1,15
1959,,27
245,3,5
1961,,63
981,1,5
1963,,27
491,2,51
1965,,51
983,1,51
1967,,34
123,4,15
1969,,5
985,1,5
1971,,5
493,2,15
1973,,15
987,1,10
1975,,10
247,3,15
1977,,51
989,1,15
1979,,51
495,2,34
1981,,34
991,1,34
1983,,15
31,6,39
1985,,15
993,1,32
1987,,32
497,2,5
1989,,5
995,1,5
1991,,15
249,3,15
1993,,15
997,1,15
1995,,15
499,2,15
1997,,15
999,1,15
1999,,15
125,4,39
2001,,15
1001,1,51
2003,,51
501,2,39
2005,,39
1003,1,12
2007,,12
251,3,22
2009,,5
1005,1,22
2011,,12
503,2,22
2013,,22
1007,1,32
2015,,32
63,5,39
2017,,22
1009,1,39
2019,,39
505,2,20
2021,,20
1011,1,20
2023,,56
253,3,39
2025,,56
1013,1,39
2027,,56
507,2,10
2029,,10
1015,1,10
2031,,20
127,4,15
2033,,39
1017,1,56
2035,,56
509,2,15
2037,,15
1019,1,20
2039,,20
255,3,15
2041,,20
1021,1,15
2043,,56
511,2,20
2045,,20
1023,1,20
2047,,56
1,11,0
2049,,56
1025,1,10
2051,,10
513,2,10
2053,,10
1027,1,10
2055,,10
257,3,44
2057,,39
1029,1,44
2059,,10
515,2,44
2061,,44
1031,1,10
2063,,10
129,4,44
2065,,44
1033,1,56
2067,,56
517,2,44
2069,,44
1035,1,44
2071,,44
259,3,44
2073,,10
1037,1,44
2075,,32
519,2,20
2077,,20
1039,1,20
2079,,15
65,5,8
2081,,20
1041,1,44
2083,,44
521,2,44
2085,,44
1043,1,44
2087,,39
261,3,8
2089,,20
1045,1,8
2091,,10
523,2,44
2093,,44
1047,1,44
2095,,37
131,4,8
2097,,20
1049,1,20
2099,,20
525,2,8
2101,,8
1051,1,32
2103,,32
263,3,27
2105,,44
1053,1,27
2107,,56
527,2,27
2109,,27
1055,1,61
2111,,61
33,6,8
2113,,27
1057,1,27
2115,,27
529,2,8
2117,,8
1059,1,8
2119,,27
265,3,44
2121,,37
1061,1,44
2123,,8
531,2,44
2125,,44
1063,1,25
2127,,25
133,4,8
2129,,44
1065,1,25
2131,,25
533,2,8
2133,,8
1067,1,20
2135,,20
267,3,5
2137,,20
1069,1,5
2139,,25
535,2,5
2141,,5
1071,1,61
2143,,61
67,5,8
2145,,25
1073,1,5
2147,,5
537,2,5
2149,,5
1075,1,5
2151,,37
269,3,8
2153,,25
1077,1,8
2155,,61
539,2,15
2157,,15
1079,1,15
2159,,44
135,4,13
2161,,8
1081,1,49
2163,,49
541,2,13
2165,,13
1083,1,49
2167,,49
271,3,13
2169,,25
1085,1,13
2171,,15
543,2,49
2173,,49
1087,1,49
2175,,25
17,7,3
2177,,49
1089,1,13
2179,,13
545,2,13
2181,,13
1091,1,13
2183,,49
273,3,8
2185,,37
1093,1,8
2187,,25
547,2,8
2189,,8
1095,1,25
2191,,25
137,4,32
2193,,49
1097,1,49
2195,,49
549,2,32
2197,,32
1099,1,8
2199,,8
275,3,32
2201,,49
1101,1,32
2203,,15
551,2,13
2205,,13
1103,1,13
2207,,61
69,5,3
2209,,25
1105,1,32
2211,,32
553,2,49
2213,,49
1107,1,49
2215,,42
277,3,3
2217,,25
1109,1,3
2219,,32
555,2,8
2221,,8
1111,1,8
2223,,66
139,4,13
2225,,49
1113,1,49
2227,,49
557,2,13
2229,,13
1115,1,32
2231,,32
279,3,13
2233,,49
1117,1,13
2235,,13
559,2,30
2237,,30
1119,1,30
2239,,49
35,6,3
2241,,13
1121,1,13
2243,,13
561,2,13
2245,,13
1123,1,13
2247,,25
281,3,13
2249,,13
1125,1,13
2251,,10
563,2,13
2253,,13
1127,1,49
2255,,49
141,4,3
2257,,10
1129,1,10
2259,,10
565,2,3
2261,,3
1131,1,10
2263,,10
283,3,20
2265,,20
1133,1,20
2267,,30
567,2,20
2269,,20
1135,1,20
2271,,20
71,5,37
2273,,49
1137,1,3
2275,,3
569,2,18
2277,,18
1139,1,18
2279,,54
285,3,37
2281,,54
1141,1,37
2283,,18
571,2,8
2285,,8
1143,1,8
2287,,42
143,4,37
2289,,37
1145,1,54
2291,,54
573,2,37
2293,,37
1147,1,18
2295,,18
287,3,13
2297,,18
1149,1,13
2299,,54
575,2,13
2301,,13
1151,1,18
2303,,18
9,8,6
2305,,37
1153,1,54
2307,,54
577,2,8
2309,,8
1155,1,8
2311,,54
289,3,8
2313,,37
1157,1,8
2315,,37
579,2,8
2317,,8
1159,1,18
2319,,18
145,4,42
2321,,8
1161,1,66
2323,,66
581,2,42
2325,,42
1163,1,54
2327,,54
291,3,42
2329,,54
1165,1,42
2331,,37
583,2,8
2333,,8
1167,1,8
2335,,30
73,5,42
2337,,18
1169,1,18
2339,,18
585,2,18
2341,,18
1171,1,18
2343,,54
293,3,42
2345,,54
1173,1,42
2347,,37
587,2,42
2349,,42
1175,1,42
2351,,18
147,4,42
2353,,8
1177,1,8
2355,,8
589,2,42
2357,,42
1179,1,18
2359,,18
295,3,18
2361,,18
1181,1,18
2363,,18
591,2,18
2365,,18
1183,1,30
2367,,30
37,6,6
2369,,42
1185,1,54
2371,,54
593,2,25
2373,,25
1187,1,25
2375,,59
297,3,25
2377,,15
1189,1,25
2379,,25
595,2,25
2381,,25
1191,1,15
2383,,15
149,4,6
2385,,35
1193,1,35
2387,,35
597,2,6
2389,,6
1195,1,42
2391,,42
299,3,42
2393,,23
1197,1,42
2395,,8
599,2,42
2397,,42
1199,1,23
2399,,23
75,5,3
2401,,59
1201,1,18
2403,,18
601,2,18
2405,,18
1203,1,18
2407,,23
301,3,3
2409,,42
1205,1,3
2411,,59
603,2,23
2413,,23
1207,1,23
2415,,42
151,4,3
2417,,3
1209,1,18
2419,,18
605,2,3
2421,,3
1211,1,23
2423,,23
303,3,13
2425,,59
1213,1,13
2427,,42
607,2,13
2429,,13
1215,1,59
2431,,59
19,7,6
2433,,13
1217,1,47
2435,,47
609,2,47
2437,,47
1219,1,47
2439,,47
305,3,11
2441,,23
1221,1,11
2443,,13
611,2,11
2445,,11
1223,1,47
2447,,47
153,4,11
2449,,47
1225,1,47
2451,,47
613,2,11
2453,,11
1227,1,47
2455,,47
307,3,11
2457,,47
1229,1,11
2459,,35
615,2,23
2461,,23
1231,1,23
2463,,76
77,5,6
2465,,23
1233,1,47
2467,,47
617,2,47
2469,,47
1235,1,47
2471,,47
309,3,6
2473,,42
1237,1,6
2475,,23
619,2,47
2477,,47
1239,1,47
2479,,13
155,4,30
2481,,11
1241,1,11
2483,,11
621,2,30
2485,,30
1243,1,23
2487,,23
311,3,30
2489,,11
1245,1,30
2491,,35
623,2,47
2493,,47
1247,1,47
2495,,23
39,6,11
2497,,30
1249,1,64
2499,,64
625,2,6
2501,,6
1251,1,6
2503,,20
313,3,47
2505,,30
1253,1,47
2507,,11
627,2,47
2509,,47
1255,1,30
2511,,30
157,4,11
2513,,47
1257,1,11
2515,,11
629,2,11
2517,,11
1259,1,28
2519,,28
315,3,11
2521,,11
1261,1,11
2523,,47
631,2,11
2525,,11
1263,1,64
2527,,64
79,5,11
2529,,23
1265,1,11
2531,,11
633,2,8
2533,,8
1267,1,8
2535,,28
317,3,11
2537,,47
1269,1,11
2539,,64
635,2,8
2541,,8
1271,1,8
2543,,64
159,4,18
2545,,11
1273,1,8
2547,,8
637,2,18
2549,,18
1275,1,28
2551,,28
319,3,18
2553,,64
1277,1,18
2555,,18
639,2,47
2557,,47
1279,1,47
2559,,40
5,9,1
2561,,52
1281,1,16
2563,,16
641,2,16
2565,,16
1283,1,16
2567,,52
321,3,6
2569,,16
1285,1,6
2571,,16
643,2,6
2573,,6
1287,1,52
2575,,52
161,4,35
2577,,6
1289,1,52
2579,,52
645,2,35
2581,,35
1291,1,16
2583,,16
323,3,35
2585,,16
1293,1,35
2587,,52
647,2,11
2589,,11
1295,1,11
2591,,16
81,5,6
2593,,11
1297,1,35
2595,,35
649,2,52
2597,,52
1299,1,52
2599,,52
325,3,6
2601,,64
1301,1,6
2603,,35
651,2,35
2605,,35
1303,1,35
2607,,28
163,4,6
2609,,16
1305,1,16
2611,,16
653,2,6
2613,,6
1307,1,64
2615,,64
327,3,52
2617,,28
1309,1,52
2619,,35
655,2,52
2621,,52
1311,1,35
2623,,35
41,6,40
2625,,6
1313,1,6
2627,,6
657,2,16
2629,,16
1315,1,16
2631,,69
329,3,16
2633,,11
1317,1,16
2635,,16
659,2,16
2637,,16
1319,1,52
2639,,52
165,4,40
2641,,35
1321,1,35
2643,,35
661,2,40
2645,,40
1323,1,16
2647,,16
331,3,6
2649,,33
1325,1,6
2651,,52
663,2,6
2653,,6
1327,1,16
2655,,16
83,5,40
2657,,16
1329,1,16
2659,,16
665,2,16
2661,,16
1331,1,16
2663,,28
333,3,40
2665,,16
1333,1,40
2667,,13
667,2,52
2669,,52
1335,1,52
2671,,13
167,4,23
2673,,40
1337,1,13
2675,,13
669,2,23
2677,,23
1339,1,6
2679,,6
335,3,23
2681,,13
1341,1,23
2683,,23
671,2,33
2685,,33
1343,1,33
2687,,33
21,7,1
2689,,23
1345,1,40
2691,,40
673,2,21
2693,,21
1347,1,21
2695,,6
337,3,40
2697,,57
1349,1,40
2699,,21
675,2,40
2701,,40
1351,1,57
2703,,57
169,4,16
2705,,11
1353,1,11
2707,,11
677,2,16
2709,,16
1355,1,40
2711,,40
339,3,16
2713,,57
1357,1,16
2715,,33
679,2,21
2717,,21
1359,1,21
2719,,21
85,5,1
2721,,21
1361,1,16
2723,,16
681,2,21
2725,,21
1363,1,21
2727,,45
341,3,1
2729,,57
1365,1,1
2731,,40
683,2,11
2733,,11
1367,1,11
2735,,57
171,4,45
2737,,11
1369,1,11
2739,,11
685,2,45
2741,,45
1371,1,40
2743,,40
343,3,45
2745,,11
1373,1,45
2747,,21
687,2,11
2749,,11
1375,1,11
2751,,62
43,6,9
2753,,45
1377,1,57
2755,,57
689,2,45
2757,,45
1379,1,45
2759,,57
345,3,45
2761,,45
1381,1,45
2763,,11
691,2,45
2765,,45
1383,1,33
2767,,33
173,4,9
2769,,21
1385,1,21
2771,,21
693,2,9
2773,,9
1387,1,21
2775,,21
347,3,45
2777,,45
1389,1,45
2779,,57
695,2,45
2781,,45
1391,1,40
2783,,40
87,5,9
2785,,21
1393,1,9
2787,,9
697,2,45
2789,,45
1395,1,45
2791,,21
349,3,9
2793,,38
1397,1,9
2795,,21
699,2,21
2797,,21
1399,1,21
2799,,21
175,4,28
2801,,9
1401,1,33
2803,,33
701,2,28
2805,,28
1403,1,45
2807,,45
351,3,28
2809,,57
1405,1,28
2811,,18
703,2,62
2813,,62
1407,1,62
2815,,57
11,8,4
2817,,28
1409,1,28
2819,,28
705,2,9
2821,,9
1411,1,9
2823,,18
353,3,45
2825,,28
1413,1,45
2827,,38
707,2,45
2829,,45
1415,1,9
2831,,9
177,4,9
2833,,45
1417,1,26
2835,,26
709,2,9
2837,,9
1419,1,45
2839,,45
355,3,9
2841,,26
1421,1,9
2843,,62
711,2,21
2845,,21
1423,1,21
2847,,62
89,5,9
2849,,21
1425,1,6
2851,,6
713,2,6
2853,,6
1427,1,6
2855,,45
357,3,9
2857,,62
1429,1,9
2859,,26
715,2,6
2861,,6
1431,1,6
2863,,26
179,4,9
2865,,6
1433,1,6
2867,,6
717,2,9
2869,,9
1435,1,26
2871,,26
359,3,16
2873,,62
1437,1,16
2875,,16
719,2,16
2877,,16
1439,1,45
2879,,45
45,6,4
2881,,9
1441,1,50
2883,,50
721,2,14
2885,,14
1443,1,14
2887,,45
361,3,14
2889,,50
1445,1,14
2891,,14
723,2,14
2893,,14
1447,1,16
2895,,16
181,4,4
2897,,50
1449,1,50
2899,,50
725,2,4
2901,,4
1451,1,50
2903,,50
363,3,14
2905,,14
1453,1,14
2907,,50
727,2,14
2909,,14
1455,1,50
2911,,50
91,5,33
2913,,38
1457,1,9
2915,,9
729,2,9
2917,,9
1459,1,9
2919,,79
365,3,33
2921,,26
1461,1,33
2923,,50
731,2,50
2925,,50
1463,1,50
2927,,62
183,4,33
2929,,33
1465,1,9
2931,,9
733,2,33
2933,,33
1467,1,50
2935,,50
367,3,14
2937,,16
1469,1,14
2939,,26
735,2,14
2941,,14
1471,1,62
2943,,62
23,7,4
2945,,26
1473,1,33
2947,,33
737,2,50
2949,,50
1475,1,50
2951,,33
369,3,4
2953,,43
1477,1,4
2955,,50
739,2,4
2957,,4
1479,1,33
2959,,33
185,4,14
2961,,9
1481,1,9
2963,,9
741,2,14
2965,,14
1483,1,50
2967,,50
371,3,14
2969,,50
1485,1,14
2971,,14
743,2,33
2973,,33
1487,1,33
2975,,14
93,5,4
2977,,50
1489,1,14
2979,,14
745,2,31
2981,,31
1491,1,31
2983,,50
373,3,4
2985,,50
1493,1,4
2987,,14
747,2,14
2989,,14
1495,1,14
2991,,14
187,4,14
2993,,14
1497,1,14
2995,,14
749,2,14
2997,,14
1499,1,14
2999,,14
375,3,14
3001,,11
1501,1,14
3003,,11
751,2,50
3005,,50
1503,1,50
3007,,55
47,6,38
3009,,11
1505,1,11
3011,,11
753,2,4
3013,,4
1507,1,4
3015,,31
377,3,21
3017,,11
1509,1,21
3019,,21
755,2,21
3021,,21
1511,1,31
3023,,31
189,4,38
3025,,21
1513,1,21
3027,,21
757,2,38
3029,,38
1515,1,50
3031,,50
379,3,19
3033,,4
1517,1,19
3035,,55
759,2,19
3037,,19
1519,1,55
3039,,55
95,5,38
3041,,55
1521,1,38
3043,,38
761,2,9
3045,,9
1523,1,9
3047,,19
381,3,38
3049,,43
1525,1,38
3051,,55
763,2,55
3053,,55
1527,1,55
3055,,31
191,4,14
3057,,38
1529,1,19
3059,,19
765,2,14
3061,,14
1531,1,19
3063,,19
383,3,14
3065,,55
1533,1,14
3067,,19
767,2,19
3069,,19
1535,1,19
3071,,55
3,10,2
3073,,38
1537,1,55
3075,,55
769,2,9
3077,,9
1539,1,9
3079,,55
385,3,9
3081,,55
1541,1,9
3083,,9
771,2,9
3085,,9
1543,1,38
3087,,38
193,4,43
3089,,9
1545,1,19
3091,,19
773,2,43
3093,,43
1547,1,9
3095,,9
387,3,43
3097,,67
1549,1,43
3099,,48
775,2,55
3101,,55
1551,1,55
3103,,31
97,5,43
3105,,55
1553,1,43
3107,,43
777,2,9
3109,,9
1555,1,9
3111,,9
389,3,43
3113,,31
1557,1,43
3115,,19
779,2,19
3117,,19
1559,1,19
3119,,14
195,4,43
3121,,19
1561,1,19
3123,,19
781,2,43
3125,,43
1563,1,55
3127,,55
391,3,43
3129,,38
1565,1,43
3131,,38
783,2,43
3133,,43
1567,1,19
3135,,19
49,6,7
3137,,9
1569,1,9
3139,,9
785,2,43
3141,,43
1571,1,43
3143,,36
393,3,19
3145,,19
1573,1,19
3147,,43
787,2,19
3149,,19
1575,1,19
3151,,19
197,4,7
3153,,19
1577,1,31
3155,,31
789,2,7
3157,,7
1579,1,43
3159,,43
395,3,26
3161,,55
1581,1,26
3163,,16
791,2,26
3165,,26
1583,1,60
3167,,60
99,5,7
3169,,16
1585,1,26
3171,,26
793,2,26
3173,,26
1587,1,26
3175,,72
397,3,7
3177,,16
1589,1,7
3179,,26
795,2,36
3181,,36
1591,1,36
3183,,19
199,4,43
3185,,7
1593,1,43
3187,,43
797,2,43
3189,,43
1595,1,24
3191,,24
399,3,43
3193,,9
1597,1,43
3195,,24
799,2,24
3197,,24
1599,1,24
3199,,60
25,7,7
3201,,60
1601,1,19
3203,,19
801,2,19
3205,,19
1603,1,19
3207,,14
401,3,4
3209,,24
1605,1,4
3211,,43
803,2,4
3213,,4
1607,1,60
3215,,60
201,4,4
3217,,24
1609,1,24
3219,,24
805,2,4
3221,,4
1611,1,4
3223,,4
403,3,4
3225,,19
1613,1,4
3227,,36
807,2,24
3229,,24
1615,1,24
3231,,60
101,5,7
3233,,60
1617,1,14
3235,,14
809,2,14
3237,,14
1619,1,14
3239,,43
405,3,7
3241,,60
1621,1,7
3243,,14
811,2,48
3245,,48
1623,1,48
3247,,14
203,4,12
3249,,48
1625,1,48
3251,,48
813,2,12
3253,,12
1627,1,24
3255,,24
407,3,12
3257,,14
1629,1,12
3259,,14
815,2,48
3261,,48
1631,1,48
3263,,24
51,6,7
3265,,48
1633,1,48
3267,,48
817,2,12
3269,,12
1635,1,12
3271,,48
409,3,12
3273,,48
1637,1,12
3275,,48
819,2,12
3277,,12
1639,1,36
3279,,36
205,4,7
3281,,24
1641,1,24
3283,,24
821,2,7
3285,,7
1643,1,24
3287,,24
411,3,48
3289,,48
1645,1,48
3291,,48
823,2,48
3293,,48
1647,1,48
3295,,48
103,5,31
3297,,43
1649,1,7
3299,,7
825,2,48
3301,,48
1651,1,48
3303,,24
413,3,31
3305,,14
1653,1,31
3307,,24
827,2,12
3309,,12
1655,1,12
3311,,60
207,4,31
3313,,31
1657,1,24
3315,,24
829,2,31
3317,,31
1659,1,12
3319,,12
415,3,48
3321,,36
1661,1,48
3323,,41
831,2,48
3325,,48
1663,1,24
3327,,24
13,8,2
3329,,31
1665,1,65
3331,,65
833,2,7
3333,,7
1667,1,7
3335,,65
417,3,48
3337,,21
1669,1,48
3339,,31
835,2,48
3341,,48
1671,1,12
3343,,12
209,4,12
3345,,48
1673,1,31
3347,,31
837,2,12
3349,,12
1675,1,48
3351,,48
419,3,12
3353,,12
1677,1,12
3355,,31
839,2,29
3357,,29
1679,1,29
3359,,48
105,5,12
3361,,12
1681,1,12
3363,,12
841,2,12
3365,,12
1683,1,12
3367,,29
421,3,12
3369,,65
1685,1,12
3371,,24
843,2,12
3373,,12
1687,1,12
3375,,48
211,4,12
3377,,9
1689,1,9
3379,,9
845,2,12
3381,,12
1691,1,48
3383,,48
423,3,9
3385,,65
1693,1,9
3387,,12
847,2,9
3389,,9
1695,1,65
3391,,65
53,6,2
3393,,12
1697,1,9
3395,,9
849,2,19
3397,,19
1699,1,19
3399,,41
425,3,19
3401,,29
1701,1,19
3403,,19
851,2,19
3405,,19
1703,1,19
3407,,19
213,4,2
3409,,48
1705,1,48
3411,,48
853,2,2
3413,,2
1707,1,53
3415,,53
427,3,17
3417,,17
1709,1,17
3419,,53
855,2,17
3421,,17
1711,1,53
3423,,53
107,5,36
3425,,17
1713,1,7
3427,,7
857,2,7
3429,,7
1715,1,7
3431,,41
429,3,36
3433,,53
1717,1,36
3435,,53
859,2,53
3437,,53
1719,1,53
3439,,53
215,4,36
3441,,36
1721,1,17
3443,,17
861,2,36
3445,,36
1723,1,17
3447,,17
431,3,12
3449,,53
1725,1,12
3451,,17
863,2,12
3453,,12
1727,1,17
3455,,17
27,7,41
3457,,12
1729,1,36
3459,,36
865,2,53
3461,,53
1731,1,53
3463,,36
433,3,7
3465,,53
1733,1,7
3467,,53
867,2,7
3469,,7
1735,1,36
3471,,36
217,4,7
3473,,36
1737,1,36
3475,,36
869,2,7
3477,,7
1739,1,17
3479,,17
435,3,7
3481,,17
1741,1,7
3483,,29
871,2,65
3485,,65
1743,1,65
3487,,46
109,5,41
3489,,29
1745,1,53
3491,,53
873,2,53
3493,,53
1747,1,53
3495,,17
437,3,41
3497,,36
1749,1,41
3499,,46
875,2,7
3501,,7
1751,1,7
3503,,29
219,4,17
3505,,17
1753,1,17
3507,,17
877,2,17
3509,,17
1755,1,12
3511,,12
439,3,17
3513,,17
1757,1,17
3515,,53
879,2,53
3517,,53
1759,1,53
3519,,26
55,6,41
3521,,36
1761,1,36
3523,,36
881,2,41
3525,,41
1763,1,41
3527,,17
441,3,7
3529,,17
1765,1,7
3531,,34
883,2,7
3533,,7
1767,1,53
3535,,53
221,4,41
3537,,7
1769,1,17
3539,,17
885,2,41
3541,,41
1771,1,17
3543,,17
443,3,17
3545,,17
1773,1,17
3547,,17
887,2,17
3549,,17
1775,1,29
3551,,29
111,5,24
3553,,17
1777,1,41
3555,,41
889,2,53
3557,,53
1779,1,53
3559,,14
445,3,24
3561,,14
1781,1,24
3563,,58
891,2,14
3565,,14
1783,1,14
3567,,70
223,4,24
3569,,24
1785,1,7
3571,,7
893,2,24
3573,,24
1787,1,14
3575,,14
447,3,34
3577,,24
1789,1,34
3579,,24
895,2,34
3581,,34
1791,1,34
3583,,34
7,9,5
3585,,24
1793,1,41
3587,,41
897,2,22
3589,,22
1795,1,22
3591,,53
449,3,41
3593,,7
1797,1,41
3595,,22
899,2,41
3597,,41
1799,1,22
3599,,22
225,4,17
3601,,41
1801,1,58
3603,,58
901,2,17
3605,,17
1803,1,12
3607,,12
451,3,17
3609,,12
1805,1,17
3611,,22
903,2,41
3613,,41
1807,1,41
3615,,22
113,5,2
3617,,58
1809,1,17
3619,,17
905,2,22
3621,,22
1811,1,22
3623,,41
453,3,2
3625,,22
1813,1,2
3627,,17
907,2,17
3629,,17
1815,1,17
3631,,34
227,4,2
3633,,22
1817,1,22
3635,,22
909,2,2
3637,,2
1819,1,58
3639,,58
455,3,12
3641,,41
1821,1,12
3643,,58
911,2,12
3645,,12
1823,1,58
3647,,58
57,6,10
3649,,12
1825,1,12
3651,,12
913,2,46
3653,,46
1827,1,46
3655,,41
457,3,46
3657,,41
1829,1,46
3659,,46
915,2,46
3661,,46
1831,1,22
3663,,22
229,4,10
3665,,12
1833,1,12
3667,,12
917,2,10
3669,,10
1835,1,46
3671,,46
459,3,46
3673,,58
1837,1,46
3675,,34
919,2,46
3677,,46
1839,1,58
3679,,58
115,5,10
3681,,46
1841,1,46
3683,,46
921,2,46
3685,,46
1843,1,46
3687,,12
461,3,10
3689,,34
1845,1,10
3691,,22
923,2,22
3693,,22
1847,1,22
3695,,75
231,4,46
3697,,10
1849,1,22
3699,,22
925,2,46
3701,,46
1851,1,46
3703,,46
463,3,46
3705,,58
1853,1,46
3707,,46
927,2,41
3709,,41
1855,1,41
3711,,87
29,7,5
3713,,22
1857,1,10
3715,,10
929,2,46
3717,,46
1859,1,46
3719,,12
465,3,10
3721,,22
1861,1,10
3723,,46
931,2,10
3725,,10
1863,1,22
3727,,22
233,4,29
3729,,22
1865,1,22
3731,,22
933,2,29
3733,,29
1867,1,10
3735,,10
467,3,29
3737,,34
1869,1,29
3739,,39
935,2,46
3741,,46
1871,1,46
3743,,22
117,5,5
3745,,58
1873,1,29
3747,,29
937,2,63
3749,,63
1875,1,63
3751,,19
469,3,5
3753,,58
1877,1,5
3755,,19
939,2,29
3757,,29
1879,1,29
3759,,29
235,4,46
3761,,10
1881,1,10
3763,,10
941,2,46
3765,,46
1883,1,29
3767,,29
471,3,46
3769,,39
1885,1,46
3771,,39
943,2,10
3773,,10
1887,1,10
3775,,29
59,6,10
3777,,46
1889,1,27
3779,,27
945,2,10
3781,,10
1891,1,10
3783,,46
473,3,10
3785,,46
1893,1,10
3787,,27
947,2,10
3789,,10
1895,1,63
3791,,63
237,4,10
3793,,22
1897,1,22
3795,,22
949,2,10
3797,,10
1899,1,22
3799,,22
475,3,7
3801,,7
1901,1,7
3803,,27
951,2,7
3805,,7
1903,1,46
3807,,46
119,5,10
3809,,63
1905,1,10
3811,,10
953,2,7
3813,,7
1907,1,7
3815,,63
477,3,10
3817,,27
1909,1,10
3819,,7
955,2,7
3821,,7
1911,1,7
3823,,63
239,4,17
3825,,10
1913,1,27
3827,,27
957,2,17
3829,,17
1915,1,63
3831,,63
479,3,17
3833,,17
1917,1,17
3835,,46
959,2,46
3837,,46
1919,1,46
3839,,39
15,8,5
3841,,10
1921,1,51
3843,,51
961,2,15
3845,,15
1923,1,15
3847,,51
481,3,15
3849,,46
1925,1,15
3851,,51
963,2,15
3853,,15
1927,1,15
3855,,15
241,4,5
3857,,15
1929,1,17
3859,,17
965,2,5
3861,,5
1931,1,51
3863,,51
483,3,5
3865,,51
1933,1,5
3867,,27
967,2,51
3869,,51
1935,1,51
3871,,39
121,5,34
3873,,15
1937,1,15
3875,,15
969,2,15
3877,,15
1939,1,15
3879,,51
485,3,34
3881,,51
1941,1,34
3883,,15
971,2,10
3885,,10
1943,1,10
3887,,15
243,4,34
3889,,10
1945,1,10
3891,,10
973,2,34
3893,,34
1947,1,27
3895,,27
487,3,51
3897,,51
1949,1,51
3899,,51
975,2,51
3901,,51
1951,1,63
3903,,63
61,6,5
3905,,34
1953,1,10
3907,,10
977,2,34
3909,,34
1955,1,34
3911,,27
489,3,15
3913,,51
1957,1,15
3915,,34
979,2,15
3917,,15
1959,1,27
3919,,27
245,4,5
3921,,15
1961,1,63
3923,,63
981,2,5
3925,,5
1963,1,27
3927,,27
491,3,51
3929,,34
1965,1,51
3931,,27
983,2,51
3933,,51
1967,1,34
3935,,34
123,5,15
3937,,44
1969,1,5
3939,,5
985,2,5
3941,,5
1971,1,5
3943,,63
493,3,15
3945,,34
1973,1,15
3947,,68
987,2,10
3949,,10
1975,1,10
3951,,24
247,4,15
3953,,15
1977,1,51
3955,,51
989,2,15
3957,,15
1979,1,51
3959,,51
495,3,34
3961,,15
1981,1,34
3963,,15
991,2,34
3965,,34
1983,1,15
3967,,15
31,7,39
3969,,51
1985,1,15
3971,,15
993,2,32
3973,,32
1987,1,32
3975,,15
497,3,5
3977,,51
1989,1,5
3979,,32
995,2,5
3981,,5
1991,1,15
3983,,15
249,4,15
3985,,15
1993,1,15
3987,,15
997,2,15
3989,,15
1995,1,15
3991,,15
499,3,15
3993,,15
1997,1,15
3995,,27
999,2,15
3997,,15
1999,1,15
3999,,68
125,5,39
4001,,12
2001,1,15
4003,,15
1001,2,51
4005,,51
2003,1,51
4007,,12
501,3,39
4009,,56
2005,1,39
4011,,68
1003,2,12
4013,,12
2007,1,12
4015,,12
251,4,22
4017,,5
2009,1,5
4019,,5
1005,2,22
4021,,22
2011,1,12
4023,,12
503,3,22
4025,,22
2013,1,22
4027,,22
1007,2,32
4029,,32
2015,1,32
4031,,32
63,6,39
4033,,22
2017,1,22
4035,,22
1009,2,39
4037,,39
2019,1,39
4039,,51
505,3,20
4041,,51
2021,1,20
4043,,5
1011,2,20
4045,,20
2023,1,56
4047,,56
253,4,39
4049,,20
2025,1,56
4051,,56
1013,2,39
4053,,39
2027,1,56
4055,,56
507,3,10
4057,,39
2029,1,10
4059,,20
1015,2,10
4061,,10
2031,1,20
4063,,20
127,5,15
4065,,44
2033,1,39
4067,,39
1017,2,56
4069,,56
2035,1,56
4071,,56
509,3,15
4073,,32
2037,1,15
4075,,56
1019,2,20
4077,,20
2039,1,20
4079,,20
255,4,15
4081,,15
2041,1,20
4083,,20
1021,2,15
4085,,15
2043,1,56
4087,,56
511,3,20
4089,,20
2045,1,20
4091,,44
1023,2,20
4093,,20
2047,1,56
4095,,56
1,12,0
4097,,39
2049,1,56
4099,,56
1025,2,10
4101,,10
2051,1,10
4103,,56
513,3,10
4105,,56
2053,1,10
4107,,10
1027,2,10
4109,,10
2055,1,10
4111,,10
257,4,44
4113,,10
2057,1,39
4115,,39
1029,2,44
4117,,44
2059,1,10
4119,,10
515,3,44
4121,,20
2061,1,44
4123,,32
1031,2,10
4125,,10
2063,1,10
4127,,61
129,5,44
4129,,68
2065,1,44
4131,,44
1033,2,56
4133,,56
2067,1,56
4135,,32
517,3,44
4137,,32
2069,1,44
4139,,56
1035,2,44
4141,,44
2071,1,44
4143,,20
259,4,44
4145,,10
2073,1,10
4147,,10
1037,2,44
4149,,44
2075,1,32
4151,,32
519,3,20
4153,,20
2077,1,20
4155,,20
1039,2,20
4157,,20
2079,1,15
4159,,15
65,6,8
4161,,20
2081,1,20
4163,,20
1041,2,44
4165,,44
2083,1,44
4167,,39
521,3,44
4169,,56
2085,1,44
4171,,44
1043,2,44
4173,,44
2087,1,39
4175,,39
261,4,8
4177,,44
2089,1,20
4179,,20
1045,2,8
4181,,8
2091,1,10
4183,,10
523,3,44
4185,,10
2093,1,44
4187,,20
1047,2,44
4189,,44
2095,1,37
4191,,37
131,5,8
4193,,20
2097,1,20
4195,,20
1049,2,20
4197,,20
2099,1,20
4199,,20
525,3,8
4201,,20
2101,1,8
4203,,20
1051,2,32
4205,,32
2103,1,32
4207,,37
263,4,27
4209,,8
2105,1,44
4211,,44
1053,2,27
4213,,27
2107,1,56
4215,,56
527,3,27
4217,,17
2109,1,27
4219,,56
1055,2,61
4221,,61
2111,1,61
4223,,56
33,7,8
4225,,17
2113,1,27
4227,,27
1057,2,27
4229,,27
2115,1,27
4231,,10
529,3,8
4233,,73
2117,1,8
4235,,17
1059,2,8
4237,,8
2119,1,27
4239,,27
265,4,44
4241,,37
2121,1,37
4243,,37
1061,2,44
4245,,44
2123,1,8
4247,,8
531,3,44
4249,,44
2125,1,44
4251,,27
1063,2,25
4253,,25
2127,1,25
4255,,73
133,5,8
4257,,10
2129,1,44
4259,,44
1065,2,25
4261,,25
2131,1,25
4263,,44
533,3,8
4265,,61
2133,1,8
4267,,44
1067,2,20
4269,,20
2135,1,20
4271,,61
267,4,5
4273,,20
2137,1,20
4275,,20
1069,2,5
4277,,5
2139,1,25
4279,,25
535,3,5
4281,,44
2141,1,5
4283,,44
1071,2,61
4285,,61
2143,1,61
4287,,44
67,6,8
4289,,25
2145,1,25
4291,,25
1073,2,5
4293,,5
2147,1,5
4295,,25
537,3,5
4297,,5
2149,1,5
4299,,20
1075,2,5
4301,,5
2151,1,37
4303,,37
269,4,8
4305,,25
2153,1,25
4307,,25
1077,2,8
4309,,8
2155,1,61
4311,,61
539,3,15
4313,,15
2157,1,15
4315,,44
1079,2,15
4317,,15
2159,1,44
4319,,44
135,5,13
4321,,61
2161,1,8
4323,,8
1081,2,49
4325,,49
2163,1,49
4327,,61
541,3,13
4329,,15
2165,1,13
4331,,44
1083,2,49
4333,,49
2167,1,49
4335,,20
271,4,13
4337,,13
2169,1,25
4339,,25
1085,2,13
4341,,13
2171,1,15
4343,,15
543,3,49
4345,,15
2173,1,49
4347,,66
1087,2,49
4349,,49
2175,1,25
4351,,25
17,8,3
4353,,49
2177,1,49
4355,,49
1089,2,13
4357,,13
2179,1,13
4359,,61
545,3,13
4361,,49
2181,1,13
4363,,49
1091,2,13
4365,,13
2183,1,49
4367,,49
273,4,8
4369,,13
2185,1,37
4371,,37
1093,2,8
4373,,8
2187,1,25
4375,,25
547,3,8
4377,,25
2189,1,8
4379,,78
1095,2,25
4381,,25
2191,1,25
4383,,25
137,5,32
4385,,49
2193,1,49
4387,,49
1097,2,49
4389,,49
2195,1,49
4391,,61
549,3,32
4393,,49
2197,1,32
4395,,44
1099,2,8
4397,,8
2199,1,8
4399,,34
275,4,32
4401,,49
2201,1,49
4403,,49
1101,2,32
4405,,32
2203,1,15
4407,,15
551,3,13
4409,,25
2205,1,13
4411,,13
1103,2,13
4413,,13
2207,1,61
4415,,61
69,6,3
4417,,32
2209,1,25
4419,,25
1105,2,32
4421,,32
2211,1,32
4423,,25
553,3,49
4425,,13
2213,1,49
4427,,32
1107,2,49
4429,,49
2215,1,42
4431,,42
277,4,3
4433,,49
2217,1,25
4435,,25
1109,2,3
4437,,3
2219,1,32
4439,,32
555,3,8
4441,,66
2221,1,8
4443,,32
1111,2,8
4445,,8
2223,1,66
4447,,66
139,5,13
4449,,22
2225,1,49
4451,,49
1113,2,49
4453,,49
2227,1,49
4455,,32
557,3,13
4457,,13
2229,1,13
4459,,13
1115,2,32
4461,,32
2231,1,32
4463,,13
279,4,13
4465,,13
2233,1,49
4467,,49
1117,2,13
4469,,13
2235,1,13
4471,,13
559,3,30
4473,,32
2237,1,30
4475,,49
1119,2,30
4477,,30
2239,1,49
4479,,49
35,7,3
4481,,13
2241,1,13
4483,,13
1121,2,13
4485,,13
2243,1,13
4487,,13
561,3,13
4489,,30
2245,1,13
4491,,66
1123,2,13
4493,,13
2247,1,25
4495,,25
281,4,13
4497,,13
2249,1,13
4499,,13
1125,2,13
4501,,13
2251,1,10
4503,,10
563,3,13
4505,,10
2253,1,13
4507,,30
1127,2,49
4509,,49
2255,1,49
4511,,54
141,5,3
4513,,66
2257,1,10
4515,,10
1129,2,10
4517,,10
2259,1,10
4519,,30
565,3,3
4521,,66
2261,1,3
4523,,30
1131,2,10
4525,,10
2263,1,10
4527,,10
283,4,20
4529,,20
2265,1,20
4531,,20
1133,2,20
4533,,20
2267,1,30
4535,,30
567,3,20
4537,,20
2269,1,20
4539,,66
1135,2,20
4541,,20
2271,1,20
4543,,66
71,6,37
4545,,49
2273,1,49
4547,,49
1137,2,3
4549,,3
2275,1,3
4551,,66
569,3,18
4553,,54
2277,1,18
4555,,18
1139,2,18
4557,,18
2279,1,54
4559,,54
285,4,37
4561,,18
2281,1,54
4563,,54
1141,2,37
4565,,37
2283,1,18
4567,,18
571,3,8
4569,,8
2285,1,8
4571,,18
1143,2,8
4573,,8
2287,1,42
4575,,42
143,5,37
4577,,54
2289,1,37
4579,,37
1145,2,54
4581,,54
2291,1,54
4583,,30
573,3,37
4585,,54
2293,1,37
4587,,42
1147,2,18
4589,,18
2295,1,18
4591,,61
287,4,13
4593,,37
2297,1,18
4595,,18
1149,2,13
4597,,13
2299,1,54
4599,,54
575,3,13
4601,,18
2301,1,13
4603,,42
1151,2,18
4605,,18
2303,1,18
4607,,54
9,9,6
4609,,13
2305,1,37
4611,,37
1153,2,54
4613,,54
2307,1,54
4615,,30
577,3,8
4617,,37
2309,1,8
4619,,54
1155,2,8
4621,,8
2311,1,54
4623,,54
289,4,8
4625,,8
2313,1,37
4627,,37
1157,2,8
4629,,8
2315,1,37
4631,,37
579,3,8
4633,,37
2317,1,8
4635,,30
1159,2,18
4637,,18
2319,1,18
4639,,30
145,5,42
4641,,18
2321,1,8
4643,,8
1161,2,66
4645,,66
2323,1,66
4647,,18
581,3,42
4649,,47
2325,1,42
4651,,8
1163,2,54
4653,,54
2327,1,54
4655,,30
291,4,42
4657,,54
2329,1,54
4659,,54
1165,2,42
4661,,42
2331,1,37
4663,,37
583,3,8
4665,,47
2333,1,8
4667,,8
1167,2,8
4669,,8
2335,1,30
4671,,30
73,6,42
4673,,18
2337,1,18
4675,,18
1169,2,18
4677,,18
2339,1,18
4679,,13
585,3,18
4681,,13
2341,1,18
4683,,18
1171,2,18
4685,,18
2343,1,54
4687,,54
293,4,42
4689,,54
2345,1,54
4691,,54
1173,2,42
4693,,42
2347,1,37
4695,,37
587,3,42
4697,,37
2349,1,42
4699,,27
1175,2,42
4701,,42
2351,1,18
4703,,18
147,5,42
4705,,18
2353,1,8
4707,,8
1177,2,8
4709,,8
2355,1,8
4711,,18
589,3,42
4713,,54
2357,1,42
4715,,35
1179,2,18
4717,,18
2359,1,18
4719,,35
295,4,18
4721,,42
2361,1,18
4723,,18
1181,2,18
4725,,18
2363,1,18
4727,,18
591,3,18
4729,,18
2365,1,18
4731,,18
1183,2,30
4733,,30
2367,1,30
4735,,54
37,7,6
4737,,18
2369,1,42
4739,,42
1185,2,54
4741,,54
2371,1,54
4743,,18
593,3,25
4745,,15
2373,1,25
4747,,54
1187,2,25
4749,,25
2375,1,59
4751,,59
297,4,25
4753,,15
2377,1,15
4755,,15
1189,2,25
4757,,25
2379,1,25
4759,,25
595,3,25
4761,,8
2381,1,25
4763,,71
1191,2,15
4765,,15
2383,1,15
4767,,35
149,5,6
4769,,25
2385,1,35
4771,,35
1193,2,35
4773,,35
2387,1,35
4775,,18
597,3,6
4777,,35
2389,1,6
4779,,25
1195,2,42
4781,,42
2391,1,42
4783,,25
299,4,42
4785,,23
2393,1,23
4787,,23
1197,2,42
4789,,42
2395,1,8
4791,,8
599,3,42
4793,,23
2397,1,42
4795,,59
1199,2,23
4797,,23
2399,1,23
4799,,59
75,6,3
4801,,42
2401,1,59
4803,,59
1201,2,18
4805,,18
2403,1,18
4807,,42
601,3,18
4809,,13
2405,1,18
4811,,13
1203,2,18
4813,,18
2407,1,23
4815,,23
301,4,3
4817,,42
2409,1,42
4819,,42
1205,2,3
4821,,3
2411,1,59
4823,,59
603,3,23
4825,,18
2413,1,23
4827,,35
1207,2,23
4829,,23
2415,1,42
4831,,42
151,5,3
4833,,23
2417,1,3
4835,,3
1209,2,18
4837,,18
2419,1,18
4839,,59
605,3,3
4841,,35
2421,1,3
4843,,59
1211,2,23
4845,,23
2423,1,23
4847,,59
303,4,13
4849,,3
2425,1,59
4851,,59
1213,2,13
4853,,13
2427,1,42
4855,,42
607,3,13
4857,,59
2429,1,13
4859,,42
1215,2,59
4861,,59
2431,1,59
4863,,30
19,8,6
4865,,13
2433,1,13
4867,,13
1217,2,47
4869,,47
2435,1,47
4871,,13
609,3,47
4873,,42
2437,1,47
4875,,42
1219,2,47
4877,,47
2439,1,47
4879,,47
305,4,11
4881,,47
2441,1,23
4883,,23
1221,2,11
4885,,11
2443,1,13
4887,,13
611,3,11
4889,,13
2445,1,11
4891,,64
1223,2,47
4893,,47
2447,1,47
4895,,23
153,5,11
4897,,59
2449,1,47
4899,,47
1225,2,47
4901,,47
2451,1,47
4903,,35
613,3,11
4905,,59
2453,1,11
4907,,47
1227,2,47
4909,,47
2455,1,47
4911,,42
307,4,11
4913,,47
2457,1,47
4915,,47
1229,2,11
4917,,11
2459,1,35
4919,,35
615,3,23
4921,,23
2461,1,23
4923,,23
1231,2,23
4925,,23
2463,1,76
4927,,76
77,6,6
4929,,11
2465,1,23
4931,,23
1233,2,47
4933,,47
2467,1,47
4935,,71
617,3,47
4937,,47
2469,1,47
4939,,47
1235,2,47
4941,,47
2471,1,47
4943,,47
309,4,6
4945,,42
2473,1,42
4947,,42
1237,2,6
4949,,6
2475,1,23
4951,,23
619,3,47
4953,,11
2477,1,47
4955,,23
1239,2,47
4957,,47
2479,1,13
4959,,13
155,5,30
4961,,23
2481,1,11
4963,,11
1241,2,11
4965,,11
2483,1,11
4967,,59
621,3,30
4969,,23
2485,1,30
4971,,23
1243,2,23
4973,,23
2487,1,23
4975,,23
311,4,30
4977,,30
2489,1,11
4979,,11
1245,2,30
4981,,30
2491,1,35
4983,,35
623,3,47
4985,,40
2493,1,47
4987,,59
1247,2,47
4989,,47
2495,1,23
4991,,23
39,7,11
4993,,59
2497,1,30
4995,,30
1249,2,64
4997,,64
2499,1,64
4999,,30
625,3,6
5001,,20
2501,1,6
5003,,64
1251,2,6
5005,,6
2503,1,20
5007,,20
313,4,47
5009,,30
2505,1,30
5011,,30
1253,2,47
5013,,47
2507,1,11
5015,,11
627,3,47
5017,,11
2509,1,47
5019,,20
1255,2,30
5021,,30
2511,1,30
5023,,30
157,5,11
5025,,40
2513,1,47
5027,,47
1257,2,11
5029,,11
2515,1,11
5031,,40
629,3,11
5033,,30
2517,1,11
5035,,47
1259,2,28
5037,,28
2519,1,28
5039,,47
315,4,11
5041,,11
2521,1,11
5043,,11
1261,2,11
5045,,11
2523,1,47
5047,,47
631,3,11
5049,,28
2525,1,11
5051,,28
1263,2,64
5053,,64
2527,1,64
5055,,28
79,6,11
5057,,23
2529,1,23
5059,,23
1265,2,11
5061,,11
2531,1,11
5063,,47
633,3,8
5065,,23
2533,1,8
5067,,8
1267,2,8
5069,,8
2535,1,28
5071,,28
317,4,11
5073,,8
2537,1,47
5075,,47
1269,2,11
5077,,11
2539,1,64
5079,,64
635,3,8
5081,,11
2541,1,8
5083,,28
1271,2,8
5085,,8
2543,1,64
5087,,64
159,5,18
5089,,28
2545,1,11
5091,,11
1273,2,8
5093,,8
2547,1,8
5095,,23
637,3,18
5097,,64
2549,1,18
5099,,40
1275,2,28
5101,,28
2551,1,28
5103,,28
319,4,18
5105,,18
2553,1,64
5107,,64
1277,2,18
5109,,18
2555,1,18
5111,,18
639,3,47
5113,,47
2557,1,47
5115,,18
1279,2,47
5117,,47
2559,1,40
5119,,40
5,10,1
5121,,11
2561,1,52
5123,,52
1281,2,16
5125,,16
2563,1,16
5127,,52
641,3,16
5129,,52
2565,1,16
5131,,16
1283,2,16
5133,,16
2567,1,52
5135,,52
321,4,6
5137,,16
2569,1,16
5139,,16
1285,2,6
5141,,6
2571,1,16
5143,,16
643,3,6
5145,,18
2573,1,6
5147,,40
1287,2,52
5149,,52
2575,1,52
5151,,30
161,5,35
5153,,52
2577,1,6
5155,,6
1289,2,52
5157,,52
2579,1,52
5159,,52
645,3,35
5161,,40
2581,1,35
5163,,16
1291,2,16
5165,,16
2583,1,16
5167,,64
323,4,35
5169,,16
2585,1,16
5171,,16
1293,2,35
5173,,35
2587,1,52
5175,,52
647,3,11
5177,,16
2589,1,11
5179,,40
1295,2,11
5181,,11
2591,1,16
5183,,16
81,6,6
5185,,11
2593,1,11
5187,,11
1297,2,35
5189,,35
2595,1,35
5191,,23
649,3,52
5193,,28
2597,1,52
5195,,35
1299,2,52
5197,,52
2599,1,52
5199,,52
325,4,6
5201,,52
2601,1,64
5203,,64
1301,2,6
5205,,6
2603,1,35
5207,,35
651,3,35
5209,,11
2605,1,35
5211,,47
1303,2,35
5213,,35
2607,1,28
5215,,28
163,5,6
5217,,52
2609,1,16
5219,,16
1305,2,16
5221,,16
2611,1,16
5223,,18
653,3,6
5225,,28
2613,1,6
5227,,16
1307,2,64
5229,,64
2615,1,64
5231,,45
327,4,52
5233,,6
2617,1,28
5235,,28
1309,2,52
5237,,52
2619,1,35
5239,,35
655,3,52
5241,,28
2621,1,52
5243,,16
1311,2,35
5245,,35
2623,1,35
5247,,28
41,7,40
5249,,45
2625,1,6
5251,,6
1313,2,6
5253,,6
2627,1,6
5255,,28
657,3,16
5257,,64
2629,1,16
5259,,35
1315,2,16
5261,,16
2631,1,69
5263,,69
329,4,16
5265,,11
2633,1,11
5267,,11
1317,2,16
5269,,16
2635,1,16
5271,,16
659,3,16
5273,,52
2637,1,16
5275,,35
1319,2,52
5277,,52
2639,1,52
5279,,25
165,5,40
5281,,16
2641,1,35
5283,,35
1321,2,35
5285,,35
2643,1,35
5287,,25
661,3,40
5289,,16
2645,1,40
5291,,16
1323,2,16
5293,,16
2647,1,16
5295,,52
331,4,6
5297,,33
2649,1,33
5299,,33
1325,2,6
5301,,6
2651,1,52
5303,,52
663,3,6
5305,,33
2653,1,6
5307,,52
1327,2,16
5309,,16
2655,1,16
5311,,33
83,6,40
5313,,16
2657,1,16
5315,,16
1329,2,16
5317,,16
2659,1,16
5319,,16
665,3,16
5321,,16
2661,1,16
5323,,16
1331,2,16
5325,,16
2663,1,28
5327,,28
333,4,40
5329,,16
2665,1,16
5331,,16
1333,2,40
5333,,40
2667,1,13
5335,,13
667,3,52
5337,,16
2669,1,52
5339,,13
1335,2,52
5341,,52
2671,1,13
5343,,13
167,5,23
5345,,57
2673,1,40
5347,,40
1337,2,13
5349,,13
2675,1,13
5351,,69
669,3,23
5353,,13
2677,1,23
5355,,33
1339,2,6
5357,,6
2679,1,6
5359,,69
335,4,23
5361,,23
2681,1,13
5363,,13
1341,2,23
5365,,23
2683,1,23
5367,,23
671,3,33
5369,,23
2685,1,33
5371,,45
1343,2,33
5373,,33
2687,1,33
5375,,33
21,8,1
5377,,23
2689,1,23
5379,,23
1345,2,40
5381,,40
2691,1,40
5383,,23
673,3,21
5385,,52
2693,1,21
5387,,52
1347,2,21
5389,,21
2695,1,6
5391,,6
337,4,40
5393,,21
2697,1,57
5395,,57
1349,2,40
5397,,40
2699,1,21
5399,,21
675,3,40
5401,,57
2701,1,40
5403,,23
1351,2,57
5405,,57
2703,1,57
5407,,21
169,5,16
5409,,40
2705,1,11
5411,,11
1353,2,11
5413,,11
2707,1,11
5415,,11
677,3,16
5417,,21
2709,1,16
5419,,11
1355,2,40
5421,,40
2711,1,40
5423,,21
339,4,16
5425,,57
2713,1,57
5427,,57
1357,2,16
5429,,16
2715,1,33
5431,,33
679,3,21
5433,,57
2717,1,21
5435,,40
1359,2,21
5437,,21
2719,1,21
5439,,21
85,6,1
5441,,16
2721,1,21
5443,,21
1361,2,16
5445,,16
2723,1,16
5447,,33
681,3,21
5449,,57
2725,1,21
5451,,16
1363,2,21
5453,,21
2727,1,45
5455,,45
341,4,1
5457,,21
2729,1,57
5459,,57
1365,2,1
5461,,1
2731,1,40
5463,,40
683,3,11
5465,,57
2733,1,11
5467,,40
1367,2,11
5469,,11
2735,1,57
5471,,57
171,5,45
5473,,57
2737,1,11
5475,,11
1369,2,11
5477,,11
2739,1,11
5479,,69
685,3,45
5481,,11
2741,1,45
5483,,40
1371,2,40
5485,,40
2743,1,40
5487,,16
343,4,45
5489,,45
2745,1,11
5491,,11
1373,2,45
5493,,45
2747,1,21
5495,,21
687,3,11
5497,,33
2749,1,11
5499,,21
1375,2,11
5501,,11
2751,1,62
5503,,62
43,7,9
5505,,69
2753,1,45
5507,,45
1377,2,57
5509,,57
2755,1,57
5511,,45
689,3,45
5513,,33
2757,1,45
5515,,57
1379,2,45
5517,,45
2759,1,57
5519,,57
345,4,45
5521,,45
2761,1,45
5523,,45
1381,2,45
5525,,45
2763,1,11
5527,,11
691,3,45
5529,,11
2765,1,45
5531,,11
1383,2,33
5533,,33
2767,1,33
5535,,45
173,5,9
5537,,21
2769,1,21
5539,,21
1385,2,21
5541,,21
2771,1,21
5543,,74
693,3,9
5545,,16
2773,1,9
5547,,16
1387,2,21
5549,,21
2775,1,21
5551,,21
347,4,45
5553,,45
2777,1,45
5555,,45
1389,2,45
5557,,45
2779,1,57
5559,,57
695,3,45
5561,,45
2781,1,45
5563,,40
1391,2,40
5565,,40
2783,1,40
5567,,86
87,6,9
5569,,45
2785,1,21
5571,,21
1393,2,9
5573,,9
2787,1,9
5575,,21
697,3,45
5577,,11
2789,1,45
5579,,11
1395,2,45
5581,,45
2791,1,21
5583,,21
349,4,9
5585,,45
2793,1,38
5587,,38
1397,2,9
5589,,9
2795,1,21
5591,,21
699,3,21
5593,,21
2797,1,21
5595,,45
1399,2,21
5597,,21
2799,1,21
5599,,21
175,5,28
5601,,21
2801,1,9
5603,,9
1401,2,33
5605,,33
2803,1,33
5607,,21
701,3,28
5609,,38
2805,1,28
5611,,57
1403,2,45
5613,,45
2807,1,45
5615,,21
351,4,28
5617,,28
2809,1,57
5619,,57
1405,2,28
5621,,28
2811,1,18
5623,,18
703,3,62
5625,,57
2813,1,62
5627,,18
1407,2,62
5629,,62
2815,1,57
5631,,57
11,9,4
5633,,18
2817,1,28
5635,,28
1409,2,28
5637,,28
2819,1,28
5639,,28
705,3,9
5641,,11
2821,1,9
5643,,28
1411,2,9
5645,,9
2823,1,18
5647,,18
353,4,45
5649,,9
2825,1,28
5651,,28
1413,2,45
5653,,45
2827,1,38
5655,,38
707,3,45
5657,,38
2829,1,45
5659,,21
1415,2,9
5661,,9
2831,1,9
5663,,28
177,5,9
5665,,45
2833,1,45
5667,,45
1417,2,26
5669,,26
2835,1,26
5671,,26
709,3,9
5673,,74
2837,1,9
5675,,45
1419,2,45
5677,,45
2839,1,45
5679,,57
355,4,9
5681,,26
2841,1,26
5683,,26
1421,2,9
5685,,9
2843,1,62
5687,,62
711,3,21
5689,,45
2845,1,21
5691,,62
1423,2,21
5693,,21
2847,1,62
5695,,62
89,6,9
5697,,21
2849,1,21
5699,,21
1425,2,6
5701,,6
2851,1,6
5703,,16
713,3,6
5705,,26
2853,1,6
5707,,6
1427,2,6
5709,,6
2855,1,45
5711,,45
357,4,9
5713,,62
2857,1,62
5715,,62
1429,2,9
5717,,9
2859,1,26
5719,,26
715,3,6
5721,,26
2861,1,6
5723,,62
1431,2,6
5725,,6
2863,1,26
5727,,26
179,5,9
5729,,6
2865,1,6
5731,,6
1433,2,6
5733,,6
2867,1,6
5735,,62
717,3,9
5737,,38
2869,1,9
5739,,62
1435,2,26
5741,,26
2871,1,26
5743,,26
359,4,16
5745,,9
2873,1,62
5747,,62
1437,2,16
5749,,16
2875,1,16
5751,,16
719,3,16
5753,,45
2877,1,16
5755,,16
1439,2,45
5757,,45
2879,1,45
5759,,38
45,7,4
5761,,62
2881,1,9
5763,,9
1441,2,50
5765,,50
2883,1,50
5767,,16
721,3,14
5769,,62
2885,1,14
5771,,50
1443,2,14
5773,,14
2887,1,45
5775,,45
361,4,14
5777,,50
2889,1,50
5779,,50
1445,2,14
5781,,14
2891,1,14
5783,,14
723,3,14
5785,,26
2893,1,14
5787,,26
1447,2,16
5789,,16
2895,1,16
5791,,38
181,5,4
5793,,16
2897,1,50
5795,,50
1449,2,50
5797,,50
2899,1,50
5799,,74
725,3,4
5801,,26
2901,1,4
5803,,62
1451,2,50
5805,,50
2903,1,50
5807,,38
363,4,14
5809,,14
2905,1,14
5811,,14
1453,2,14
5813,,14
2907,1,50
5815,,50
727,3,14
5817,,50
2909,1,14
5819,,50
1455,2,50
5821,,50
2911,1,50
5823,,50
91,6,33
5825,,14
2913,1,38
5827,,38
1457,2,9
5829,,9
2915,1,9
5831,,14
729,3,9
5833,,26
2917,1,9
5835,,26
1459,2,9
5837,,9
2919,1,79
5839,,79
365,4,33
5841,,26
2921,1,26
5843,,26
1461,2,33
5845,,33
2923,1,50
5847,,50
731,3,50
5849,,50
2925,1,50
5851,,50
1463,2,50
5853,,50
2927,1,62
5855,,62
183,5,33
5857,,50
2929,1,33
5859,,33
1465,2,9
5861,,9
2931,1,9
5863,,45
733,3,33
5865,,35
2933,1,33
5867,,26
1467,2,50
5869,,50
2935,1,50
5871,,26
367,4,14
5873,,33
2937,1,16
5875,,16
1469,2,14
5877,,14
2939,1,26
5879,,26
735,3,14
5881,,14
2941,1,14
5883,,50
1471,2,62
5885,,62
2943,1,62
5887,,43
23,8,4
5889,,33
2945,1,26
5891,,26
1473,2,33
5893,,33
2947,1,33
5895,,26
737,3,50
5897,,26
2949,1,50
5899,,14
1475,2,50
5901,,50
2951,1,33
5903,,33
369,4,4
5905,,50
2953,1,43
5907,,43
1477,2,4
5909,,4
2955,1,50
5911,,50
739,3,4
5913,,26
2957,1,4
5915,,62
1479,2,33
5917,,33
2959,1,33
5919,,62
185,5,14
5921,,67
2961,1,9
5923,,9
1481,2,9
5925,,9
2963,1,9
5927,,23
741,3,14
5929,,67
2965,1,14
5931,,9
1483,2,50
5933,,50
2967,1,50
5935,,33
371,4,14
5937,,50
2969,1,50
5939,,50
1485,2,14
5941,,14
2971,1,14
5943,,14
743,3,33
5945,,14
2973,1,33
5947,,50
1487,2,33
5949,,33
2975,1,14
5951,,14
93,6,4
5953,,14
2977,1,50
5955,,50
1489,2,14
5957,,14
2979,1,14
5959,,43
745,3,31
5961,,14
2981,1,31
5963,,14
1491,2,31
5965,,31
2983,1,50
5967,,50
373,4,4
5969,,31
2985,1,50
5971,,50
1493,2,4
5973,,4
2987,1,14
5975,,14
747,3,14
5977,,14
2989,1,14
5979,,16
1495,2,14
5981,,14
2991,1,14
5983,,14
187,5,14
5985,,31
2993,1,14
5987,,14
1497,2,14
5989,,14
2995,1,14
5991,,31
749,3,14
5993,,26
2997,1,14
5995,,26
1499,2,14
5997,,14
2999,1,14
5999,,67
375,4,14
6001,,14
3001,1,11
6003,,11
1501,2,14
6005,,14
3003,1,11
6007,,11
751,3,50
6009,,31
3005,1,50
6011,,11
1503,2,50
6013,,50
3007,1,55
6015,,55
47,7,38
6017,,67
3009,1,11
6019,,11
1505,2,11
6021,,11
3011,1,11
6023,,11
753,3,4
6025,,31
3013,1,4
6027,,67
1507,2,4
6029,,4
3015,1,31
6031,,31
377,4,21
6033,,11
3017,1,11
6035,,11
1509,2,21
6037,,21
3019,1,21
6039,,21
755,3,21
6041,,21
3021,1,21
6043,,43
1511,2,31
6045,,31
3023,1,31
6047,,31
189,5,38
6049,,21
3025,1,21
6051,,21
1513,2,21
6053,,21
3027,1,21
6055,,31
757,3,38
6057,,67
3029,1,38
6059,,50
1515,2,50
6061,,50
3031,1,50
6063,,50
379,4,19
6065,,4
3033,1,4
6067,,4
1517,2,19
6069,,19
3035,1,55
6071,,55
759,3,19
6073,,19
3037,1,19
6075,,19
1519,2,55
6077,,55
3039,1,55
6079,,21
95,6,38
6081,,19
3041,1,55
6083,,55
1521,2,38
6085,,38
3043,1,38
6087,,55
761,3,9
6089,,19
3045,1,9
6091,,9
1523,2,9
6093,,9
3047,1,19
6095,,19
381,4,38
6097,,9
3049,1,43
6099,,43
1525,2,38
6101,,38
3051,1,55
6103,,55
763,3,55
6105,,38
3053,1,55
6107,,55
1527,2,55
6109,,55
3055,1,31
6111,,31
191,5,14
6113,,55
3057,1,38
6115,,38
1529,2,19
6117,,19
3059,1,19
6119,,19
765,3,14
6121,,62
3061,1,14
6123,,67
1531,2,19
6125,,19
3063,1,19
6127,,19
383,4,14
6129,,14
3065,1,55
6131,,55
1533,2,14
6133,,14
3067,1,19
6135,,19
767,3,19
6137,,43
3069,1,19
6139,,43
1535,2,19
6141,,19
3071,1,55
6143,,55
3,11,2
6145,,14
3073,1,38
6147,,38
1537,2,55
6149,,55
3075,1,55
6151,,38
769,3,9
6153,,31
3077,1,9
6155,,55
1539,2,9
6157,,9
3079,1,55
6159,,55
385,4,9
6161,,9
3081,1,55
6163,,55
1541,2,9
6165,,9
3083,1,9
6167,,9
771,3,9
6169,,38
3085,1,9
6171,,96
1543,2,38
6173,,38
3087,1,38
6175,,50
193,5,43
6177,,38
3089,1,9
6179,,9
1545,2,19
6181,,19
3091,1,19
6183,,55
773,3,43
6185,,31
3093,1,43
6187,,19
1547,2,9
6189,,9
3095,1,9
6191,,60
387,4,43
6193,,67
3097,1,67
6195,,67
1549,2,43
6197,,43
3099,1,48
6199,,48
775,3,55
6201,,9
3101,1,55
6203,,31
1551,2,55
6205,,55
3103,1,31
6207,,31
97,6,43
6209,,55
3105,1,55
6211,,55
1553,2,43
6213,,43
3107,1,43
6215,,19
777,3,9
6217,,38
3109,1,9
6219,,43
1555,2,9
6221,,9
3111,1,9
6223,,9
389,4,43
6225,,9
3113,1,31
6227,,31
1557,2,43
6229,,43
3115,1,19
6231,,19
779,3,19
6233,,19
3117,1,19
6235,,67
1559,2,19
6237,,19
3119,1,14
6239,,14
195,5,43
6241,,14
3121,1,19
6243,,19
1561,2,19
6245,,19
3123,1,19
6247,,67
781,3,43
6249,,55
3125,1,43
6251,,38
1563,2,55
6253,,55
3127,1,55
6255,,38
391,4,43
6257,,43
3129,1,38
6259,,38
1565,2,43
6261,,43
3131,1,38
6263,,38
783,3,43
6265,,28
3133,1,43
6267,,19
1567,2,19
6269,,19
3135,1,19
6271,,38
49,7,7
6273,,19
3137,1,9
6275,,9
1569,2,9
6277,,9
3139,1,9
6279,,36
785,3,43
6281,,19
3141,1,43
6283,,55
1571,2,43
6285,,43
3143,1,36
6287,,36
393,4,19
6289,,19
3145,1,19
6291,,19
1573,2,19
6293,,19
3147,1,43
6295,,43
787,3,19
6297,,19
3149,1,19
6299,,19
1575,2,19
6301,,19
3151,1,19
6303,,55
197,5,7
6305,,19
3153,1,19
6307,,19
1577,2,31
6309,,31
3155,1,31
6311,,36
789,3,7
6313,,55
3157,1,7
6315,,19
1579,2,43
6317,,43
3159,1,43
6319,,72
395,4,26
6321,,55
3161,1,55
6323,,55
1581,2,26
6325,,26
3163,1,16
6327,,16
791,3,26
6329,,55
3165,1,26
6331,,16
1583,2,60
6333,,60
3167,1,60
6335,,55
99,6,7
6337,,16
3169,1,16
6339,,16
1585,2,26
6341,,26
3171,1,26
6343,,16
793,3,26
6345,,26
3173,1,26
6347,,9
1587,2,26
6349,,26
3175,1,72
6351,,72
397,4,7
6353,,16
3177,1,16
6355,,16
1589,2,7
6357,,7
3179,1,26
6359,,26
795,3,36
6361,,36
3181,1,36
6363,,26
1591,2,36
6365,,36
3183,1,19
6367,,19
199,5,43
6369,,36
3185,1,7
6371,,7
1593,2,43
6373,,43
3187,1,43
6375,,72
797,3,43
6377,,26
3189,1,43
6379,,26
1595,2,24
6381,,24
3191,1,24
6383,,72
399,4,43
6385,,43
3193,1,9
6387,,9
1597,2,43
6389,,43
3195,1,24
6391,,24
799,3,24
6393,,60
3197,1,24
6395,,43
1599,2,24
6397,,24
3199,1,60
6399,,60
25,8,7
6401,,43
3201,1,60
6403,,60
1601,2,19
6405,,19
3203,1,19
6407,,60
801,3,19
6409,,43
3205,1,19
6411,,14
1603,2,19
6413,,19
3207,1,14
6415,,14
401,4,4
6417,,19
3209,1,24
6419,,24
1605,2,4
6421,,4
3211,1,43
6423,,43
803,3,4
6425,,43
3213,1,4
6427,,24
1607,2,60
6429,,60
3215,1,60
6431,,43
201,5,4
6433,,19
3217,1,24
6435,,24
1609,2,24
6437,,24
3219,1,24
6439,,60
805,3,4
6441,,43
3221,1,4
6443,,24
1611,2,4
6445,,4
3223,1,4
6447,,24
403,4,4
6449,,19
3225,1,19
6451,,19
1613,2,4
6453,,4
3227,1,36
6455,,36
807,3,24
6457,,60
3229,1,24
6459,,24
1615,2,24
6461,,24
3231,1,60
6463,,60
101,6,7
6465,,4
3233,1,60
6467,,60
1617,2,14
6469,,14
3235,1,14
6471,,60
809,3,14
6473,,43
3237,1,14
6475,,14
1619,2,14
6477,,14
3239,1,43
6479,,43
405,4,7
6481,,60
3241,1,60
6483,,60
1621,2,7
6485,,7
3243,1,14
6487,,14
811,3,48
6489,,14
3245,1,48
6491,,60
1623,2,48
6493,,48
3247,1,14
6495,,14
203,5,12
6497,,43
3249,1,48
6499,,48
1625,2,48
6501,,48
3251,1,48
6503,,19
813,3,12
6505,,48
3253,1,12
6507,,14
1627,2,24
6509,,24
3255,1,24
6511,,24
407,4,12
6513,,12
3257,1,14
6515,,14
1629,2,12
6517,,12
3259,1,14
6519,,14
815,3,48
6521,,65
3261,1,48
6523,,72
1631,2,48
6525,,48
3263,1,24
6527,,24
51,7,7
6529,,60
3265,1,48
6531,,48
1633,2,48
6533,,48
3267,1,48
6535,,48
817,3,12
6537,,36
3269,1,12
6539,,60
1635,2,12
6541,,12
3271,1,48
6543,,48
409,4,12
6545,,48
3273,1,48
6547,,48
1637,2,12
6549,,12
3275,1,48
6551,,48
819,3,12
6553,,48
3277,1,12
6555,,14
1639,2,36
6557,,36
3279,1,36
6559,,14
205,5,7
6561,,24
3281,1,24
6563,,24
1641,2,24
6565,,24
3283,1,24
6567,,24
821,3,7
6569,,77
3285,1,7
6571,,19
1643,2,24
6573,,24
3287,1,24
6575,,24
411,4,48
6577,,48
3289,1,48
6579,,48
1645,2,48
6581,,48
3291,1,48
6583,,48
823,3,48
6585,,48
3293,1,48
6587,,60
1647,2,48
6589,,48
3295,1,48
6591,,89
103,6,31
6593,,43
3297,1,43
6595,,43
1649,2,7
6597,,7
3299,1,7
6599,,33
825,3,48
6601,,24
3301,1,48
6603,,12
1651,2,48
6605,,48
3303,1,24
6607,,24
413,4,31
6609,,48
3305,1,14
6611,,14
1653,2,31
6613,,31
3307,1,24
6615,,24
827,3,12
6617,,12
3309,1,12
6619,,48
1655,2,12
6621,,12
3311,1,60
6623,,60
207,5,31
6625,,24
3313,1,31
6627,,31
1657,2,24
6629,,24
3315,1,24
6631,,48
829,3,31
6633,,24
3317,1,31
6635,,24
1659,2,12
6637,,12
3319,1,12
6639,,24
415,4,48
6641,,31
3321,1,36
6643,,36
1661,2,48
6645,,48
3323,1,41
6647,,41
831,3,48
6649,,60
3325,1,48
6651,,12
1663,2,24
6653,,24
3327,1,24
6655,,60
13,9,2
6657,,60
3329,1,31
6659,,31
1665,2,65
6661,,65
3331,1,65
6663,,21
833,3,7
6665,,31
3333,1,7
6667,,65
1667,2,7
6669,,7
3335,1,65
6671,,65
417,4,48
6673,,7
3337,1,21
6675,,21
1669,2,48
6677,,48
3339,1,31
6679,,31
835,3,48
6681,,31
3341,1,48
6683,,31
1671,2,12
6685,,12
3343,1,12
6687,,14
209,5,12
6689,,12
3345,1,48
6691,,48
1673,2,31
6693,,31
3347,1,31
6695,,12
837,3,12
6697,,31
3349,1,12
6699,,48
1675,2,48
6701,,48
3351,1,48
6703,,31
419,4,12
6705,,12
3353,1,12
6707,,12
1677,2,12
6709,,12
3355,1,31
6711,,31
839,3,29
6713,,48
3357,1,29
6715,,48
1679,2,29
6717,,29
3359,1,48
6719,,48
105,6,12
6721,,12
3361,1,12
6723,,12
1681,2,12
6725,,12
3363,1,12
6727,,14
841,3,12
6729,,48
3365,1,12
6731,,12
1683,2,12
6733,,12
3367,1,29
6735,,29
421,4,12
6737,,65
3369,1,65
6739,,65
1685,2,12
6741,,12
3371,1,24
6743,,24
843,3,12
6745,,24
3373,1,12
6747,,65
1687,2,12
6749,,12
3375,1,48
6751,,48
211,5,12
6753,,24
3377,1,9
6755,,9
1689,2,9
6757,,9
3379,1,9
6759,,19
845,3,12
6761,,29
3381,1,12
6763,,9
1691,2,48
6765,,48
3383,1,48
6767,,53
423,4,9
6769,,12
3385,1,65
6771,,65
1693,2,9
6773,,9
3387,1,12
6775,,12
847,3,9
6777,,29
3389,1,9
6779,,29
1695,2,65
6781,,65
3391,1,65
6783,,65
53,7,2
6785,,29
3393,1,12
6787,,12
1697,2,9
6789,,9
3395,1,9
6791,,9
849,3,19
6793,,24
3397,1,19
6795,,9
1699,2,19
6797,,19
3399,1,41
6799,,41
425,4,19
6801,,29
3401,1,29
6803,,29
1701,2,19
6805,,19
3403,1,19
6807,,19
851,3,19
6809,,65
3405,1,19
6811,,31
1703,2,19
6813,,19
3407,1,19
6815,,65
213,5,2
6817,,48
3409,1,48
6819,,48
1705,2,48
6821,,48
3411,1,48
6823,,41
853,3,2
6825,,41
3413,1,2
6827,,65
1707,2,53
6829,,53
3415,1,53
6831,,12
427,4,17
6833,,17
3417,1,17
6835,,17
1709,2,17
6837,,17
3419,1,53
6839,,53
855,3,17
6841,,17
3421,1,17
6843,,48
1711,2,53
6845,,53
3423,1,53
6847,,19
107,6,36
6849,,17
3425,1,17
6851,,17
1713,2,7
6853,,7
3427,1,7
6855,,29
857,3,7
6857,,17
3429,1,7
6859,,19
1715,2,7
6861,,7
3431,1,41
6863,,41
429,4,36
6865,,53
3433,1,53
6867,,53
1717,2,36
6869,,36
3435,1,53
6871,,53
859,3,53
6873,,7
3437,1,53
6875,,29
1719,2,53
6877,,53
3439,1,53
6879,,53
215,5,36
6881,,41
3441,1,36
6883,,36
1721,2,17
6885,,17
3443,1,17
6887,,60
861,3,36
6889,,65
3445,1,36
6891,,53
1723,2,17
6893,,17
3447,1,17
6895,,29
431,4,12
6897,,36
3449,1,53
6899,,53
1725,2,12
6901,,12
3451,1,17
6903,,17
863,3,12
6905,,41
3453,1,12
6907,,41
1727,2,17
6909,,17
3455,1,17
6911,,53
27,8,41
6913,,12
3457,1,12
6915,,12
1729,2,36
6917,,36
3459,1,36
6919,,82
865,3,53
6921,,24
3461,1,53
6923,,29
1731,2,53
6925,,53
3463,1,36
6927,,36
433,4,7
6929,,53
3465,1,53
6931,,53
1733,2,7
6933,,7
3467,1,53
6935,,53
867,3,7
6937,,65
3469,1,7
6939,,29
1735,2,36
6941,,36
3471,1,36
6943,,94
217,5,7
6945,,12
3473,1,36
6947,,36
1737,2,36
6949,,36
3475,1,36
6951,,38
869,3,7
6953,,29
3477,1,7
6955,,53
1739,2,17
6957,,17
3479,1,17
6959,,29
435,4,7
6961,,17
3481,1,17
6963,,17
1741,2,7
6965,,7
3483,1,29
6967,,29
871,3,65
6969,,17
3485,1,65
6971,,17
1743,2,65
6973,,65
3487,1,46
6975,,46
109,6,41
6977,,7
3489,1,29
6979,,29
1745,2,53
6981,,53
3491,1,53
6983,,29
873,3,53
6985,,36
3493,1,53
6987,,53
1747,2,53
6989,,53
3495,1,17
6991,,17
437,4,41
6993,,36
3497,1,36
6995,,36
1749,2,41
6997,,41
3499,1,46
6999,,46
875,3,7
7001,,7
3501,1,7
7003,,53
1751,2,7
7005,,7
3503,1,29
7007,,29
219,5,17
7009,,65
3505,1,17
7011,,17
1753,2,17
7013,,17
3507,1,17
7015,,65
877,3,17
7017,,70
3509,1,17
7019,,12
1755,2,12
7021,,12
3511,1,12
7023,,70
439,4,17
7025,,17
3513,1,17
7027,,17
1757,2,17
7029,,17
3515,1,53
7031,,53
879,3,53
7033,,36
3517,1,53
7035,,36
1759,2,53
7037,,53
3519,1,26
7039,,26
55,7,41
7041,,17
3521,1,36
7043,,36
1761,2,36
7045,,36
3523,1,36
7047,,36
881,3,41
7049,,26
3525,1,41
7051,,17
1763,2,41
7053,,41
3527,1,17
7055,,17
441,4,7
7057,,17
3529,1,17
7059,,17
1765,2,7
7061,,7
3531,1,34
7063,,34
883,3,7
7065,,34
3533,1,7
7067,,17
1767,2,53
7069,,53
3535,1,53
7071,,17
221,5,41
7073,,34
3537,1,7
7075,,7
1769,2,17
7077,,17
3539,1,17
7079,,34
885,3,41
7081,,34
3541,1,41
7083,,17
1771,2,17
7085,,17
3543,1,17
7087,,17
443,4,17
7089,,17
3545,1,17
7091,,17
1773,2,17
7093,,17
3547,1,17
7095,,17
887,3,17
7097,,17
3549,1,17
7099,,17
1775,2,29
7101,,29
3551,1,29
7103,,53
111,6,24
7105,,17
3553,1,17
7107,,17
1777,2,41
7109,,41
3555,1,41
7111,,53
889,3,53
7113,,14
3557,1,53
7115,,17
1779,2,53
7117,,53
3559,1,14
7119,,14
445,4,24
7121,,53
3561,1,14
7123,,14
1781,2,24
7125,,24
3563,1,58
7127,,58
891,3,14
7129,,41
3565,1,14
7131,,70
1783,2,14
7133,,14
3567,1,70
7135,,70
223,5,24
7137,,14
3569,1,24
7139,,24
1785,2,7
7141,,7
3571,1,7
7143,,70
893,3,24
7145,,70
3573,1,24
7147,,34
1787,2,14
7149,,14
3575,1,14
7151,,34
447,4,34
7153,,24
3577,1,24
7155,,24
1789,2,34
7157,,34
3579,1,24
7159,,24
895,3,34
7161,,46
3581,1,34
7163,,17
1791,2,34
7165,,34
3583,1,34
7167,,70
7,10,5
7169,,24
3585,1,24
7171,,24
1793,2,41
7173,,41
3587,1,41
7175,,24
897,3,22
7177,,24
3589,1,22
7179,,41
1795,2,22
7181,,22
3591,1,53
7183,,53
449,4,41
7185,,22
3593,1,7
7187,,7
1797,2,41
7189,,41
3595,1,22
7191,,22
899,3,41
7193,,58
3597,1,41
7195,,41
1799,2,22
7197,,22
3599,1,22
7199,,58
225,5,17
7201,,58
3601,1,41
7203,,41
1801,2,58
7205,,58
3603,1,58
7207,,22
901,3,17
7209,,22
3605,1,17
7211,,41
1803,2,12
7213,,12
3607,1,12
7215,,22
451,4,17
7217,,12
3609,1,12
7219,,12
1805,2,17
7221,,17
3611,1,22
7223,,22
903,3,41
7225,,12
3613,1,41
7227,,46
1807,2,41
7229,,41
3615,1,22
7231,,22
113,6,2
7233,,58
3617,1,58
7235,,58
1809,2,17
7237,,17
3619,1,17
7239,,12
905,3,22
7241,,34
3621,1,22
7243,,17
1811,2,22
7245,,22
3623,1,41
7247,,41
453,4,2
7249,,22
3625,1,22
7251,,22
1813,2,2
7253,,2
3627,1,17
7255,,17
907,3,17
7257,,22
3629,1,17
7259,,58
1815,2,17
7261,,17
3631,1,34
7263,,34
227,5,2
7265,,58
3633,1,22
7267,,22
1817,2,22
7269,,22
3635,1,22
7271,,58
909,3,2
7273,,46
3637,1,2
7275,,46
1819,2,58
7277,,58
3639,1,58
7279,,63
455,4,12
7281,,2
3641,1,41
7283,,41
1821,2,12
7285,,12
3643,1,58
7287,,58
911,3,12
7289,,41
3645,1,12
7291,,58
1823,2,58
7293,,58
3647,1,58
7295,,29
57,7,10
7297,,58
3649,1,12
7299,,12
1825,2,12
7301,,12
3651,1,12
7303,,58
913,3,46
7305,,70
3653,1,46
7307,,12
1827,2,46
7309,,46
3655,1,41
7311,,41
457,4,46
7313,,41
3657,1,41
7315,,41
1829,2,46
7317,,46
3659,1,46
7319,,46
915,3,46
7321,,12
3661,1,46
7323,,58
1831,2,22
7325,,22
3663,1,22
7327,,34
229,5,10
7329,,34
3665,1,12
7331,,12
1833,2,12
7333,,12
3667,1,12
7335,,24
917,3,10
7337,,63
3669,1,10
7339,,70
1835,2,46
7341,,46
3671,1,46
7343,,22
459,4,46
7345,,58
3673,1,58
7347,,58
1837,2,46
7349,,46
3675,1,34
7351,,34
919,3,46
7353,,58
3677,1,46
7355,,34
1839,2,58
7357,,58
3679,1,58
7359,,51
115,6,10
7361,,46
3681,1,46
7363,,46
1841,2,46
7365,,46
3683,1,46
7367,,41
921,3,46
7369,,12
3685,1,46
7371,,12
1843,2,46
7373,,46
3687,1,12
7375,,12
461,4,10
7377,,34
3689,1,34
7379,,34
1845,2,10
7381,,10
3691,1,22
7383,,22
923,3,22
7385,,22
3693,1,22
7387,,22
1847,2,22
7389,,22
3695,1,75
7391,,75
231,5,46
7393,,17
3697,1,10
7395,,10
1849,2,22
7397,,22
3699,1,22
7399,,31
925,3,46
7401,,22
3701,1,46
7403,,70
1851,2,46
7405,,46
3703,1,46
7407,,17
463,4,46
7409,,46
3705,1,58
7411,,58
1853,2,46
7413,,46
3707,1,46
7415,,46
927,3,41
7417,,41
3709,1,41
7419,,22
1855,2,41
7421,,41
3711,1,87
7423,,87
29,8,5
7425,,46
3713,1,22
7427,,22
1857,2,10
7429,,10
3715,1,10
7431,,22
929,3,46
7433,,22
3717,1,46
7435,,12
1859,2,46
7437,,46
3719,1,12
7439,,12
465,4,10
7441,,46
3721,1,22
7443,,22
1861,2,10
7445,,10
3723,1,46
7447,,46
931,3,10
7449,,39
3725,1,10
7451,,58
1863,2,22
7453,,22
3727,1,22
7455,,22
233,5,29
7457,,22
3729,1,22
7459,,22
1865,2,22
7461,,22
3731,1,22
7463,,22
933,3,29
7465,,22
3733,1,29
7467,,22
1867,2,10
7469,,10
3735,1,10
7471,,22
467,4,29
7473,,34
3737,1,34
7475,,34
1869,2,29
7477,,29
3739,1,39
7479,,39
935,3,46
7481,,58
3741,1,46
7483,,10
1871,2,46
7485,,46
3743,1,22
7487,,22
117,6,5
7489,,29
3745,1,58
7491,,58
1873,2,29
7493,,29
3747,1,29
7495,,22
937,3,63
7497,,19
3749,1,63
7499,,29
1875,2,63
7501,,63
3751,1,19
7503,,19
469,4,5
7505,,63
3753,1,58
7507,,58
1877,2,5
7509,,5
3755,1,19
7511,,19
939,3,29
7513,,29
3757,1,29
7515,,75
1879,2,29
7517,,29
3759,1,29
7519,,29
235,5,46
7521,,12
3761,1,10
7523,,10
1881,2,10
7525,,10
3763,1,10
7527,,53
941,3,46
7529,,19
3765,1,46
7531,,19
1883,2,29
7533,,29
3767,1,29
7535,,29
471,4,46
7537,,46
3769,1,39
7539,,39
1885,2,46
7541,,46
3771,1,39
7543,,39
943,3,10
7545,,22
3773,1,10
7547,,39
1887,2,10
7549,,10
3775,1,29
7551,,29
59,7,10
7553,,46
3777,1,46
7555,,46
1889,2,27
7557,,27
3779,1,27
7559,,46
945,3,10
7561,,27
3781,1,10
7563,,27
1891,2,10
7565,,10
3783,1,46
7567,,46
473,4,10
7569,,46
3785,1,46
7571,,46
1893,2,10
7573,,10
3787,1,27
7575,,27
947,3,10
7577,,27
3789,1,10
7579,,46
1895,2,63
7581,,63
3791,1,63
7583,,27
237,5,10
7585,,46
3793,1,22
7587,,22
1897,2,22
7589,,22
3795,1,22
7591,,63
949,3,10
7593,,63
3797,1,10
7595,,46
1899,2,22
7597,,22
3799,1,22
7599,,17
475,4,7
7601,,7
3801,1,7
7603,,7
1901,2,7
7605,,7
3803,1,27
7607,,27
951,3,7
7609,,7
3805,1,7
7611,,46
1903,2,46
7613,,46
3807,1,46
7615,,17
119,6,10
7617,,63
3809,1,63
7619,,63
1905,2,10
7621,,10
3811,1,10
7623,,22
953,3,7
7625,,27
3813,1,7
7627,,27
1907,2,7
7629,,7
3815,1,63
7631,,63
477,4,10
7633,,7
3817,1,27
7635,,27
1909,2,10
7637,,10
3819,1,7
7639,,7
955,3,7
7641,,7
3821,1,7
7643,,22
1911,2,7
7645,,7
3823,1,63
7647,,63
239,5,17
7649,,39
3825,1,10
7651,,10
1913,2,27
7653,,27
3827,1,27
7655,,27
957,3,17
7657,,27
3829,1,17
7659,,63
1915,2,63
7661,,63
3831,1,63
7663,,29
479,4,17
7665,,17
3833,1,17
7667,,17
1917,2,17
7669,,17
3835,1,46
7671,,46
959,3,46
7673,,17
3837,1,46
7675,,63
1919,2,46
7677,,46
3839,1,39
7679,,39
15,9,5
7681,,63
3841,1,10
7683,,10
1921,2,51
7685,,51
3843,1,51
7687,,17
961,3,15
7689,,17
3845,1,15
7691,,51
1923,2,15
7693,,15
3847,1,51
7695,,51
481,4,15
7697,,15
3849,1,46
7699,,46
1925,2,15
7701,,15
3851,1,51
7703,,51
963,3,15
7705,,51
3853,1,15
7707,,22
1927,2,15
7709,,15
3855,1,15
7711,,46
241,5,5
7713,,27
3857,1,15
7715,,15
1929,2,17
7717,,17
3859,1,17
7719,,15
965,3,5
7721,,39
3861,1,5
7723,,15
1931,2,51
7725,,51
3863,1,51
7727,,29
483,4,5
7729,,51
3865,1,51
7731,,51
1933,2,5
7733,,5
3867,1,27
7735,,27
967,3,51
7737,,63
3869,1,51
7739,,51
1935,2,51
7741,,51
3871,1,39
7743,,39
121,6,34
7745,,15
3873,1,15
7747,,15
1937,2,15
7749,,15
3875,1,15
7751,,63
969,3,15
7753,,51
3877,1,15
7755,,15
1939,2,15
7757,,15
3879,1,51
7759,,51
485,4,34
7761,,51
3881,1,51
7763,,51
1941,2,34
7765,,34
3883,1,15
7767,,15
971,3,10
7769,,39
3885,1,10
7771,,39
1943,2,10
7773,,10
3887,1,15
7775,,15
243,5,34
7777,,27
3889,1,10
7779,,10
1945,2,10
7781,,10
3891,1,10
7783,,27
973,3,34
7785,,80
3893,1,34
7787,,22
1947,2,27
7789,,27
3895,1,27
7791,,22
487,4,51
7793,,34
3897,1,51
7795,,51
1949,2,51
7797,,51
3899,1,51
7799,,51
975,3,51
7801,,51
3901,1,51
7803,,51
1951,2,63
7805,,63
3903,1,63
7807,,27
61,7,5
7809,,51
3905,1,34
7811,,34
1953,2,10
7813,,10
3907,1,10
7815,,46
977,3,34
7817,,46
3909,1,34
7819,,10
1955,2,34
7821,,34
3911,1,27
7823,,27
489,4,15
7825,,51
3913,1,51
7827,,51
1957,2,15
7829,,15
3915,1,34
7831,,34
979,3,15
7833,,17
3917,1,15
7835,,17
1959,2,27
7837,,27
3919,1,27
7839,,27
245,5,5
7841,,15
3921,1,15
7843,,15
1961,2,63
7845,,63
3923,1,63
7847,,44
981,3,5
7849,,44
3925,1,5
7851,,27
1963,2,27
7853,,27
3927,1,27
7855,,27
491,4,51
7857,,34
3929,1,34
7859,,34
1965,2,51
7861,,51
3931,1,27
7863,,27
983,3,51
7865,,15
3933,1,51
7867,,15
1967,2,34
7869,,34
3935,1,34
7871,,27
123,6,15
7873,,51
3937,1,44
7875,,44
1969,2,5
7877,,5
3939,1,5
7879,,51
985,3,5
7881,,51
3941,1,5
7883,,27
1971,2,5
7885,,5
3943,1,63
7887,,63
493,4,15
7889,,34
3945,1,34
7891,,34
1973,2,15
7893,,15
3947,1,68
7895,,68
987,3,10
7897,,10
3949,1,10
7899,,34
1975,2,10
7901,,10
3951,1,24
7903,,24
247,5,15
7905,,68
3953,1,15
7907,,15
1977,2,51
7909,,51
3955,1,51
7911,,24
989,3,15
7913,,34
3957,1,15
7915,,34
1979,2,51
7917,,51
3959,1,51
7919,,24
495,4,34
7921,,15
3961,1,15
7923,,15
1981,2,34
7925,,34
3963,1,15
7927,,15
991,3,34
7929,,51
3965,1,34
7931,,24
1983,2,15
7933,,15
3967,1,15
7935,,44
31,8,39
7937,,15
3969,1,51
7939,,51
1985,2,15
7941,,15
3971,1,15
7943,,51
993,3,32
7945,,44
3973,1,32
7947,,15
1987,2,32
7949,,32
3975,1,15
7951,,15
497,4,5
7953,,32
3977,1,51
7955,,51
1989,2,5
7957,,5
3979,1,32
7959,,32
995,3,5
7961,,51
3981,1,5
7963,,92
1991,2,15
7965,,15
3983,1,15
7967,,32
249,5,15
7969,,15
3985,1,15
7971,,15
1993,2,15
7973,,15
3987,1,15
7975,,51
997,3,15
7977,,15
3989,1,15
7979,,15
1995,2,15
7981,,15
3991,1,15
7983,,15
499,4,15
7985,,15
3993,1,15
7987,,15
1997,2,15
7989,,15
3995,1,27
7991,,27
999,3,15
7993,,27
3997,1,15
7995,,15
1999,2,15
7997,,15
3999,1,68
7999,,68
125,6,39
8001,,15
4001,1,12
8003,,12
2001,2,15
8005,,15
4003,1,15
8007,,12
1001,3,51
8009,,12
4005,1,51
8011,,15
2003,2,51
8013,,51
4007,1,12
8015,,12
501,4,39
8017,,51
4009,1,56
8019,,56
2005,2,39
8021,,39
4011,1,68
8023,,68
1003,3,12
8025,,12
4013,1,12
8027,,68
2007,2,12
8029,,12
4015,1,12
8031,,12
251,5,22
8033,,32
4017,1,5
8035,,5
2009,2,5
8037,,5
4019,1,5
8039,,68
1005,3,22
8041,,32
4021,1,22
8043,,15
2011,2,12
8045,,12
4023,1,12
8047,,12
503,4,22
8049,,22
4025,1,22
8051,,22
2013,2,22
8053,,22
4027,1,22
8055,,22
1007,3,32
8057,,44
4029,1,32
8059,,15
2015,2,32
8061,,32
4031,1,32
8063,,32
63,7,39
8065,,22
4033,1,22
8067,,22
2017,2,22
8069,,22
4035,1,22
8071,,22
1009,3,39
8073,,32
4037,1,39
8075,,22
2019,2,39
8077,,39
4039,1,51
8079,,51
505,4,20
8081,,51
4041,1,51
8083,,51
2021,2,20
8085,,20
4043,1,5
8087,,5
1011,3,20
8089,,5
4045,1,20
8091,,68
2023,2,56
8093,,56
4047,1,56
8095,,39
253,5,39
8097,,20
4049,1,20
8099,,20
2025,2,56
8101,,56
4051,1,56
8103,,68
1013,3,39
8105,,22
4053,1,39
8107,,20
2027,2,56
8109,,56
4055,1,56
8111,,20
507,4,10
8113,,39
4057,1,39
8115,,39
2029,2,10
8117,,10
4059,1,20
8119,,20
1015,3,10
8121,,10
4061,1,10
8123,,10
2031,2,20
8125,,20
4063,1,20
8127,,68
127,6,15
8129,,10
4065,1,44
8131,,44
2033,2,39
8133,,39
4067,1,39
8135,,20
1017,3,56
8137,,56
4069,1,56
8139,,39
2035,2,56
8141,,56
4071,1,56
8143,,56
509,4,15
8145,,56
4073,1,32
8147,,32
2037,2,15
8149,,15
4075,1,56
8151,,56
1019,3,20
8153,,39
4077,1,20
8155,,44
2039,2,20
8157,,20
4079,1,20
8159,,20
255,5,15
8161,,63
4081,1,15
8163,,15
2041,2,20
8165,,20
4083,1,20
8167,,56
1021,3,15
8169,,20
4085,1,15
8171,,32
2043,2,56
8173,,56
4087,1,56
8175,,51
511,4,20
8177,,15
4089,1,20
8179,,20
2045,2,20
8181,,20
4091,1,44
8183,,44
1023,3,20
8185,,44
4093,1,20
8187,,44
2047,2,56
8189,,56
4095,1,56
8191,,56
1,13,0
8193,,15
4097,1,39
8195,,39
2049,2,56
8197,,56
4099,1,56
8199,,39
1025,3,10
8201,,39
4101,1,10
8203,,56
2051,2,10
8205,,10
4103,1,56
8207,,56
513,4,10
8209,,10
4105,1,56
8211,,56
2053,2,10
8213,,10
4107,1,10
8215,,10
1027,3,10
8217,,56
4109,1,10
8219,,68
2055,2,10
8221,,10
4111,1,10
8223,,68
257,5,44
8225,,39
4113,1,10
8227,,10
2057,2,39
8229,,39
4115,1,39
8231,,15
1029,3,44
8233,,51
4117,1,44
8235,,39
2059,2,10
8237,,10
4119,1,10
8239,,56
515,4,44
8241,,20
4121,1,20
8243,,20
2061,2,44
8245,,44
4123,1,32
8247,,32
1031,3,10
8249,,20
4125,1,10
8251,,20
2063,2,10
8253,,10
4127,1,61
8255,,61
129,6,44
8257,,68
4129,1,68
8259,,68
2065,2,44
8261,,44
4131,1,44
8263,,56
1033,3,56
8265,,49
4133,1,56
8267,,44
2067,2,56
8269,,56
4135,1,32
8271,,32
517,4,44
8273,,56
4137,1,32
8275,,32
2069,2,44
8277,,44
4139,1,56
8279,,56
1035,3,44
8281,,56
4141,1,44
8283,,32
2071,2,44
8285,,44
4143,1,20
8287,,20
259,5,44
8289,,39
4145,1,10
8291,,10
2073,2,10
8293,,10
4147,1,10
8295,,32
1037,3,44
8297,,10
4149,1,44
8299,,56
2075,2,32
8301,,32
4151,1,32
8303,,44
519,4,20
8305,,44
4153,1,20
8307,,20
2077,2,20
8309,,20
4155,1,20
8311,,20
1039,3,20
8313,,68
4157,1,20
8315,,73
2079,2,15
8317,,15
4159,1,15
8319,,29
65,7,8
8321,,15
4161,1,20
8323,,20
2081,2,20
8325,,20
4163,1,20
8327,,20
1041,3,44
8329,,68
4165,1,44
8331,,56
2083,2,44
8333,,44
4167,1,39
8335,,39
521,4,44
8337,,56
4169,1,56
8339,,56
2085,2,44
8341,,44
4171,1,44
8343,,44
1043,3,44
8345,,39
4173,1,44
8347,,20
2087,2,39
8349,,39
4175,1,39
8351,,85
261,5,8
8353,,29
4177,1,44
8355,,44
2089,2,20
8357,,20
4179,1,20
8359,,49
1045,3,8
8361,,39
4181,1,8
8363,,20
2091,2,10
8365,,10
4183,1,10
8367,,56
523,4,44
8369,,10
4185,1,10
8371,,10
2093,2,44
8373,,44
4187,1,20
8375,,20
1047,3,44
8377,,56
4189,1,44
8379,,56
2095,2,37
8381,,37
4191,1,37
8383,,56
131,6,8
8385,,20
4193,1,20
8387,,20
2097,2,20
8389,,20
4195,1,20
8391,,20
1049,3,20
8393,,44
4197,1,20
8395,,20
2099,2,20
8397,,20
4199,1,20
8399,,20
525,4,8
8401,,20
4201,1,20
8403,,20
2101,2,8
8405,,8
4203,1,20
8407,,20
1051,3,32
8409,,20
4205,1,32
8411,,20
2103,2,32
8413,,32
4207,1,37
8415,,37
263,5,27
8417,,56
4209,1,8
8419,,8
2105,2,44
8421,,44
4211,1,44
8423,,20
1053,3,27
8425,,73
4213,1,27
8427,,56
2107,2,56
8429,,56
4215,1,56
8431,,32
527,4,27
8433,,27
4217,1,17
8435,,17
2109,2,27
8437,,27
4219,1,56
8439,,56
1055,3,61
8441,,17
4221,1,61
8443,,37
2111,2,61
8445,,61
4223,1,56
8447,,56
33,8,8
8449,,17
4225,1,17
8451,,17
2113,2,27
8453,,27
4227,1,27
8455,,73
1057,3,27
8457,,17
4229,1,27
8459,,27
2115,2,27
8461,,27
4231,1,10
8463,,10
529,4,8
8465,,27
4233,1,73
8467,,73
2117,2,8
8469,,8
4235,1,17
8471,,17
1059,3,8
8473,,17
4237,1,8
8475,,37
2119,2,27
8477,,27
4239,1,27
8479,,27
265,5,44
8481,,37
4241,1,37
8483,,37
2121,2,37
8485,,37
4243,1,37
8487,,49
1061,3,44
8489,,20
4245,1,44
8491,,37
2123,2,8
8493,,8
4247,1,8
8495,,27
531,4,44
8497,,44
4249,1,44
8499,,44
2125,2,44
8501,,44
4251,1,27
8503,,27
1063,3,25
8505,,27
4253,1,25
8507,,25
2127,2,25
8509,,25
4255,1,73
8511,,73
133,6,8
8513,,44
4257,1,10
8515,,10
2129,2,44
8517,,44
4259,1,44
8519,,56
1065,3,25
8521,,25
4261,1,25
8523,,44
2131,2,25
8525,,25
4263,1,44
8527,,44
533,4,8
8529,,25
4265,1,61
8531,,61
2133,2,8
8533,,8
4267,1,44
8535,,44
1067,3,20
8537,,61
4269,1,20
8539,,44
2135,2,20
8541,,20
4271,1,61
8543,,61
267,5,5
8545,,44
4273,1,20
8547,,20
2137,2,20
8549,,20
4275,1,20
8551,,25
1069,3,5
8553,,15
4277,1,5
8555,,15
2139,2,25
8557,,25
4279,1,25
8559,,25
535,4,5
8561,,5
4281,1,44
8563,,44
2141,2,5
8565,,5
4283,1,44
8567,,44
1071,3,61
8569,,25
4285,1,61
8571,,61
2143,2,61
8573,,61
4287,1,44
8575,,44
67,7,8
8577,,20
4289,1,25
8579,,25
2145,2,25
8581,,25
4291,1,25
8583,,25
1073,3,5
8585,,61
4293,1,5
8587,,44
2147,2,5
8589,,5
4295,1,25
8591,,25
537,4,5
8593,,5
4297,1,5
8595,,5
2149,2,5
8597,,5
4299,1,20
8599,,20
1075,3,5
8601,,20
4301,1,5
8603,,61
2151,2,37
8605,,37
4303,1,37
8607,,61
269,5,8
8609,,61
4305,1,25
8611,,25
2153,2,25
8613,,25
4307,1,25
8615,,25
1077,3,8
8617,,61
4309,1,8
8619,,49
2155,2,61
8621,,61
4311,1,61
8623,,25
539,4,15
8625,,15
4313,1,15
8627,,15
2157,2,15
8629,,15
4315,1,44
8631,,44
1079,3,15
8633,,15
4317,1,15
8635,,61
2159,2,44
8637,,44
4319,1,44
8639,,37
135,6,13
8641,,61
4321,1,61
8643,,61
2161,2,8
8645,,8
4323,1,8
8647,,15
1081,3,49
8649,,15
4325,1,49
8651,,15
2163,2,49
8653,,49
4327,1,61
8655,,61
541,4,13
8657,,49
4329,1,15
8659,,15
2165,2,13
8661,,13
4331,1,44
8663,,44
1083,3,49
8665,,49
4333,1,49
8667,,44
2167,2,49
8669,,49
4335,1,20
8671,,20
271,5,13
8673,,49
4337,1,13
8675,,13
2169,2,25
8677,,25
4339,1,25
8679,,61
1085,3,13
8681,,25
4341,1,13
8683,,37
2171,2,15
8685,,15
4343,1,15
8687,,37
543,4,49
8689,,13
4345,1,15
8691,,15
2173,2,49
8693,,49
4347,1,66
8695,,66
1087,3,49
8697,,73
4349,1,49
8699,,73
2175,2,25
8701,,25
4351,1,25
8703,,37
17,9,3
8705,,61
4353,1,49
8707,,49
2177,2,49
8709,,49
4355,1,49
8711,,37
1089,3,13
8713,,49
4357,1,13
8715,,49
2179,2,13
8717,,13
4359,1,61
8719,,61
545,4,13
8721,,13
4361,1,49
8723,,49
2181,2,13
8725,,13
4363,1,49
8727,,49
1091,3,13
8729,,49
4365,1,13
8731,,44
2183,2,49
8733,,49
4367,1,49
8735,,49
273,5,8
8737,,49
4369,1,13
8739,,13
2185,2,37
8741,,37
4371,1,37
8743,,37
1093,3,8
8745,,15
4373,1,8
8747,,13
2187,2,25
8749,,25
4375,1,25
8751,,15
547,4,8
8753,,25
4377,1,25
8755,,25
2189,2,8
8757,,8
4379,1,78
8759,,78
1095,3,25
8761,,20
4381,1,25
8763,,13
2191,2,25
8765,,25
4383,1,25
8767,,25
137,6,32
8769,,49
4385,1,49
8771,,49
2193,2,49
8773,,49
4387,1,49
8775,,49
1097,3,49
8777,,49
4389,1,49
8779,,49
2195,2,49
8781,,49
4391,1,61
8783,,61
549,4,32
8785,,49
4393,1,49
8787,,49
2197,2,32
8789,,32
4395,1,44
8791,,44
1099,3,8
8793,,44
4397,1,8
8795,,44
2199,2,8
8797,,8
4399,1,34
8799,,34
275,5,32
8801,,25
4401,1,49
8803,,49
2201,2,49
8805,,49
4403,1,49
8807,,25
1101,3,32
8809,,25
4405,1,32
8811,,15
2203,2,15
8813,,15
4407,1,15
8815,,15
551,4,13
8817,,32
4409,1,25
8819,,25
2205,2,13
8821,,13
4411,1,13
8823,,13
1103,3,13
8825,,49
4413,1,13
8827,,42
2207,2,61
8829,,61
4415,1,61
8831,,42
69,7,3
8833,,25
4417,1,32
8835,,32
2209,2,25
8837,,25
4419,1,25
8839,,25
1105,3,32
8841,,49
4421,1,32
8843,,25
2211,2,32
8845,,32
4423,1,25
8847,,25
553,4,49
8849,,13
4425,1,13
8851,,13
2213,2,49
8853,,49
4427,1,32
8855,,32
1107,3,49
8857,,37
4429,1,49
8859,,25
2215,2,42
8861,,42
4431,1,42
8863,,25
277,5,3
8865,,61
4433,1,49
8867,,49
2217,2,25
8869,,25
4435,1,25
8871,,25
1109,3,3
8873,,61
4437,1,3
8875,,32
2219,2,32
8877,,32
4439,1,32
8879,,61
555,4,8
8881,,66
4441,1,66
8883,,66
2221,2,8
8885,,8
4443,1,32
8887,,32
1111,3,8
8889,,66
4445,1,8
8891,,22
2223,2,66
8893,,66
4447,1,66
8895,,22
139,6,13
8897,,8
4449,1,22
8899,,22
2225,2,49
8901,,49
4451,1,49
8903,,32
1113,3,49
8905,,32
4453,1,49
8907,,32
2227,2,49
8909,,49
4455,1,32
8911,,32
557,4,13
8913,,13
4457,1,13
8915,,13
2229,2,13
8917,,13
4459,1,13
8919,,13
1115,3,32
8921,,49
4461,1,32
8923,,22
2231,2,32
8925,,32
4463,1,13
8927,,13
279,5,13
8929,,32
4465,1,13
8931,,13
2233,2,49
8933,,49
4467,1,49
8935,,37
1117,3,13
8937,,32
4469,1,13
8939,,42
2235,2,13
8941,,13
4471,1,13
8943,,54
559,4,30
8945,,13
4473,1,32
8947,,32
2237,2,30
8949,,30
4475,1,49
8951,,49
1119,3,30
8953,,49
4477,1,30
8955,,32
2239,2,49
8957,,49
4479,1,49
8959,,90
35,8,3
8961,,13
4481,1,13
8963,,13
2241,2,13
8965,,13
4483,1,13
8967,,49
1121,3,13
8969,,15
4485,1,13
8971,,49
2243,2,13
8973,,13
4487,1,13
8975,,13
561,4,13
8977,,13
4489,1,30
8979,,30
2245,2,13
8981,,13
4491,1,66
8983,,66
1123,3,13
8985,,66
4493,1,13
8987,,30
2247,2,25
8989,,25
4495,1,25
8991,,49
281,5,13
8993,,25
4497,1,13
8995,,13
2249,2,13
8997,,13
4499,1,13
8999,,66
1125,3,13
9001,,49
4501,1,13
9003,,25
2251,2,10
9005,,10
4503,1,10
9007,,25
563,4,13
9009,,10
4505,1,10
9011,,10
2253,2,13
9013,,13
4507,1,30
9015,,30
1127,3,49
9017,,10
4509,1,49
9019,,10
2255,2,49
9021,,49
4511,1,54
9023,,54
141,6,3
9025,,13
4513,1,66
9027,,66
2257,2,10
9029,,10
4515,1,10
9031,,66
1129,3,10
9033,,13
4517,1,10
9035,,10
2259,2,10
9037,,10
4519,1,30
9039,,30
565,4,3
9041,,66
4521,1,66
9043,,66
2261,2,3
9045,,3
4523,1,30
9047,,30
1131,3,10
9049,,13
4525,1,10
9051,,30
2263,2,10
9053,,10
4527,1,10
9055,,10
283,5,20
9057,,25
4529,1,20
9059,,20
2265,2,20
9061,,20
4531,1,20
9063,,30
1133,3,20
9065,,42
4533,1,20
9067,,13
2267,2,30
9069,,30
4535,1,30
9071,,30
567,4,20
9073,,20
4537,1,20
9075,,20
2269,2,20
9077,,20
4539,1,66
9079,,66
1135,3,20
9081,,32
4541,1,20
9083,,30
2271,2,20
9085,,20
4543,1,66
9087,,66
71,7,37
9089,,49
4545,1,49
9091,,49
2273,2,49
9093,,49
4547,1,49
9095,,49
1137,3,3
9097,,42
4549,1,3
9099,,42
2275,2,3
9101,,3
4551,1,66
9103,,66
569,4,18
9105,,54
4553,1,54
9107,,54
2277,2,18
9109,,18
4555,1,18
9111,,18
1139,3,18
9113,,18
4557,1,18
9115,,54
2279,2,54
9117,,54
4559,1,54
9119,,20
285,5,37
9121,,18
4561,1,18
9123,,18
2281,2,54
9125,,54
4563,1,54
9127,,54
1141,3,37
9129,,20
4565,1,37
9131,,54
2283,2,18
9133,,18
4567,1,18
9135,,18
571,4,8
9137,,8
4569,1,8
9139,,8
2285,2,8
9141,,8
4571,1,18
9143,,18
1143,3,8
9145,,20
4573,1,8
9147,,20
2287,2,42
9149,,42
4575,1,42
9151,,30
143,6,37
9153,,54
4577,1,54
9155,,54
2289,2,37
9157,,37
4579,1,37
9159,,71
1145,3,54
9161,,54
4581,1,54
9163,,8
2291,2,54
9165,,54
4583,1,30
9167,,30
573,4,37
9169,,54
4585,1,54
9171,,54
2293,2,37
9173,,37
4587,1,42
9175,,42
1147,3,18
9177,,37
4589,1,18
9179,,18
2295,2,18
9181,,18
4591,1,61
9183,,61
287,5,13
9185,,66
4593,1,37
9187,,37
2297,2,18
9189,,18
4595,1,18
9191,,18
1149,3,13
9193,,30
4597,1,13
9195,,54
2299,2,54
9197,,54
4599,1,54
9199,,20
575,4,13
9201,,13
4601,1,18
9203,,18
2301,2,13
9205,,13
4603,1,42
9207,,42
1151,3,18
9209,,42
4605,1,18
9211,,42
2303,2,18
9213,,18
4607,1,54
9215,,54
9,10,6
9217,,13
4609,1,13
9219,,13
2305,2,37
9221,,37
4611,1,37
9223,,13
1153,3,54
9225,,83
4613,1,54
9227,,37
2307,2,54
9229,,54
4615,1,30
9231,,30
577,4,8
9233,,54
4617,1,37
9235,,37
2309,2,8
9237,,8
4619,1,54
9239,,54
1155,3,8
9241,,54
4621,1,8
9243,,30
2311,2,54
9245,,54
4623,1,54
9247,,66
289,5,8
9249,,66
4625,1,8
9251,,8
2313,2,37
9253,,37
4627,1,37
9255,,54
1157,3,8
9257,,95
4629,1,8
9259,,13
2315,2,37
9261,,37
4631,1,37
9263,,49
579,4,8
9265,,37
4633,1,37
9267,,37
2317,2,8
9269,,8
4635,1,30
9271,,30
1159,3,18
9273,,54
4637,1,18
9275,,54
2319,2,18
9277,,18
4639,1,30
9279,,30
145,6,42
9281,,18
4641,1,18
9283,,18
2321,2,8
9285,,8
4643,1,8
9287,,59
1161,3,66
9289,,30
4645,1,66
9291,,8
2323,2,66
9293,,66
4647,1,18
9295,,18
581,4,42
9297,,66
4649,1,47
9299,,47
2325,2,42
9301,,42
4651,1,8
9303,,8
1163,3,54
9305,,30
4653,1,54
9307,,30
2327,2,54
9309,,54
4655,1,30
9311,,30
291,5,42
9313,,37
4657,1,54
9315,,54
2329,2,54
9317,,54
4659,1,54
9319,,30
1165,3,42
9321,,18
4661,1,42
9323,,18
2331,2,37
9325,,37
4663,1,37
9327,,30
583,4,8
9329,,42
4665,1,47
9331,,47
2333,2,8
9333,,8
4667,1,8
9335,,8
1167,3,8
9337,,54
4669,1,8
9339,,54
2335,2,30
9341,,30
4671,1,30
9343,,18
73,7,42
9345,,66
4673,1,18
9347,,18
2337,2,18
9349,,18
4675,1,18
9351,,37
1169,3,18
9353,,66
4677,1,18
9355,,71
2339,2,18
9357,,18
4679,1,13
9359,,13
585,4,18
9361,,13
4681,1,13
9363,,13
2341,2,18
9365,,18
4683,1,18
9367,,18
1171,3,18
9369,,18
4685,1,18
9371,,66
2343,2,54
9373,,54
4687,1,54
9375,,13
293,5,42
9377,,37
4689,1,54
9379,,54
2345,2,54
9381,,54
4691,1,54
9383,,37
1173,3,42
9385,,27
4693,1,42
9387,,18
2347,2,37
9389,,37
4695,1,37
9391,,18
587,4,42
9393,,37
4697,1,37
9395,,37
2349,2,42
9397,,42
4699,1,27
9399,,27
1175,3,42
9401,,18
4701,1,42
9403,,18
2351,2,18
9405,,18
4703,1,18
9407,,37
147,6,42
9409,,18
4705,1,18
9411,,18
2353,2,8
9413,,8
4707,1,8
9415,,18
1177,3,8
9417,,35
4709,1,8
9419,,35
2355,2,8
9421,,8
4711,1,18
9423,,18
589,4,42
9425,,54
4713,1,54
9427,,54
2357,2,42
9429,,42
4715,1,35
9431,,35
1179,3,18
9433,,8
4717,1,18
9435,,54
2359,2,18
9437,,18
4719,1,35
9439,,35
295,5,18
9441,,35
4721,1,42
9443,,42
2361,2,18
9445,,18
4723,1,18
9447,,54
1181,3,18
9449,,18
4725,1,18
9451,,54
2363,2,18
9453,,18
4727,1,18
9455,,54
591,4,18
9457,,18
4729,1,18
9459,,18
2365,2,18
9461,,18
4731,1,18
9463,,18
1183,3,30
9465,,18
4733,1,30
9467,,35
2367,2,30
9469,,30
4735,1,54
9471,,54
37,8,6
9473,,18
4737,1,18
9475,,18
2369,2,42
9477,,42
4739,1,42
9479,,71
1185,3,54
9481,,54
4741,1,54
9483,,15
2371,2,54
9485,,54
4743,1,18
9487,,18
593,4,25
9489,,54
4745,1,15
9491,,15
2373,2,25
9493,,25
4747,1,54
9495,,54
1187,3,25
9497,,15
4749,1,25
9499,,35
2375,2,59
9501,,59
4751,1,59
9503,,54
297,5,25
9505,,42
4753,1,15
9507,,15
2377,2,15
9509,,15
4755,1,15
9511,,15
1189,3,25
9513,,71
4757,1,25
9515,,15
2379,2,25
9517,,25
4759,1,25
9519,,35
595,4,25
9521,,8
4761,1,8
9523,,8
2381,2,25
9525,,25
4763,1,71
9527,,71
1191,3,15
9529,,35
4765,1,15
9531,,25
2383,2,15
9533,,15
4767,1,35
9535,,35
149,6,6
9537,,25
4769,1,25
9539,,25
2385,2,35
9541,,35
4771,1,35
9543,,15
1193,3,35
9545,,25
4773,1,35
9547,,35
2387,2,35
9549,,35
4775,1,18
9551,,18
597,4,6
9553,,35
4777,1,35
9555,,35
2389,2,6
9557,,6
4779,1,25
9559,,25
1195,3,42
9561,,25
4781,1,42
9563,,71
2391,2,42
9565,,42
4783,1,25
9567,,25
299,5,42
9569,,25
4785,1,23
9571,,23
2393,2,23
9573,,23
4787,1,23
9575,,71
1197,3,42
9577,,54
4789,1,42
9579,,54
2395,2,8
9581,,8
4791,1,8
9583,,47
599,4,42
9585,,42
4793,1,23
9587,,23
2397,2,42
9589,,42
4795,1,59
9591,,59
1199,3,23
9593,,42
4797,1,23
9595,,23
2399,2,23
9597,,23
4799,1,59
9599,,59
75,7,3
9601,,59
4801,1,42
9603,,42
2401,2,59
9605,,59
4803,1,59
9607,,42
1201,3,18
9609,,23
4805,1,18
9611,,59
2403,2,18
9613,,18
4807,1,42
9615,,42
601,4,18
9617,,13
4809,1,13
9619,,13
2405,2,18
9621,,18
4811,1,13
9623,,13
1203,3,18
9625,,13
4813,1,18
9627,,13
2407,2,23
9629,,23
4815,1,23
9631,,56
301,5,3
9633,,13
4817,1,42
9635,,42
2409,2,42
9637,,42
4819,1,42
9639,,47
1205,3,3
9641,,23
4821,1,3
9643,,59
2411,2,59
9645,,59
4823,1,59
9647,,42
603,4,23
9649,,18
4825,1,18
9651,,18
2413,2,23
9653,,23
4827,1,35
9655,,35
1207,3,23
9657,,18
4829,1,23
9659,,59
2415,2,42
9661,,42
4831,1,42
9663,,66
151,6,3
9665,,23
4833,1,23
9667,,23
2417,2,3
9669,,3
4835,1,3
9671,,23
1209,3,18
9673,,18
4837,1,18
9675,,23
2419,2,18
9677,,18
4839,1,59
9679,,59
605,4,3
9681,,18
4841,1,35
9683,,35
2421,2,3
9685,,3
4843,1,59
9687,,59
1211,3,23
9689,,23
4845,1,23
9691,,18
2423,2,23
9693,,23
4847,1,59
9695,,59
303,5,13
9697,,47
4849,1,3
9699,,3
2425,2,59
9701,,59
4851,1,59
9703,,47
1213,3,13
9705,,64
4853,1,13
9707,,59
2427,2,42
9709,,42
4855,1,42
9711,,18
607,4,13
9713,,13
4857,1,59
9715,,59
2429,2,13
9717,,13
4859,1,42
9719,,42
1215,3,59
9721,,59
4861,1,59
9723,,35
2431,2,59
9725,,59
4863,1,30
9727,,30
19,9,6
9729,,59
4865,1,13
9731,,13
2433,2,13
9733,,13
4867,1,13
9735,,13
1217,3,47
9737,,59
4869,1,47
9739,,13
2435,2,47
9741,,47
4871,1,13
9743,,13
609,4,47
9745,,47
4873,1,42
9747,,42
2437,2,47
9749,,47
4875,1,42
9751,,42
1219,3,47
9753,,42
4877,1,47
9755,,18
2439,2,47
9757,,47
4879,1,47
9759,,54
305,5,11
9761,,13
4881,1,47
9763,,47
2441,2,23
9765,,23
4883,1,23
9767,,23
1221,3,11
9769,,35
4885,1,11
9771,,47
2443,2,13
9773,,13
4887,1,13
9775,,54
611,4,11
9777,,13
4889,1,13
9779,,13
2445,2,11
9781,,11
4891,1,64
9783,,64
1223,3,47
9785,,71
4893,1,47
9787,,71
2447,2,47
9789,,47
4895,1,23
9791,,23
153,6,11
9793,,59
4897,1,59
9795,,59
2449,2,47
9797,,47
4899,1,47
9799,,13
1225,3,47
9801,,35
4901,1,47
9803,,47
2451,2,47
9805,,47
4903,1,35
9807,,35
613,4,11
9809,,59
4905,1,59
9811,,59
2453,2,11
9813,,11
4907,1,47
9815,,47
1227,3,47
9817,,47
4909,1,47
9819,,23
2455,2,47
9821,,47
4911,1,42
9823,,42
307,5,11
9825,,13
4913,1,47
9827,,47
2457,2,47
9829,,47
4915,1,47
9831,,35
1229,3,11
9833,,13
4917,1,11
9835,,59
2459,2,35
9837,,35
4919,1,35
9839,,13
615,4,23
9841,,11
4921,1,23
9843,,23
2461,2,23
9845,,23
4923,1,23
9847,,23
1231,3,23
9849,,23
4925,1,23
9851,,23
2463,2,76
9853,,76
4927,1,76
9855,,32
77,7,6
9857,,18
4929,1,11
9859,,11
2465,2,23
9861,,23
4931,1,23
9863,,23
1233,3,47
9865,,32
4933,1,47
9867,,23
2467,2,47
9869,,47
4935,1,71
9871,,71
617,4,47
9873,,47
4937,1,47
9875,,47
2469,2,47
9877,,47
4939,1,47
9879,,47
1235,3,47
9881,,59
4941,1,47
9883,,59
2471,2,47
9885,,47
4943,1,47
9887,,88
309,5,6
9889,,42
4945,1,42
9891,,42
2473,2,42
9893,,42
4947,1,42
9895,,42
1237,3,6
9897,,88
4949,1,6
9899,,32
2475,2,23
9901,,23
4951,1,23
9903,,23
619,4,47
9905,,11
4953,1,11
9907,,11
2477,2,47
9909,,47
4955,1,23
9911,,23
1239,3,47
9913,,13
4957,1,47
9915,,13
2479,2,13
9917,,13
4959,1,13
9919,,52
155,6,30
9921,,47
4961,1,23
9923,,23
2481,2,11
9925,,11
4963,1,11
9927,,47
1241,3,11
9929,,47
4965,1,11
9931,,40
2483,2,11
9933,,11
4967,1,59
9935,,59
621,4,30
9937,,23
4969,1,23
9939,,23
2485,2,30
9941,,30
4971,1,23
9943,,23
1243,3,23
9945,,23
4973,1,23
9947,,47
2487,2,23
9949,,23
4975,1,23
9951,,23
311,5,30
9953,,23
4977,1,30
9955,,30
2489,2,11
9957,,11
4979,1,11
9959,,23
1245,3,30
9961,,23
4981,1,30
9963,,23
2491,2,35
9965,,35
4983,1,35
9967,,23
623,4,47
9969,,30
4985,1,40
9971,,40
2493,2,47
9973,,47
4987,1,59
9975,,59
1247,3,47
9977,,11
4989,1,47
9979,,23
2495,2,23
9981,,23
4991,1,23
9983,,59
39,8,11
9985,,30
4993,1,59
9987,,59
2497,2,30
9989,,30
4995,1,30
9991,,59
1249,3,64
9993,,23
4997,1,64
9995,,20
2499,2,64
9997,,64
4999,1,30
9999,,30
625,4,6
