This is a focused 2-adic view of the first 10000 integers in consecutive order, without residues. Use this to confirm patterns seen in smaller numbers and also to search for extended structure.

For every integer n:
- oc is the 2-adic "odd core" of the number, after removing all factors of 2. For odd numbers, oc is the number itself.
- k is the 2-adic exponent, the number of halvings (n = oc * 2^k). For odd numbers, k is always 0, so is omitted here.
- dist is the odd-to-odd Collatz stopping distance of odd numbers. For even numbers, it is omitted here too.

oc,k,dist
1,,0
1,1,
3,,2
1,2,
5,,1
3,1,
7,,5
1,3,
9,,6
5,1,
11,,4
3,2,
13,,2
7,1,
15,,5
1,4,
17,,3
9,1,
19,,6
5,2,
21,,1
11,1,
23,,4
3,3,
25,,7
13,1,
27,,41
7,2,
29,,5
15,1,
31,,39
1,5,
33,,8
17,1,
35,,3
9,2,
37,,6
19,1,
39,,11
5,3,
41,,40
21,1,
43,,9
11,2,
45,,4
23,1,
47,,38
3,4,
49,,7
25,1,
51,,7
13,2,
53,,2
27,1,
55,,41
7,3,
57,,10
29,1,
59,,10
15,2,
61,,5
31,1,
63,,39
1,6,
65,,8
33,1,
67,,8
17,2,
69,,3
35,1,
71,,37
9,3,
73,,42
37,1,
75,,3
19,2,
77,,6
39,1,
79,,11
5,4,
81,,6
41,1,
83,,40
21,2,
85,,1
43,1,
87,,9
11,3,
89,,9
45,1,
91,,33
23,2,
93,,4
47,1,
95,,38
3,5,
97,,43
49,1,
99,,7
25,2,
101,,7
51,1,
103,,31
13,3,
105,,12
53,1,
107,,36
27,2,
109,,41
55,1,
111,,24
7,4,
113,,2
57,1,
115,,10
29,2,
117,,5
59,1,
119,,10
15,3,
121,,34
61,1,
123,,15
31,2,
125,,39
63,1,
127,,15
1,7,
129,,44
65,1,
131,,8
33,2,
133,,8
67,1,
135,,13
17,3,
137,,32
69,1,
139,,13
35,2,
141,,3
71,1,
143,,37
9,4,
145,,42
73,1,
147,,42
37,2,
149,,6
75,1,
151,,3
19,3,
153,,11
77,1,
155,,30
39,2,
157,,11
79,1,
159,,18
5,5,
161,,35
81,1,
163,,6
41,2,
165,,40
83,1,
167,,23
21,3,
169,,16
85,1,
171,,45
43,2,
173,,9
87,1,
175,,28
11,4,
177,,9
89,1,
179,,9
45,2,
181,,4
91,1,
183,,33
23,3,
185,,14
93,1,
187,,14
47,2,
189,,38
95,1,
191,,14
3,6,
193,,43
97,1,
195,,43
49,2,
197,,7
99,1,
199,,43
25,3,
201,,4
101,1,
203,,12
51,2,
205,,7
103,1,
207,,31
13,4,
209,,12
105,1,
211,,12
53,2,
213,,2
107,1,
215,,36
27,3,
217,,7
109,1,
219,,17
55,2,
221,,41
111,1,
223,,24
7,5,
225,,17
113,1,
227,,2
57,2,
229,,10
115,1,
231,,46
29,3,
233,,29
117,1,
235,,46
59,2,
237,,10
119,1,
239,,17
15,4,
241,,5
121,1,
243,,34
61,2,
245,,5
123,1,
247,,15
31,3,
249,,15
125,1,
251,,22
63,2,
253,,39
127,1,
255,,15
1,8,
257,,44
129,1,
259,,44
65,2,
261,,8
131,1,
263,,27
33,3,
265,,44
133,1,
267,,5
67,2,
269,,8
135,1,
271,,13
17,4,
273,,8
137,1,
275,,32
69,2,
277,,3
139,1,
279,,13
35,3,
281,,13
141,1,
283,,20
71,2,
285,,37
143,1,
287,,13
9,5,
289,,8
145,1,
291,,42
73,2,
293,,42
147,1,
295,,18
37,3,
297,,25
149,1,
299,,42
75,2,
301,,3
151,1,
303,,13
19,4,
305,,11
153,1,
307,,11
77,2,
309,,6
155,1,
311,,30
39,3,
313,,47
157,1,
315,,11
79,2,
317,,11
159,1,
319,,18
5,6,
321,,6
161,1,
323,,35
81,2,
325,,6
163,1,
327,,52
41,3,
329,,16
165,1,
331,,6
83,2,
333,,40
167,1,
335,,23
21,4,
337,,40
169,1,
339,,16
85,2,
341,,1
171,1,
343,,45
43,3,
345,,45
173,1,
347,,45
87,2,
349,,9
175,1,
351,,28
11,5,
353,,45
177,1,
355,,9
89,2,
357,,9
179,1,
359,,16
45,3,
361,,14
181,1,
363,,14
91,2,
365,,33
183,1,
367,,14
23,4,
369,,4
185,1,
371,,14
93,2,
373,,4
187,1,
375,,14
47,3,
377,,21
189,1,
379,,19
95,2,
381,,38
191,1,
383,,14
3,7,
385,,9
193,1,
387,,43
97,2,
389,,43
195,1,
391,,43
49,3,
393,,19
197,1,
395,,26
99,2,
397,,7
199,1,
399,,43
25,4,
401,,4
201,1,
403,,4
101,2,
405,,7
203,1,
407,,12
51,3,
409,,12
205,1,
411,,48
103,2,
413,,31
207,1,
415,,48
13,5,
417,,48
209,1,
419,,12
105,2,
421,,12
211,1,
423,,9
53,3,
425,,19
213,1,
427,,17
107,2,
429,,36
215,1,
431,,12
27,4,
433,,7
217,1,
435,,7
109,2,
437,,41
219,1,
439,,17
55,3,
441,,7
221,1,
443,,17
111,2,
445,,24
223,1,
447,,34
7,6,
449,,41
225,1,
451,,17
113,2,
453,,2
227,1,
455,,12
57,3,
457,,46
229,1,
459,,46
115,2,
461,,10
231,1,
463,,46
29,4,
465,,10
233,1,
467,,29
117,2,
469,,5
235,1,
471,,46
59,3,
473,,10
237,1,
475,,7
119,2,
477,,10
239,1,
479,,17
15,5,
481,,15
241,1,
483,,5
121,2,
485,,34
243,1,
487,,51
61,3,
489,,15
245,1,
491,,51
123,2,
493,,15
247,1,
495,,34
31,4,
497,,5
249,1,
499,,15
125,2,
501,,39
251,1,
503,,22
63,3,
505,,20
253,1,
507,,10
127,2,
509,,15
255,1,
511,,20
1,9,
513,,10
257,1,
515,,44
129,2,
517,,44
259,1,
519,,20
65,3,
521,,44
261,1,
523,,44
131,2,
525,,8
263,1,
527,,27
33,4,
529,,8
265,1,
531,,44
133,2,
533,,8
267,1,
535,,5
67,3,
537,,5
269,1,
539,,15
135,2,
541,,13
271,1,
543,,49
17,5,
545,,13
273,1,
547,,8
137,2,
549,,32
275,1,
551,,13
69,3,
553,,49
277,1,
555,,8
139,2,
557,,13
279,1,
559,,30
35,4,
561,,13
281,1,
563,,13
141,2,
565,,3
283,1,
567,,20
71,3,
569,,18
285,1,
571,,8
143,2,
573,,37
287,1,
575,,13
9,6,
577,,8
289,1,
579,,8
145,2,
581,,42
291,1,
583,,8
73,3,
585,,18
293,1,
587,,42
147,2,
589,,42
295,1,
591,,18
37,4,
593,,25
297,1,
595,,25
149,2,
597,,6
299,1,
599,,42
75,3,
601,,18
301,1,
603,,23
151,2,
605,,3
303,1,
607,,13
19,5,
609,,47
305,1,
611,,11
153,2,
613,,11
307,1,
615,,23
77,3,
617,,47
309,1,
619,,47
155,2,
621,,30
311,1,
623,,47
39,4,
625,,6
313,1,
627,,47
157,2,
629,,11
315,1,
631,,11
79,3,
633,,8
317,1,
635,,8
159,2,
637,,18
319,1,
639,,47
5,7,
641,,16
321,1,
643,,6
161,2,
645,,35
323,1,
647,,11
81,3,
649,,52
325,1,
651,,35
163,2,
653,,6
327,1,
655,,52
41,4,
657,,16
329,1,
659,,16
165,2,
661,,40
331,1,
663,,6
83,3,
665,,16
333,1,
667,,52
167,2,
669,,23
335,1,
671,,33
21,5,
673,,21
337,1,
675,,40
169,2,
677,,16
339,1,
679,,21
85,3,
681,,21
341,1,
683,,11
171,2,
685,,45
343,1,
687,,11
43,4,
689,,45
345,1,
691,,45
173,2,
693,,9
347,1,
695,,45
87,3,
697,,45
349,1,
699,,21
175,2,
701,,28
351,1,
703,,62
11,6,
705,,9
353,1,
707,,45
177,2,
709,,9
355,1,
711,,21
89,3,
713,,6
357,1,
715,,6
179,2,
717,,9
359,1,
719,,16
45,4,
721,,14
361,1,
723,,14
181,2,
725,,4
363,1,
727,,14
91,3,
729,,9
365,1,
731,,50
183,2,
733,,33
367,1,
735,,14
23,5,
737,,50
369,1,
739,,4
185,2,
741,,14
371,1,
743,,33
93,3,
745,,31
373,1,
747,,14
187,2,
749,,14
375,1,
751,,50
47,4,
753,,4
377,1,
755,,21
189,2,
757,,38
379,1,
759,,19
95,3,
761,,9
381,1,
763,,55
191,2,
765,,14
383,1,
767,,19
3,8,
769,,9
385,1,
771,,9
193,2,
773,,43
387,1,
775,,55
97,3,
777,,9
389,1,
779,,19
195,2,
781,,43
391,1,
783,,43
49,4,
785,,43
393,1,
787,,19
197,2,
789,,7
395,1,
791,,26
99,3,
793,,26
397,1,
795,,36
199,2,
797,,43
399,1,
799,,24
25,5,
801,,19
401,1,
803,,4
201,2,
805,,4
403,1,
807,,24
101,3,
809,,14
405,1,
811,,48
203,2,
813,,12
407,1,
815,,48
51,4,
817,,12
409,1,
819,,12
205,2,
821,,7
411,1,
823,,48
103,3,
825,,48
413,1,
827,,12
207,2,
829,,31
415,1,
831,,48
13,6,
833,,7
417,1,
835,,48
209,2,
837,,12
419,1,
839,,29
105,3,
841,,12
421,1,
843,,12
211,2,
845,,12
423,1,
847,,9
53,4,
849,,19
425,1,
851,,19
213,2,
853,,2
427,1,
855,,17
107,3,
857,,7
429,1,
859,,53
215,2,
861,,36
431,1,
863,,12
27,5,
865,,53
433,1,
867,,7
217,2,
869,,7
435,1,
871,,65
109,3,
873,,53
437,1,
875,,7
219,2,
877,,17
439,1,
879,,53
55,4,
881,,41
441,1,
883,,7
221,2,
885,,41
443,1,
887,,17
111,3,
889,,53
445,1,
891,,14
223,2,
893,,24
447,1,
895,,34
7,7,
897,,22
449,1,
899,,41
225,2,
901,,17
451,1,
903,,41
113,3,
905,,22
453,1,
907,,17
227,2,
909,,2
455,1,
911,,12
57,4,
913,,46
457,1,
915,,46
229,2,
917,,10
459,1,
919,,46
115,3,
921,,46
461,1,
923,,22
231,2,
925,,46
463,1,
927,,41
29,5,
929,,46
465,1,
931,,10
233,2,
933,,29
467,1,
935,,46
117,3,
937,,63
469,1,
939,,29
235,2,
941,,46
471,1,
943,,10
59,4,
945,,10
473,1,
947,,10
237,2,
949,,10
475,1,
951,,7
119,3,
953,,7
477,1,
955,,7
239,2,
957,,17
479,1,
959,,46
15,6,
961,,15
481,1,
963,,15
241,2,
965,,5
483,1,
967,,51
121,3,
969,,15
485,1,
971,,10
243,2,
973,,34
487,1,
975,,51
61,4,
977,,34
489,1,
979,,15
245,2,
981,,5
491,1,
983,,51
123,3,
985,,5
493,1,
987,,10
247,2,
989,,15
495,1,
991,,34
31,5,
993,,32
497,1,
995,,5
249,2,
997,,15
499,1,
999,,15
125,3,
1001,,51
501,1,
1003,,12
251,2,
1005,,22
503,1,
1007,,32
63,4,
1009,,39
505,1,
1011,,20
253,2,
1013,,39
507,1,
1015,,10
127,3,
1017,,56
509,1,
1019,,20
255,2,
1021,,15
511,1,
1023,,20
1,10,
1025,,10
513,1,
1027,,10
257,2,
1029,,44
515,1,
1031,,10
129,3,
1033,,56
517,1,
1035,,44
259,2,
1037,,44
519,1,
1039,,20
65,4,
1041,,44
521,1,
1043,,44
261,2,
1045,,8
523,1,
1047,,44
131,3,
1049,,20
525,1,
1051,,32
263,2,
1053,,27
527,1,
1055,,61
33,5,
1057,,27
529,1,
1059,,8
265,2,
1061,,44
531,1,
1063,,25
133,3,
1065,,25
533,1,
1067,,20
267,2,
1069,,5
535,1,
1071,,61
67,4,
1073,,5
537,1,
1075,,5
269,2,
1077,,8
539,1,
1079,,15
135,3,
1081,,49
541,1,
1083,,49
271,2,
1085,,13
543,1,
1087,,49
17,6,
1089,,13
545,1,
1091,,13
273,2,
1093,,8
547,1,
1095,,25
137,3,
1097,,49
549,1,
1099,,8
275,2,
1101,,32
551,1,
1103,,13
69,4,
1105,,32
553,1,
1107,,49
277,2,
1109,,3
555,1,
1111,,8
139,3,
1113,,49
557,1,
1115,,32
279,2,
1117,,13
559,1,
1119,,30
35,5,
1121,,13
561,1,
1123,,13
281,2,
1125,,13
563,1,
1127,,49
141,3,
1129,,10
565,1,
1131,,10
283,2,
1133,,20
567,1,
1135,,20
71,4,
1137,,3
569,1,
1139,,18
285,2,
1141,,37
571,1,
1143,,8
143,3,
1145,,54
573,1,
1147,,18
287,2,
1149,,13
575,1,
1151,,18
9,7,
1153,,54
577,1,
1155,,8
289,2,
1157,,8
579,1,
1159,,18
145,3,
1161,,66
581,1,
1163,,54
291,2,
1165,,42
583,1,
1167,,8
73,4,
1169,,18
585,1,
1171,,18
293,2,
1173,,42
587,1,
1175,,42
147,3,
1177,,8
589,1,
1179,,18
295,2,
1181,,18
591,1,
1183,,30
37,5,
1185,,54
593,1,
1187,,25
297,2,
1189,,25
595,1,
1191,,15
149,3,
1193,,35
597,1,
1195,,42
299,2,
1197,,42
599,1,
1199,,23
75,4,
1201,,18
601,1,
1203,,18
301,2,
1205,,3
603,1,
1207,,23
151,3,
1209,,18
605,1,
1211,,23
303,2,
1213,,13
607,1,
1215,,59
19,6,
1217,,47
609,1,
1219,,47
305,2,
1221,,11
611,1,
1223,,47
153,3,
1225,,47
613,1,
1227,,47
307,2,
1229,,11
615,1,
1231,,23
77,4,
1233,,47
617,1,
1235,,47
309,2,
1237,,6
619,1,
1239,,47
155,3,
1241,,11
621,1,
1243,,23
311,2,
1245,,30
623,1,
1247,,47
39,5,
1249,,64
625,1,
1251,,6
313,2,
1253,,47
627,1,
1255,,30
157,3,
1257,,11
629,1,
1259,,28
315,2,
1261,,11
631,1,
1263,,64
79,4,
1265,,11
633,1,
1267,,8
317,2,
1269,,11
635,1,
1271,,8
159,3,
1273,,8
637,1,
1275,,28
319,2,
1277,,18
639,1,
1279,,47
5,8,
1281,,16
641,1,
1283,,16
321,2,
1285,,6
643,1,
1287,,52
161,3,
1289,,52
645,1,
1291,,16
323,2,
1293,,35
647,1,
1295,,11
81,4,
1297,,35
649,1,
1299,,52
325,2,
1301,,6
651,1,
1303,,35
163,3,
1305,,16
653,1,
1307,,64
327,2,
1309,,52
655,1,
1311,,35
41,5,
1313,,6
657,1,
1315,,16
329,2,
1317,,16
659,1,
1319,,52
165,3,
1321,,35
661,1,
1323,,16
331,2,
1325,,6
663,1,
1327,,16
83,4,
1329,,16
665,1,
1331,,16
333,2,
1333,,40
667,1,
1335,,52
167,3,
1337,,13
669,1,
1339,,6
335,2,
1341,,23
671,1,
1343,,33
21,6,
1345,,40
673,1,
1347,,21
337,2,
1349,,40
675,1,
1351,,57
169,3,
1353,,11
677,1,
1355,,40
339,2,
1357,,16
679,1,
1359,,21
85,4,
1361,,16
681,1,
1363,,21
341,2,
1365,,1
683,1,
1367,,11
171,3,
1369,,11
685,1,
1371,,40
343,2,
1373,,45
687,1,
1375,,11
43,5,
1377,,57
689,1,
1379,,45
345,2,
1381,,45
691,1,
1383,,33
173,3,
1385,,21
693,1,
1387,,21
347,2,
1389,,45
695,1,
1391,,40
87,4,
1393,,9
697,1,
1395,,45
349,2,
1397,,9
699,1,
1399,,21
175,3,
1401,,33
701,1,
1403,,45
351,2,
1405,,28
703,1,
1407,,62
11,7,
1409,,28
705,1,
1411,,9
353,2,
1413,,45
707,1,
1415,,9
177,3,
1417,,26
709,1,
1419,,45
355,2,
1421,,9
711,1,
1423,,21
89,4,
1425,,6
713,1,
1427,,6
357,2,
1429,,9
715,1,
1431,,6
179,3,
1433,,6
717,1,
1435,,26
359,2,
1437,,16
719,1,
1439,,45
45,5,
1441,,50
721,1,
1443,,14
361,2,
1445,,14
723,1,
1447,,16
181,3,
1449,,50
725,1,
1451,,50
363,2,
1453,,14
727,1,
1455,,50
91,4,
1457,,9
729,1,
1459,,9
365,2,
1461,,33
731,1,
1463,,50
183,3,
1465,,9
733,1,
1467,,50
367,2,
1469,,14
735,1,
1471,,62
23,6,
1473,,33
737,1,
1475,,50
369,2,
1477,,4
739,1,
1479,,33
185,3,
1481,,9
741,1,
1483,,50
371,2,
1485,,14
743,1,
1487,,33
93,4,
1489,,14
745,1,
1491,,31
373,2,
1493,,4
747,1,
1495,,14
187,3,
1497,,14
749,1,
1499,,14
375,2,
1501,,14
751,1,
1503,,50
47,5,
1505,,11
753,1,
1507,,4
377,2,
1509,,21
755,1,
1511,,31
189,3,
1513,,21
757,1,
1515,,50
379,2,
1517,,19
759,1,
1519,,55
95,4,
1521,,38
761,1,
1523,,9
381,2,
1525,,38
763,1,
1527,,55
191,3,
1529,,19
765,1,
1531,,19
383,2,
1533,,14
767,1,
1535,,19
3,9,
1537,,55
769,1,
1539,,9
385,2,
1541,,9
771,1,
1543,,38
193,3,
1545,,19
773,1,
1547,,9
387,2,
1549,,43
775,1,
1551,,55
97,4,
1553,,43
777,1,
1555,,9
389,2,
1557,,43
779,1,
1559,,19
195,3,
1561,,19
781,1,
1563,,55
391,2,
1565,,43
783,1,
1567,,19
49,5,
1569,,9
785,1,
1571,,43
393,2,
1573,,19
787,1,
1575,,19
197,3,
1577,,31
789,1,
1579,,43
395,2,
1581,,26
791,1,
1583,,60
99,4,
1585,,26
793,1,
1587,,26
397,2,
1589,,7
795,1,
1591,,36
199,3,
1593,,43
797,1,
1595,,24
399,2,
1597,,43
799,1,
1599,,24
25,6,
1601,,19
801,1,
1603,,19
401,2,
1605,,4
803,1,
1607,,60
201,3,
1609,,24
805,1,
1611,,4
403,2,
1613,,4
807,1,
1615,,24
101,4,
1617,,14
809,1,
1619,,14
405,2,
1621,,7
811,1,
1623,,48
203,3,
1625,,48
813,1,
1627,,24
407,2,
1629,,12
815,1,
1631,,48
51,5,
1633,,48
817,1,
1635,,12
409,2,
1637,,12
819,1,
1639,,36
205,3,
1641,,24
821,1,
1643,,24
411,2,
1645,,48
823,1,
1647,,48
103,4,
1649,,7
825,1,
1651,,48
413,2,
1653,,31
827,1,
1655,,12
207,3,
1657,,24
829,1,
1659,,12
415,2,
1661,,48
831,1,
1663,,24
13,7,
1665,,65
833,1,
1667,,7
417,2,
1669,,48
835,1,
1671,,12
209,3,
1673,,31
837,1,
1675,,48
419,2,
1677,,12
839,1,
1679,,29
105,4,
1681,,12
841,1,
1683,,12
421,2,
1685,,12
843,1,
1687,,12
211,3,
1689,,9
845,1,
1691,,48
423,2,
1693,,9
847,1,
1695,,65
53,5,
1697,,9
849,1,
1699,,19
425,2,
1701,,19
851,1,
1703,,19
213,3,
1705,,48
853,1,
1707,,53
427,2,
1709,,17
855,1,
1711,,53
107,4,
1713,,7
857,1,
1715,,7
429,2,
1717,,36
859,1,
1719,,53
215,3,
1721,,17
861,1,
1723,,17
431,2,
1725,,12
863,1,
1727,,17
27,6,
1729,,36
865,1,
1731,,53
433,2,
1733,,7
867,1,
1735,,36
217,3,
1737,,36
869,1,
1739,,17
435,2,
1741,,7
871,1,
1743,,65
109,4,
1745,,53
873,1,
1747,,53
437,2,
1749,,41
875,1,
1751,,7
219,3,
1753,,17
877,1,
1755,,12
439,2,
1757,,17
879,1,
1759,,53
55,5,
1761,,36
881,1,
1763,,41
441,2,
1765,,7
883,1,
1767,,53
221,3,
1769,,17
885,1,
1771,,17
443,2,
1773,,17
887,1,
1775,,29
111,4,
1777,,41
889,1,
1779,,53
445,2,
1781,,24
891,1,
1783,,14
223,3,
1785,,7
893,1,
1787,,14
447,2,
1789,,34
895,1,
1791,,34
7,8,
1793,,41
897,1,
1795,,22
449,2,
1797,,41
899,1,
1799,,22
225,3,
1801,,58
901,1,
1803,,12
451,2,
1805,,17
903,1,
1807,,41
113,4,
1809,,17
905,1,
1811,,22
453,2,
1813,,2
907,1,
1815,,17
227,3,
1817,,22
909,1,
1819,,58
455,2,
1821,,12
911,1,
1823,,58
57,5,
1825,,12
913,1,
1827,,46
457,2,
1829,,46
915,1,
1831,,22
229,3,
1833,,12
917,1,
1835,,46
459,2,
1837,,46
919,1,
1839,,58
115,4,
1841,,46
921,1,
1843,,46
461,2,
1845,,10
923,1,
1847,,22
231,3,
1849,,22
925,1,
1851,,46
463,2,
1853,,46
927,1,
1855,,41
29,6,
1857,,10
929,1,
1859,,46
465,2,
1861,,10
931,1,
1863,,22
233,3,
1865,,22
933,1,
1867,,10
467,2,
1869,,29
935,1,
1871,,46
117,4,
1873,,29
937,1,
1875,,63
469,2,
1877,,5
939,1,
1879,,29
235,3,
1881,,10
941,1,
1883,,29
471,2,
1885,,46
943,1,
1887,,10
59,5,
1889,,27
945,1,
1891,,10
473,2,
1893,,10
947,1,
1895,,63
237,3,
1897,,22
949,1,
1899,,22
475,2,
1901,,7
951,1,
1903,,46
119,4,
1905,,10
953,1,
1907,,7
477,2,
1909,,10
955,1,
1911,,7
239,3,
1913,,27
957,1,
1915,,63
479,2,
1917,,17
959,1,
1919,,46
15,7,
1921,,51
961,1,
1923,,15
481,2,
1925,,15
963,1,
1927,,15
241,3,
1929,,17
965,1,
1931,,51
483,2,
1933,,5
967,1,
1935,,51
121,4,
1937,,15
969,1,
1939,,15
485,2,
1941,,34
971,1,
1943,,10
243,3,
1945,,10
973,1,
1947,,27
487,2,
1949,,51
975,1,
1951,,63
61,5,
1953,,10
977,1,
1955,,34
489,2,
1957,,15
979,1,
1959,,27
245,3,
1961,,63
981,1,
1963,,27
491,2,
1965,,51
983,1,
1967,,34
123,4,
1969,,5
985,1,
1971,,5
493,2,
1973,,15
987,1,
1975,,10
247,3,
1977,,51
989,1,
1979,,51
495,2,
1981,,34
991,1,
1983,,15
31,6,
1985,,15
993,1,
1987,,32
497,2,
1989,,5
995,1,
1991,,15
249,3,
1993,,15
997,1,
1995,,15
499,2,
1997,,15
999,1,
1999,,15
125,4,
2001,,15
1001,1,
2003,,51
501,2,
2005,,39
1003,1,
2007,,12
251,3,
2009,,5
1005,1,
2011,,12
503,2,
2013,,22
1007,1,
2015,,32
63,5,
2017,,22
1009,1,
2019,,39
505,2,
2021,,20
1011,1,
2023,,56
253,3,
2025,,56
1013,1,
2027,,56
507,2,
2029,,10
1015,1,
2031,,20
127,4,
2033,,39
1017,1,
2035,,56
509,2,
2037,,15
1019,1,
2039,,20
255,3,
2041,,20
1021,1,
2043,,56
511,2,
2045,,20
1023,1,
2047,,56
1,11,
2049,,56
1025,1,
2051,,10
513,2,
2053,,10
1027,1,
2055,,10
257,3,
2057,,39
1029,1,
2059,,10
515,2,
2061,,44
1031,1,
2063,,10
129,4,
2065,,44
1033,1,
2067,,56
517,2,
2069,,44
1035,1,
2071,,44
259,3,
2073,,10
1037,1,
2075,,32
519,2,
2077,,20
1039,1,
2079,,15
65,5,
2081,,20
1041,1,
2083,,44
521,2,
2085,,44
1043,1,
2087,,39
261,3,
2089,,20
1045,1,
2091,,10
523,2,
2093,,44
1047,1,
2095,,37
131,4,
2097,,20
1049,1,
2099,,20
525,2,
2101,,8
1051,1,
2103,,32
263,3,
2105,,44
1053,1,
2107,,56
527,2,
2109,,27
1055,1,
2111,,61
33,6,
2113,,27
1057,1,
2115,,27
529,2,
2117,,8
1059,1,
2119,,27
265,3,
2121,,37
1061,1,
2123,,8
531,2,
2125,,44
1063,1,
2127,,25
133,4,
2129,,44
1065,1,
2131,,25
533,2,
2133,,8
1067,1,
2135,,20
267,3,
2137,,20
1069,1,
2139,,25
535,2,
2141,,5
1071,1,
2143,,61
67,5,
2145,,25
1073,1,
2147,,5
537,2,
2149,,5
1075,1,
2151,,37
269,3,
2153,,25
1077,1,
2155,,61
539,2,
2157,,15
1079,1,
2159,,44
135,4,
2161,,8
1081,1,
2163,,49
541,2,
2165,,13
1083,1,
2167,,49
271,3,
2169,,25
1085,1,
2171,,15
543,2,
2173,,49
1087,1,
2175,,25
17,7,
2177,,49
1089,1,
2179,,13
545,2,
2181,,13
1091,1,
2183,,49
273,3,
2185,,37
1093,1,
2187,,25
547,2,
2189,,8
1095,1,
2191,,25
137,4,
2193,,49
1097,1,
2195,,49
549,2,
2197,,32
1099,1,
2199,,8
275,3,
2201,,49
1101,1,
2203,,15
551,2,
2205,,13
1103,1,
2207,,61
69,5,
2209,,25
1105,1,
2211,,32
553,2,
2213,,49
1107,1,
2215,,42
277,3,
2217,,25
1109,1,
2219,,32
555,2,
2221,,8
1111,1,
2223,,66
139,4,
2225,,49
1113,1,
2227,,49
557,2,
2229,,13
1115,1,
2231,,32
279,3,
2233,,49
1117,1,
2235,,13
559,2,
2237,,30
1119,1,
2239,,49
35,6,
2241,,13
1121,1,
2243,,13
561,2,
2245,,13
1123,1,
2247,,25
281,3,
2249,,13
1125,1,
2251,,10
563,2,
2253,,13
1127,1,
2255,,49
141,4,
2257,,10
1129,1,
2259,,10
565,2,
2261,,3
1131,1,
2263,,10
283,3,
2265,,20
1133,1,
2267,,30
567,2,
2269,,20
1135,1,
2271,,20
71,5,
2273,,49
1137,1,
2275,,3
569,2,
2277,,18
1139,1,
2279,,54
285,3,
2281,,54
1141,1,
2283,,18
571,2,
2285,,8
1143,1,
2287,,42
143,4,
2289,,37
1145,1,
2291,,54
573,2,
2293,,37
1147,1,
2295,,18
287,3,
2297,,18
1149,1,
2299,,54
575,2,
2301,,13
1151,1,
2303,,18
9,8,
2305,,37
1153,1,
2307,,54
577,2,
2309,,8
1155,1,
2311,,54
289,3,
2313,,37
1157,1,
2315,,37
579,2,
2317,,8
1159,1,
2319,,18
145,4,
2321,,8
1161,1,
2323,,66
581,2,
2325,,42
1163,1,
2327,,54
291,3,
2329,,54
1165,1,
2331,,37
583,2,
2333,,8
1167,1,
2335,,30
73,5,
2337,,18
1169,1,
2339,,18
585,2,
2341,,18
1171,1,
2343,,54
293,3,
2345,,54
1173,1,
2347,,37
587,2,
2349,,42
1175,1,
2351,,18
147,4,
2353,,8
1177,1,
2355,,8
589,2,
2357,,42
1179,1,
2359,,18
295,3,
2361,,18
1181,1,
2363,,18
591,2,
2365,,18
1183,1,
2367,,30
37,6,
2369,,42
1185,1,
2371,,54
593,2,
2373,,25
1187,1,
2375,,59
297,3,
2377,,15
1189,1,
2379,,25
595,2,
2381,,25
1191,1,
2383,,15
149,4,
2385,,35
1193,1,
2387,,35
597,2,
2389,,6
1195,1,
2391,,42
299,3,
2393,,23
1197,1,
2395,,8
599,2,
2397,,42
1199,1,
2399,,23
75,5,
2401,,59
1201,1,
2403,,18
601,2,
2405,,18
1203,1,
2407,,23
301,3,
2409,,42
1205,1,
2411,,59
603,2,
2413,,23
1207,1,
2415,,42
151,4,
2417,,3
1209,1,
2419,,18
605,2,
2421,,3
1211,1,
2423,,23
303,3,
2425,,59
1213,1,
2427,,42
607,2,
2429,,13
1215,1,
2431,,59
19,7,
2433,,13
1217,1,
2435,,47
609,2,
2437,,47
1219,1,
2439,,47
305,3,
2441,,23
1221,1,
2443,,13
611,2,
2445,,11
1223,1,
2447,,47
153,4,
2449,,47
1225,1,
2451,,47
613,2,
2453,,11
1227,1,
2455,,47
307,3,
2457,,47
1229,1,
2459,,35
615,2,
2461,,23
1231,1,
2463,,76
77,5,
2465,,23
1233,1,
2467,,47
617,2,
2469,,47
1235,1,
2471,,47
309,3,
2473,,42
1237,1,
2475,,23
619,2,
2477,,47
1239,1,
2479,,13
155,4,
2481,,11
1241,1,
2483,,11
621,2,
2485,,30
1243,1,
2487,,23
311,3,
2489,,11
1245,1,
2491,,35
623,2,
2493,,47
1247,1,
2495,,23
39,6,
2497,,30
1249,1,
2499,,64
625,2,
2501,,6
1251,1,
2503,,20
313,3,
2505,,30
1253,1,
2507,,11
627,2,
2509,,47
1255,1,
2511,,30
157,4,
2513,,47
1257,1,
2515,,11
629,2,
2517,,11
1259,1,
2519,,28
315,3,
2521,,11
1261,1,
2523,,47
631,2,
2525,,11
1263,1,
2527,,64
79,5,
2529,,23
1265,1,
2531,,11
633,2,
2533,,8
1267,1,
2535,,28
317,3,
2537,,47
1269,1,
2539,,64
635,2,
2541,,8
1271,1,
2543,,64
159,4,
2545,,11
1273,1,
2547,,8
637,2,
2549,,18
1275,1,
2551,,28
319,3,
2553,,64
1277,1,
2555,,18
639,2,
2557,,47
1279,1,
2559,,40
5,9,
2561,,52
1281,1,
2563,,16
641,2,
2565,,16
1283,1,
2567,,52
321,3,
2569,,16
1285,1,
2571,,16
643,2,
2573,,6
1287,1,
2575,,52
161,4,
2577,,6
1289,1,
2579,,52
645,2,
2581,,35
1291,1,
2583,,16
323,3,
2585,,16
1293,1,
2587,,52
647,2,
2589,,11
1295,1,
2591,,16
81,5,
2593,,11
1297,1,
2595,,35
649,2,
2597,,52
1299,1,
2599,,52
325,3,
2601,,64
1301,1,
2603,,35
651,2,
2605,,35
1303,1,
2607,,28
163,4,
2609,,16
1305,1,
2611,,16
653,2,
2613,,6
1307,1,
2615,,64
327,3,
2617,,28
1309,1,
2619,,35
655,2,
2621,,52
1311,1,
2623,,35
41,6,
2625,,6
1313,1,
2627,,6
657,2,
2629,,16
1315,1,
2631,,69
329,3,
2633,,11
1317,1,
2635,,16
659,2,
2637,,16
1319,1,
2639,,52
165,4,
2641,,35
1321,1,
2643,,35
661,2,
2645,,40
1323,1,
2647,,16
331,3,
2649,,33
1325,1,
2651,,52
663,2,
2653,,6
1327,1,
2655,,16
83,5,
2657,,16
1329,1,
2659,,16
665,2,
2661,,16
1331,1,
2663,,28
333,3,
2665,,16
1333,1,
2667,,13
667,2,
2669,,52
1335,1,
2671,,13
167,4,
2673,,40
1337,1,
2675,,13
669,2,
2677,,23
1339,1,
2679,,6
335,3,
2681,,13
1341,1,
2683,,23
671,2,
2685,,33
1343,1,
2687,,33
21,7,
2689,,23
1345,1,
2691,,40
673,2,
2693,,21
1347,1,
2695,,6
337,3,
2697,,57
1349,1,
2699,,21
675,2,
2701,,40
1351,1,
2703,,57
169,4,
2705,,11
1353,1,
2707,,11
677,2,
2709,,16
1355,1,
2711,,40
339,3,
2713,,57
1357,1,
2715,,33
679,2,
2717,,21
1359,1,
2719,,21
85,5,
2721,,21
1361,1,
2723,,16
681,2,
2725,,21
1363,1,
2727,,45
341,3,
2729,,57
1365,1,
2731,,40
683,2,
2733,,11
1367,1,
2735,,57
171,4,
2737,,11
1369,1,
2739,,11
685,2,
2741,,45
1371,1,
2743,,40
343,3,
2745,,11
1373,1,
2747,,21
687,2,
2749,,11
1375,1,
2751,,62
43,6,
2753,,45
1377,1,
2755,,57
689,2,
2757,,45
1379,1,
2759,,57
345,3,
2761,,45
1381,1,
2763,,11
691,2,
2765,,45
1383,1,
2767,,33
173,4,
2769,,21
1385,1,
2771,,21
693,2,
2773,,9
1387,1,
2775,,21
347,3,
2777,,45
1389,1,
2779,,57
695,2,
2781,,45
1391,1,
2783,,40
87,5,
2785,,21
1393,1,
2787,,9
697,2,
2789,,45
1395,1,
2791,,21
349,3,
2793,,38
1397,1,
2795,,21
699,2,
2797,,21
1399,1,
2799,,21
175,4,
2801,,9
1401,1,
2803,,33
701,2,
2805,,28
1403,1,
2807,,45
351,3,
2809,,57
1405,1,
2811,,18
703,2,
2813,,62
1407,1,
2815,,57
11,8,
2817,,28
1409,1,
2819,,28
705,2,
2821,,9
1411,1,
2823,,18
353,3,
2825,,28
1413,1,
2827,,38
707,2,
2829,,45
1415,1,
2831,,9
177,4,
2833,,45
1417,1,
2835,,26
709,2,
2837,,9
1419,1,
2839,,45
355,3,
2841,,26
1421,1,
2843,,62
711,2,
2845,,21
1423,1,
2847,,62
89,5,
2849,,21
1425,1,
2851,,6
713,2,
2853,,6
1427,1,
2855,,45
357,3,
2857,,62
1429,1,
2859,,26
715,2,
2861,,6
1431,1,
2863,,26
179,4,
2865,,6
1433,1,
2867,,6
717,2,
2869,,9
1435,1,
2871,,26
359,3,
2873,,62
1437,1,
2875,,16
719,2,
2877,,16
1439,1,
2879,,45
45,6,
2881,,9
1441,1,
2883,,50
721,2,
2885,,14
1443,1,
2887,,45
361,3,
2889,,50
1445,1,
2891,,14
723,2,
2893,,14
1447,1,
2895,,16
181,4,
2897,,50
1449,1,
2899,,50
725,2,
2901,,4
1451,1,
2903,,50
363,3,
2905,,14
1453,1,
2907,,50
727,2,
2909,,14
1455,1,
2911,,50
91,5,
2913,,38
1457,1,
2915,,9
729,2,
2917,,9
1459,1,
2919,,79
365,3,
2921,,26
1461,1,
2923,,50
731,2,
2925,,50
1463,1,
2927,,62
183,4,
2929,,33
1465,1,
2931,,9
733,2,
2933,,33
1467,1,
2935,,50
367,3,
2937,,16
1469,1,
2939,,26
735,2,
2941,,14
1471,1,
2943,,62
23,7,
2945,,26
1473,1,
2947,,33
737,2,
2949,,50
1475,1,
2951,,33
369,3,
2953,,43
1477,1,
2955,,50
739,2,
2957,,4
1479,1,
2959,,33
185,4,
2961,,9
1481,1,
2963,,9
741,2,
2965,,14
1483,1,
2967,,50
371,3,
2969,,50
1485,1,
2971,,14
743,2,
2973,,33
1487,1,
2975,,14
93,5,
2977,,50
1489,1,
2979,,14
745,2,
2981,,31
1491,1,
2983,,50
373,3,
2985,,50
1493,1,
2987,,14
747,2,
2989,,14
1495,1,
2991,,14
187,4,
2993,,14
1497,1,
2995,,14
749,2,
2997,,14
1499,1,
2999,,14
375,3,
3001,,11
1501,1,
3003,,11
751,2,
3005,,50
1503,1,
3007,,55
47,6,
3009,,11
1505,1,
3011,,11
753,2,
3013,,4
1507,1,
3015,,31
377,3,
3017,,11
1509,1,
3019,,21
755,2,
3021,,21
1511,1,
3023,,31
189,4,
3025,,21
1513,1,
3027,,21
757,2,
3029,,38
1515,1,
3031,,50
379,3,
3033,,4
1517,1,
3035,,55
759,2,
3037,,19
1519,1,
3039,,55
95,5,
3041,,55
1521,1,
3043,,38
761,2,
3045,,9
1523,1,
3047,,19
381,3,
3049,,43
1525,1,
3051,,55
763,2,
3053,,55
1527,1,
3055,,31
191,4,
3057,,38
1529,1,
3059,,19
765,2,
3061,,14
1531,1,
3063,,19
383,3,
3065,,55
1533,1,
3067,,19
767,2,
3069,,19
1535,1,
3071,,55
3,10,
3073,,38
1537,1,
3075,,55
769,2,
3077,,9
1539,1,
3079,,55
385,3,
3081,,55
1541,1,
3083,,9
771,2,
3085,,9
1543,1,
3087,,38
193,4,
3089,,9
1545,1,
3091,,19
773,2,
3093,,43
1547,1,
3095,,9
387,3,
3097,,67
1549,1,
3099,,48
775,2,
3101,,55
1551,1,
3103,,31
97,5,
3105,,55
1553,1,
3107,,43
777,2,
3109,,9
1555,1,
3111,,9
389,3,
3113,,31
1557,1,
3115,,19
779,2,
3117,,19
1559,1,
3119,,14
195,4,
3121,,19
1561,1,
3123,,19
781,2,
3125,,43
1563,1,
3127,,55
391,3,
3129,,38
1565,1,
3131,,38
783,2,
3133,,43
1567,1,
3135,,19
49,6,
3137,,9
1569,1,
3139,,9
785,2,
3141,,43
1571,1,
3143,,36
393,3,
3145,,19
1573,1,
3147,,43
787,2,
3149,,19
1575,1,
3151,,19
197,4,
3153,,19
1577,1,
3155,,31
789,2,
3157,,7
1579,1,
3159,,43
395,3,
3161,,55
1581,1,
3163,,16
791,2,
3165,,26
1583,1,
3167,,60
99,5,
3169,,16
1585,1,
3171,,26
793,2,
3173,,26
1587,1,
3175,,72
397,3,
3177,,16
1589,1,
3179,,26
795,2,
3181,,36
1591,1,
3183,,19
199,4,
3185,,7
1593,1,
3187,,43
797,2,
3189,,43
1595,1,
3191,,24
399,3,
3193,,9
1597,1,
3195,,24
799,2,
3197,,24
1599,1,
3199,,60
25,7,
3201,,60
1601,1,
3203,,19
801,2,
3205,,19
1603,1,
3207,,14
401,3,
3209,,24
1605,1,
3211,,43
803,2,
3213,,4
1607,1,
3215,,60
201,4,
3217,,24
1609,1,
3219,,24
805,2,
3221,,4
1611,1,
3223,,4
403,3,
3225,,19
1613,1,
3227,,36
807,2,
3229,,24
1615,1,
3231,,60
101,5,
3233,,60
1617,1,
3235,,14
809,2,
3237,,14
1619,1,
3239,,43
405,3,
3241,,60
1621,1,
3243,,14
811,2,
3245,,48
1623,1,
3247,,14
203,4,
3249,,48
1625,1,
3251,,48
813,2,
3253,,12
1627,1,
3255,,24
407,3,
3257,,14
1629,1,
3259,,14
815,2,
3261,,48
1631,1,
3263,,24
51,6,
3265,,48
1633,1,
3267,,48
817,2,
3269,,12
1635,1,
3271,,48
409,3,
3273,,48
1637,1,
3275,,48
819,2,
3277,,12
1639,1,
3279,,36
205,4,
3281,,24
1641,1,
3283,,24
821,2,
3285,,7
1643,1,
3287,,24
411,3,
3289,,48
1645,1,
3291,,48
823,2,
3293,,48
1647,1,
3295,,48
103,5,
3297,,43
1649,1,
3299,,7
825,2,
3301,,48
1651,1,
3303,,24
413,3,
3305,,14
1653,1,
3307,,24
827,2,
3309,,12
1655,1,
3311,,60
207,4,
3313,,31
1657,1,
3315,,24
829,2,
3317,,31
1659,1,
3319,,12
415,3,
3321,,36
1661,1,
3323,,41
831,2,
3325,,48
1663,1,
3327,,24
13,8,
3329,,31
1665,1,
3331,,65
833,2,
3333,,7
1667,1,
3335,,65
417,3,
3337,,21
1669,1,
3339,,31
835,2,
3341,,48
1671,1,
3343,,12
209,4,
3345,,48
1673,1,
3347,,31
837,2,
3349,,12
1675,1,
3351,,48
419,3,
3353,,12
1677,1,
3355,,31
839,2,
3357,,29
1679,1,
3359,,48
105,5,
3361,,12
1681,1,
3363,,12
841,2,
3365,,12
1683,1,
3367,,29
421,3,
3369,,65
1685,1,
3371,,24
843,2,
3373,,12
1687,1,
3375,,48
211,4,
3377,,9
1689,1,
3379,,9
845,2,
3381,,12
1691,1,
3383,,48
423,3,
3385,,65
1693,1,
3387,,12
847,2,
3389,,9
1695,1,
3391,,65
53,6,
3393,,12
1697,1,
3395,,9
849,2,
3397,,19
1699,1,
3399,,41
425,3,
3401,,29
1701,1,
3403,,19
851,2,
3405,,19
1703,1,
3407,,19
213,4,
3409,,48
1705,1,
3411,,48
853,2,
3413,,2
1707,1,
3415,,53
427,3,
3417,,17
1709,1,
3419,,53
855,2,
3421,,17
1711,1,
3423,,53
107,5,
3425,,17
1713,1,
3427,,7
857,2,
3429,,7
1715,1,
3431,,41
429,3,
3433,,53
1717,1,
3435,,53
859,2,
3437,,53
1719,1,
3439,,53
215,4,
3441,,36
1721,1,
3443,,17
861,2,
3445,,36
1723,1,
3447,,17
431,3,
3449,,53
1725,1,
3451,,17
863,2,
3453,,12
1727,1,
3455,,17
27,7,
3457,,12
1729,1,
3459,,36
865,2,
3461,,53
1731,1,
3463,,36
433,3,
3465,,53
1733,1,
3467,,53
867,2,
3469,,7
1735,1,
3471,,36
217,4,
3473,,36
1737,1,
3475,,36
869,2,
3477,,7
1739,1,
3479,,17
435,3,
3481,,17
1741,1,
3483,,29
871,2,
3485,,65
1743,1,
3487,,46
109,5,
3489,,29
1745,1,
3491,,53
873,2,
3493,,53
1747,1,
3495,,17
437,3,
3497,,36
1749,1,
3499,,46
875,2,
3501,,7
1751,1,
3503,,29
219,4,
3505,,17
1753,1,
3507,,17
877,2,
3509,,17
1755,1,
3511,,12
439,3,
3513,,17
1757,1,
3515,,53
879,2,
3517,,53
1759,1,
3519,,26
55,6,
3521,,36
1761,1,
3523,,36
881,2,
3525,,41
1763,1,
3527,,17
441,3,
3529,,17
1765,1,
3531,,34
883,2,
3533,,7
1767,1,
3535,,53
221,4,
3537,,7
1769,1,
3539,,17
885,2,
3541,,41
1771,1,
3543,,17
443,3,
3545,,17
1773,1,
3547,,17
887,2,
3549,,17
1775,1,
3551,,29
111,5,
3553,,17
1777,1,
3555,,41
889,2,
3557,,53
1779,1,
3559,,14
445,3,
3561,,14
1781,1,
3563,,58
891,2,
3565,,14
1783,1,
3567,,70
223,4,
3569,,24
1785,1,
3571,,7
893,2,
3573,,24
1787,1,
3575,,14
447,3,
3577,,24
1789,1,
3579,,24
895,2,
3581,,34
1791,1,
3583,,34
7,9,
3585,,24
1793,1,
3587,,41
897,2,
3589,,22
1795,1,
3591,,53
449,3,
3593,,7
1797,1,
3595,,22
899,2,
3597,,41
1799,1,
3599,,22
225,4,
3601,,41
1801,1,
3603,,58
901,2,
3605,,17
1803,1,
3607,,12
451,3,
3609,,12
1805,1,
3611,,22
903,2,
3613,,41
1807,1,
3615,,22
113,5,
3617,,58
1809,1,
3619,,17
905,2,
3621,,22
1811,1,
3623,,41
453,3,
3625,,22
1813,1,
3627,,17
907,2,
3629,,17
1815,1,
3631,,34
227,4,
3633,,22
1817,1,
3635,,22
909,2,
3637,,2
1819,1,
3639,,58
455,3,
3641,,41
1821,1,
3643,,58
911,2,
3645,,12
1823,1,
3647,,58
57,6,
3649,,12
1825,1,
3651,,12
913,2,
3653,,46
1827,1,
3655,,41
457,3,
3657,,41
1829,1,
3659,,46
915,2,
3661,,46
1831,1,
3663,,22
229,4,
3665,,12
1833,1,
3667,,12
917,2,
3669,,10
1835,1,
3671,,46
459,3,
3673,,58
1837,1,
3675,,34
919,2,
3677,,46
1839,1,
3679,,58
115,5,
3681,,46
1841,1,
3683,,46
921,2,
3685,,46
1843,1,
3687,,12
461,3,
3689,,34
1845,1,
3691,,22
923,2,
3693,,22
1847,1,
3695,,75
231,4,
3697,,10
1849,1,
3699,,22
925,2,
3701,,46
1851,1,
3703,,46
463,3,
3705,,58
1853,1,
3707,,46
927,2,
3709,,41
1855,1,
3711,,87
29,7,
3713,,22
1857,1,
3715,,10
929,2,
3717,,46
1859,1,
3719,,12
465,3,
3721,,22
1861,1,
3723,,46
931,2,
3725,,10
1863,1,
3727,,22
233,4,
3729,,22
1865,1,
3731,,22
933,2,
3733,,29
1867,1,
3735,,10
467,3,
3737,,34
1869,1,
3739,,39
935,2,
3741,,46
1871,1,
3743,,22
117,5,
3745,,58
1873,1,
3747,,29
937,2,
3749,,63
1875,1,
3751,,19
469,3,
3753,,58
1877,1,
3755,,19
939,2,
3757,,29
1879,1,
3759,,29
235,4,
3761,,10
1881,1,
3763,,10
941,2,
3765,,46
1883,1,
3767,,29
471,3,
3769,,39
1885,1,
3771,,39
943,2,
3773,,10
1887,1,
3775,,29
59,6,
3777,,46
1889,1,
3779,,27
945,2,
3781,,10
1891,1,
3783,,46
473,3,
3785,,46
1893,1,
3787,,27
947,2,
3789,,10
1895,1,
3791,,63
237,4,
3793,,22
1897,1,
3795,,22
949,2,
3797,,10
1899,1,
3799,,22
475,3,
3801,,7
1901,1,
3803,,27
951,2,
3805,,7
1903,1,
3807,,46
119,5,
3809,,63
1905,1,
3811,,10
953,2,
3813,,7
1907,1,
3815,,63
477,3,
3817,,27
1909,1,
3819,,7
955,2,
3821,,7
1911,1,
3823,,63
239,4,
3825,,10
1913,1,
3827,,27
957,2,
3829,,17
1915,1,
3831,,63
479,3,
3833,,17
1917,1,
3835,,46
959,2,
3837,,46
1919,1,
3839,,39
15,8,
3841,,10
1921,1,
3843,,51
961,2,
3845,,15
1923,1,
3847,,51
481,3,
3849,,46
1925,1,
3851,,51
963,2,
3853,,15
1927,1,
3855,,15
241,4,
3857,,15
1929,1,
3859,,17
965,2,
3861,,5
1931,1,
3863,,51
483,3,
3865,,51
1933,1,
3867,,27
967,2,
3869,,51
1935,1,
3871,,39
121,5,
3873,,15
1937,1,
3875,,15
969,2,
3877,,15
1939,1,
3879,,51
485,3,
3881,,51
1941,1,
3883,,15
971,2,
3885,,10
1943,1,
3887,,15
243,4,
3889,,10
1945,1,
3891,,10
973,2,
3893,,34
1947,1,
3895,,27
487,3,
3897,,51
1949,1,
3899,,51
975,2,
3901,,51
1951,1,
3903,,63
61,6,
3905,,34
1953,1,
3907,,10
977,2,
3909,,34
1955,1,
3911,,27
489,3,
3913,,51
1957,1,
3915,,34
979,2,
3917,,15
1959,1,
3919,,27
245,4,
3921,,15
1961,1,
3923,,63
981,2,
3925,,5
1963,1,
3927,,27
491,3,
3929,,34
1965,1,
3931,,27
983,2,
3933,,51
1967,1,
3935,,34
123,5,
3937,,44
1969,1,
3939,,5
985,2,
3941,,5
1971,1,
3943,,63
493,3,
3945,,34
1973,1,
3947,,68
987,2,
3949,,10
1975,1,
3951,,24
247,4,
3953,,15
1977,1,
3955,,51
989,2,
3957,,15
1979,1,
3959,,51
495,3,
3961,,15
1981,1,
3963,,15
991,2,
3965,,34
1983,1,
3967,,15
31,7,
3969,,51
1985,1,
3971,,15
993,2,
3973,,32
1987,1,
3975,,15
497,3,
3977,,51
1989,1,
3979,,32
995,2,
3981,,5
1991,1,
3983,,15
249,4,
3985,,15
1993,1,
3987,,15
997,2,
3989,,15
1995,1,
3991,,15
499,3,
3993,,15
1997,1,
3995,,27
999,2,
3997,,15
1999,1,
3999,,68
125,5,
4001,,12
2001,1,
4003,,15
1001,2,
4005,,51
2003,1,
4007,,12
501,3,
4009,,56
2005,1,
4011,,68
1003,2,
4013,,12
2007,1,
4015,,12
251,4,
4017,,5
2009,1,
4019,,5
1005,2,
4021,,22
2011,1,
4023,,12
503,3,
4025,,22
2013,1,
4027,,22
1007,2,
4029,,32
2015,1,
4031,,32
63,6,
4033,,22
2017,1,
4035,,22
1009,2,
4037,,39
2019,1,
4039,,51
505,3,
4041,,51
2021,1,
4043,,5
1011,2,
4045,,20
2023,1,
4047,,56
253,4,
4049,,20
2025,1,
4051,,56
1013,2,
4053,,39
2027,1,
4055,,56
507,3,
4057,,39
2029,1,
4059,,20
1015,2,
4061,,10
2031,1,
4063,,20
127,5,
4065,,44
2033,1,
4067,,39
1017,2,
4069,,56
2035,1,
4071,,56
509,3,
4073,,32
2037,1,
4075,,56
1019,2,
4077,,20
2039,1,
4079,,20
255,4,
4081,,15
2041,1,
4083,,20
1021,2,
4085,,15
2043,1,
4087,,56
511,3,
4089,,20
2045,1,
4091,,44
1023,2,
4093,,20
2047,1,
4095,,56
1,12,
4097,,39
2049,1,
4099,,56
1025,2,
4101,,10
2051,1,
4103,,56
513,3,
4105,,56
2053,1,
4107,,10
1027,2,
4109,,10
2055,1,
4111,,10
257,4,
4113,,10
2057,1,
4115,,39
1029,2,
4117,,44
2059,1,
4119,,10
515,3,
4121,,20
2061,1,
4123,,32
1031,2,
4125,,10
2063,1,
4127,,61
129,5,
4129,,68
2065,1,
4131,,44
1033,2,
4133,,56
2067,1,
4135,,32
517,3,
4137,,32
2069,1,
4139,,56
1035,2,
4141,,44
2071,1,
4143,,20
259,4,
4145,,10
2073,1,
4147,,10
1037,2,
4149,,44
2075,1,
4151,,32
519,3,
4153,,20
2077,1,
4155,,20
1039,2,
4157,,20
2079,1,
4159,,15
65,6,
4161,,20
2081,1,
4163,,20
1041,2,
4165,,44
2083,1,
4167,,39
521,3,
4169,,56
2085,1,
4171,,44
1043,2,
4173,,44
2087,1,
4175,,39
261,4,
4177,,44
2089,1,
4179,,20
1045,2,
4181,,8
2091,1,
4183,,10
523,3,
4185,,10
2093,1,
4187,,20
1047,2,
4189,,44
2095,1,
4191,,37
131,5,
4193,,20
2097,1,
4195,,20
1049,2,
4197,,20
2099,1,
4199,,20
525,3,
4201,,20
2101,1,
4203,,20
1051,2,
4205,,32
2103,1,
4207,,37
263,4,
4209,,8
2105,1,
4211,,44
1053,2,
4213,,27
2107,1,
4215,,56
527,3,
4217,,17
2109,1,
4219,,56
1055,2,
4221,,61
2111,1,
4223,,56
33,7,
4225,,17
2113,1,
4227,,27
1057,2,
4229,,27
2115,1,
4231,,10
529,3,
4233,,73
2117,1,
4235,,17
1059,2,
4237,,8
2119,1,
4239,,27
265,4,
4241,,37
2121,1,
4243,,37
1061,2,
4245,,44
2123,1,
4247,,8
531,3,
4249,,44
2125,1,
4251,,27
1063,2,
4253,,25
2127,1,
4255,,73
133,5,
4257,,10
2129,1,
4259,,44
1065,2,
4261,,25
2131,1,
4263,,44
533,3,
4265,,61
2133,1,
4267,,44
1067,2,
4269,,20
2135,1,
4271,,61
267,4,
4273,,20
2137,1,
4275,,20
1069,2,
4277,,5
2139,1,
4279,,25
535,3,
4281,,44
2141,1,
4283,,44
1071,2,
4285,,61
2143,1,
4287,,44
67,6,
4289,,25
2145,1,
4291,,25
1073,2,
4293,,5
2147,1,
4295,,25
537,3,
4297,,5
2149,1,
4299,,20
1075,2,
4301,,5
2151,1,
4303,,37
269,4,
4305,,25
2153,1,
4307,,25
1077,2,
4309,,8
2155,1,
4311,,61
539,3,
4313,,15
2157,1,
4315,,44
1079,2,
4317,,15
2159,1,
4319,,44
135,5,
4321,,61
2161,1,
4323,,8
1081,2,
4325,,49
2163,1,
4327,,61
541,3,
4329,,15
2165,1,
4331,,44
1083,2,
4333,,49
2167,1,
4335,,20
271,4,
4337,,13
2169,1,
4339,,25
1085,2,
4341,,13
2171,1,
4343,,15
543,3,
4345,,15
2173,1,
4347,,66
1087,2,
4349,,49
2175,1,
4351,,25
17,8,
4353,,49
2177,1,
4355,,49
1089,2,
4357,,13
2179,1,
4359,,61
545,3,
4361,,49
2181,1,
4363,,49
1091,2,
4365,,13
2183,1,
4367,,49
273,4,
4369,,13
2185,1,
4371,,37
1093,2,
4373,,8
2187,1,
4375,,25
547,3,
4377,,25
2189,1,
4379,,78
1095,2,
4381,,25
2191,1,
4383,,25
137,5,
4385,,49
2193,1,
4387,,49
1097,2,
4389,,49
2195,1,
4391,,61
549,3,
4393,,49
2197,1,
4395,,44
1099,2,
4397,,8
2199,1,
4399,,34
275,4,
4401,,49
2201,1,
4403,,49
1101,2,
4405,,32
2203,1,
4407,,15
551,3,
4409,,25
2205,1,
4411,,13
1103,2,
4413,,13
2207,1,
4415,,61
69,6,
4417,,32
2209,1,
4419,,25
1105,2,
4421,,32
2211,1,
4423,,25
553,3,
4425,,13
2213,1,
4427,,32
1107,2,
4429,,49
2215,1,
4431,,42
277,4,
4433,,49
2217,1,
4435,,25
1109,2,
4437,,3
2219,1,
4439,,32
555,3,
4441,,66
2221,1,
4443,,32
1111,2,
4445,,8
2223,1,
4447,,66
139,5,
4449,,22
2225,1,
4451,,49
1113,2,
4453,,49
2227,1,
4455,,32
557,3,
4457,,13
2229,1,
4459,,13
1115,2,
4461,,32
2231,1,
4463,,13
279,4,
4465,,13
2233,1,
4467,,49
1117,2,
4469,,13
2235,1,
4471,,13
559,3,
4473,,32
2237,1,
4475,,49
1119,2,
4477,,30
2239,1,
4479,,49
35,7,
4481,,13
2241,1,
4483,,13
1121,2,
4485,,13
2243,1,
4487,,13
561,3,
4489,,30
2245,1,
4491,,66
1123,2,
4493,,13
2247,1,
4495,,25
281,4,
4497,,13
2249,1,
4499,,13
1125,2,
4501,,13
2251,1,
4503,,10
563,3,
4505,,10
2253,1,
4507,,30
1127,2,
4509,,49
2255,1,
4511,,54
141,5,
4513,,66
2257,1,
4515,,10
1129,2,
4517,,10
2259,1,
4519,,30
565,3,
4521,,66
2261,1,
4523,,30
1131,2,
4525,,10
2263,1,
4527,,10
283,4,
4529,,20
2265,1,
4531,,20
1133,2,
4533,,20
2267,1,
4535,,30
567,3,
4537,,20
2269,1,
4539,,66
1135,2,
4541,,20
2271,1,
4543,,66
71,6,
4545,,49
2273,1,
4547,,49
1137,2,
4549,,3
2275,1,
4551,,66
569,3,
4553,,54
2277,1,
4555,,18
1139,2,
4557,,18
2279,1,
4559,,54
285,4,
4561,,18
2281,1,
4563,,54
1141,2,
4565,,37
2283,1,
4567,,18
571,3,
4569,,8
2285,1,
4571,,18
1143,2,
4573,,8
2287,1,
4575,,42
143,5,
4577,,54
2289,1,
4579,,37
1145,2,
4581,,54
2291,1,
4583,,30
573,3,
4585,,54
2293,1,
4587,,42
1147,2,
4589,,18
2295,1,
4591,,61
287,4,
4593,,37
2297,1,
4595,,18
1149,2,
4597,,13
2299,1,
4599,,54
575,3,
4601,,18
2301,1,
4603,,42
1151,2,
4605,,18
2303,1,
4607,,54
9,9,
4609,,13
2305,1,
4611,,37
1153,2,
4613,,54
2307,1,
4615,,30
577,3,
4617,,37
2309,1,
4619,,54
1155,2,
4621,,8
2311,1,
4623,,54
289,4,
4625,,8
2313,1,
4627,,37
1157,2,
4629,,8
2315,1,
4631,,37
579,3,
4633,,37
2317,1,
4635,,30
1159,2,
4637,,18
2319,1,
4639,,30
145,5,
4641,,18
2321,1,
4643,,8
1161,2,
4645,,66
2323,1,
4647,,18
581,3,
4649,,47
2325,1,
4651,,8
1163,2,
4653,,54
2327,1,
4655,,30
291,4,
4657,,54
2329,1,
4659,,54
1165,2,
4661,,42
2331,1,
4663,,37
583,3,
4665,,47
2333,1,
4667,,8
1167,2,
4669,,8
2335,1,
4671,,30
73,6,
4673,,18
2337,1,
4675,,18
1169,2,
4677,,18
2339,1,
4679,,13
585,3,
4681,,13
2341,1,
4683,,18
1171,2,
4685,,18
2343,1,
4687,,54
293,4,
4689,,54
2345,1,
4691,,54
1173,2,
4693,,42
2347,1,
4695,,37
587,3,
4697,,37
2349,1,
4699,,27
1175,2,
4701,,42
2351,1,
4703,,18
147,5,
4705,,18
2353,1,
4707,,8
1177,2,
4709,,8
2355,1,
4711,,18
589,3,
4713,,54
2357,1,
4715,,35
1179,2,
4717,,18
2359,1,
4719,,35
295,4,
4721,,42
2361,1,
4723,,18
1181,2,
4725,,18
2363,1,
4727,,18
591,3,
4729,,18
2365,1,
4731,,18
1183,2,
4733,,30
2367,1,
4735,,54
37,7,
4737,,18
2369,1,
4739,,42
1185,2,
4741,,54
2371,1,
4743,,18
593,3,
4745,,15
2373,1,
4747,,54
1187,2,
4749,,25
2375,1,
4751,,59
297,4,
4753,,15
2377,1,
4755,,15
1189,2,
4757,,25
2379,1,
4759,,25
595,3,
4761,,8
2381,1,
4763,,71
1191,2,
4765,,15
2383,1,
4767,,35
149,5,
4769,,25
2385,1,
4771,,35
1193,2,
4773,,35
2387,1,
4775,,18
597,3,
4777,,35
2389,1,
4779,,25
1195,2,
4781,,42
2391,1,
4783,,25
299,4,
4785,,23
2393,1,
4787,,23
1197,2,
4789,,42
2395,1,
4791,,8
599,3,
4793,,23
2397,1,
4795,,59
1199,2,
4797,,23
2399,1,
4799,,59
75,6,
4801,,42
2401,1,
4803,,59
1201,2,
4805,,18
2403,1,
4807,,42
601,3,
4809,,13
2405,1,
4811,,13
1203,2,
4813,,18
2407,1,
4815,,23
301,4,
4817,,42
2409,1,
4819,,42
1205,2,
4821,,3
2411,1,
4823,,59
603,3,
4825,,18
2413,1,
4827,,35
1207,2,
4829,,23
2415,1,
4831,,42
151,5,
4833,,23
2417,1,
4835,,3
1209,2,
4837,,18
2419,1,
4839,,59
605,3,
4841,,35
2421,1,
4843,,59
1211,2,
4845,,23
2423,1,
4847,,59
303,4,
4849,,3
2425,1,
4851,,59
1213,2,
4853,,13
2427,1,
4855,,42
607,3,
4857,,59
2429,1,
4859,,42
1215,2,
4861,,59
2431,1,
4863,,30
19,8,
4865,,13
2433,1,
4867,,13
1217,2,
4869,,47
2435,1,
4871,,13
609,3,
4873,,42
2437,1,
4875,,42
1219,2,
4877,,47
2439,1,
4879,,47
305,4,
4881,,47
2441,1,
4883,,23
1221,2,
4885,,11
2443,1,
4887,,13
611,3,
4889,,13
2445,1,
4891,,64
1223,2,
4893,,47
2447,1,
4895,,23
153,5,
4897,,59
2449,1,
4899,,47
1225,2,
4901,,47
2451,1,
4903,,35
613,3,
4905,,59
2453,1,
4907,,47
1227,2,
4909,,47
2455,1,
4911,,42
307,4,
4913,,47
2457,1,
4915,,47
1229,2,
4917,,11
2459,1,
4919,,35
615,3,
4921,,23
2461,1,
4923,,23
1231,2,
4925,,23
2463,1,
4927,,76
77,6,
4929,,11
2465,1,
4931,,23
1233,2,
4933,,47
2467,1,
4935,,71
617,3,
4937,,47
2469,1,
4939,,47
1235,2,
4941,,47
2471,1,
4943,,47
309,4,
4945,,42
2473,1,
4947,,42
1237,2,
4949,,6
2475,1,
4951,,23
619,3,
4953,,11
2477,1,
4955,,23
1239,2,
4957,,47
2479,1,
4959,,13
155,5,
4961,,23
2481,1,
4963,,11
1241,2,
4965,,11
2483,1,
4967,,59
621,3,
4969,,23
2485,1,
4971,,23
1243,2,
4973,,23
2487,1,
4975,,23
311,4,
4977,,30
2489,1,
4979,,11
1245,2,
4981,,30
2491,1,
4983,,35
623,3,
4985,,40
2493,1,
4987,,59
1247,2,
4989,,47
2495,1,
4991,,23
39,7,
4993,,59
2497,1,
4995,,30
1249,2,
4997,,64
2499,1,
4999,,30
625,3,
5001,,20
2501,1,
5003,,64
1251,2,
5005,,6
2503,1,
5007,,20
313,4,
5009,,30
2505,1,
5011,,30
1253,2,
5013,,47
2507,1,
5015,,11
627,3,
5017,,11
2509,1,
5019,,20
1255,2,
5021,,30
2511,1,
5023,,30
157,5,
5025,,40
2513,1,
5027,,47
1257,2,
5029,,11
2515,1,
5031,,40
629,3,
5033,,30
2517,1,
5035,,47
1259,2,
5037,,28
2519,1,
5039,,47
315,4,
5041,,11
2521,1,
5043,,11
1261,2,
5045,,11
2523,1,
5047,,47
631,3,
5049,,28
2525,1,
5051,,28
1263,2,
5053,,64
2527,1,
5055,,28
79,6,
5057,,23
2529,1,
5059,,23
1265,2,
5061,,11
2531,1,
5063,,47
633,3,
5065,,23
2533,1,
5067,,8
1267,2,
5069,,8
2535,1,
5071,,28
317,4,
5073,,8
2537,1,
5075,,47
1269,2,
5077,,11
2539,1,
5079,,64
635,3,
5081,,11
2541,1,
5083,,28
1271,2,
5085,,8
2543,1,
5087,,64
159,5,
5089,,28
2545,1,
5091,,11
1273,2,
5093,,8
2547,1,
5095,,23
637,3,
5097,,64
2549,1,
5099,,40
1275,2,
5101,,28
2551,1,
5103,,28
319,4,
5105,,18
2553,1,
5107,,64
1277,2,
5109,,18
2555,1,
5111,,18
639,3,
5113,,47
2557,1,
5115,,18
1279,2,
5117,,47
2559,1,
5119,,40
5,10,
5121,,11
2561,1,
5123,,52
1281,2,
5125,,16
2563,1,
5127,,52
641,3,
5129,,52
2565,1,
5131,,16
1283,2,
5133,,16
2567,1,
5135,,52
321,4,
5137,,16
2569,1,
5139,,16
1285,2,
5141,,6
2571,1,
5143,,16
643,3,
5145,,18
2573,1,
5147,,40
1287,2,
5149,,52
2575,1,
5151,,30
161,5,
5153,,52
2577,1,
5155,,6
1289,2,
5157,,52
2579,1,
5159,,52
645,3,
5161,,40
2581,1,
5163,,16
1291,2,
5165,,16
2583,1,
5167,,64
323,4,
5169,,16
2585,1,
5171,,16
1293,2,
5173,,35
2587,1,
5175,,52
647,3,
5177,,16
2589,1,
5179,,40
1295,2,
5181,,11
2591,1,
5183,,16
81,6,
5185,,11
2593,1,
5187,,11
1297,2,
5189,,35
2595,1,
5191,,23
649,3,
5193,,28
2597,1,
5195,,35
1299,2,
5197,,52
2599,1,
5199,,52
325,4,
5201,,52
2601,1,
5203,,64
1301,2,
5205,,6
2603,1,
5207,,35
651,3,
5209,,11
2605,1,
5211,,47
1303,2,
5213,,35
2607,1,
5215,,28
163,5,
5217,,52
2609,1,
5219,,16
1305,2,
5221,,16
2611,1,
5223,,18
653,3,
5225,,28
2613,1,
5227,,16
1307,2,
5229,,64
2615,1,
5231,,45
327,4,
5233,,6
2617,1,
5235,,28
1309,2,
5237,,52
2619,1,
5239,,35
655,3,
5241,,28
2621,1,
5243,,16
1311,2,
5245,,35
2623,1,
5247,,28
41,7,
5249,,45
2625,1,
5251,,6
1313,2,
5253,,6
2627,1,
5255,,28
657,3,
5257,,64
2629,1,
5259,,35
1315,2,
5261,,16
2631,1,
5263,,69
329,4,
5265,,11
2633,1,
5267,,11
1317,2,
5269,,16
2635,1,
5271,,16
659,3,
5273,,52
2637,1,
5275,,35
1319,2,
5277,,52
2639,1,
5279,,25
165,5,
5281,,16
2641,1,
5283,,35
1321,2,
5285,,35
2643,1,
5287,,25
661,3,
5289,,16
2645,1,
5291,,16
1323,2,
5293,,16
2647,1,
5295,,52
331,4,
5297,,33
2649,1,
5299,,33
1325,2,
5301,,6
2651,1,
5303,,52
663,3,
5305,,33
2653,1,
5307,,52
1327,2,
5309,,16
2655,1,
5311,,33
83,6,
5313,,16
2657,1,
5315,,16
1329,2,
5317,,16
2659,1,
5319,,16
665,3,
5321,,16
2661,1,
5323,,16
1331,2,
5325,,16
2663,1,
5327,,28
333,4,
5329,,16
2665,1,
5331,,16
1333,2,
5333,,40
2667,1,
5335,,13
667,3,
5337,,16
2669,1,
5339,,13
1335,2,
5341,,52
2671,1,
5343,,13
167,5,
5345,,57
2673,1,
5347,,40
1337,2,
5349,,13
2675,1,
5351,,69
669,3,
5353,,13
2677,1,
5355,,33
1339,2,
5357,,6
2679,1,
5359,,69
335,4,
5361,,23
2681,1,
5363,,13
1341,2,
5365,,23
2683,1,
5367,,23
671,3,
5369,,23
2685,1,
5371,,45
1343,2,
5373,,33
2687,1,
5375,,33
21,8,
5377,,23
2689,1,
5379,,23
1345,2,
5381,,40
2691,1,
5383,,23
673,3,
5385,,52
2693,1,
5387,,52
1347,2,
5389,,21
2695,1,
5391,,6
337,4,
5393,,21
2697,1,
5395,,57
1349,2,
5397,,40
2699,1,
5399,,21
675,3,
5401,,57
2701,1,
5403,,23
1351,2,
5405,,57
2703,1,
5407,,21
169,5,
5409,,40
2705,1,
5411,,11
1353,2,
5413,,11
2707,1,
5415,,11
677,3,
5417,,21
2709,1,
5419,,11
1355,2,
5421,,40
2711,1,
5423,,21
339,4,
5425,,57
2713,1,
5427,,57
1357,2,
5429,,16
2715,1,
5431,,33
679,3,
5433,,57
2717,1,
5435,,40
1359,2,
5437,,21
2719,1,
5439,,21
85,6,
5441,,16
2721,1,
5443,,21
1361,2,
5445,,16
2723,1,
5447,,33
681,3,
5449,,57
2725,1,
5451,,16
1363,2,
5453,,21
2727,1,
5455,,45
341,4,
5457,,21
2729,1,
5459,,57
1365,2,
5461,,1
2731,1,
5463,,40
683,3,
5465,,57
2733,1,
5467,,40
1367,2,
5469,,11
2735,1,
5471,,57
171,5,
5473,,57
2737,1,
5475,,11
1369,2,
5477,,11
2739,1,
5479,,69
685,3,
5481,,11
2741,1,
5483,,40
1371,2,
5485,,40
2743,1,
5487,,16
343,4,
5489,,45
2745,1,
5491,,11
1373,2,
5493,,45
2747,1,
5495,,21
687,3,
5497,,33
2749,1,
5499,,21
1375,2,
5501,,11
2751,1,
5503,,62
43,7,
5505,,69
2753,1,
5507,,45
1377,2,
5509,,57
2755,1,
5511,,45
689,3,
5513,,33
2757,1,
5515,,57
1379,2,
5517,,45
2759,1,
5519,,57
345,4,
5521,,45
2761,1,
5523,,45
1381,2,
5525,,45
2763,1,
5527,,11
691,3,
5529,,11
2765,1,
5531,,11
1383,2,
5533,,33
2767,1,
5535,,45
173,5,
5537,,21
2769,1,
5539,,21
1385,2,
5541,,21
2771,1,
5543,,74
693,3,
5545,,16
2773,1,
5547,,16
1387,2,
5549,,21
2775,1,
5551,,21
347,4,
5553,,45
2777,1,
5555,,45
1389,2,
5557,,45
2779,1,
5559,,57
695,3,
5561,,45
2781,1,
5563,,40
1391,2,
5565,,40
2783,1,
5567,,86
87,6,
5569,,45
2785,1,
5571,,21
1393,2,
5573,,9
2787,1,
5575,,21
697,3,
5577,,11
2789,1,
5579,,11
1395,2,
5581,,45
2791,1,
5583,,21
349,4,
5585,,45
2793,1,
5587,,38
1397,2,
5589,,9
2795,1,
5591,,21
699,3,
5593,,21
2797,1,
5595,,45
1399,2,
5597,,21
2799,1,
5599,,21
175,5,
5601,,21
2801,1,
5603,,9
1401,2,
5605,,33
2803,1,
5607,,21
701,3,
5609,,38
2805,1,
5611,,57
1403,2,
5613,,45
2807,1,
5615,,21
351,4,
5617,,28
2809,1,
5619,,57
1405,2,
5621,,28
2811,1,
5623,,18
703,3,
5625,,57
2813,1,
5627,,18
1407,2,
5629,,62
2815,1,
5631,,57
11,9,
5633,,18
2817,1,
5635,,28
1409,2,
5637,,28
2819,1,
5639,,28
705,3,
5641,,11
2821,1,
5643,,28
1411,2,
5645,,9
2823,1,
5647,,18
353,4,
5649,,9
2825,1,
5651,,28
1413,2,
5653,,45
2827,1,
5655,,38
707,3,
5657,,38
2829,1,
5659,,21
1415,2,
5661,,9
2831,1,
5663,,28
177,5,
5665,,45
2833,1,
5667,,45
1417,2,
5669,,26
2835,1,
5671,,26
709,3,
5673,,74
2837,1,
5675,,45
1419,2,
5677,,45
2839,1,
5679,,57
355,4,
5681,,26
2841,1,
5683,,26
1421,2,
5685,,9
2843,1,
5687,,62
711,3,
5689,,45
2845,1,
5691,,62
1423,2,
5693,,21
2847,1,
5695,,62
89,6,
5697,,21
2849,1,
5699,,21
1425,2,
5701,,6
2851,1,
5703,,16
713,3,
5705,,26
2853,1,
5707,,6
1427,2,
5709,,6
2855,1,
5711,,45
357,4,
5713,,62
2857,1,
5715,,62
1429,2,
5717,,9
2859,1,
5719,,26
715,3,
5721,,26
2861,1,
5723,,62
1431,2,
5725,,6
2863,1,
5727,,26
179,5,
5729,,6
2865,1,
5731,,6
1433,2,
5733,,6
2867,1,
5735,,62
717,3,
5737,,38
2869,1,
5739,,62
1435,2,
5741,,26
2871,1,
5743,,26
359,4,
5745,,9
2873,1,
5747,,62
1437,2,
5749,,16
2875,1,
5751,,16
719,3,
5753,,45
2877,1,
5755,,16
1439,2,
5757,,45
2879,1,
5759,,38
45,7,
5761,,62
2881,1,
5763,,9
1441,2,
5765,,50
2883,1,
5767,,16
721,3,
5769,,62
2885,1,
5771,,50
1443,2,
5773,,14
2887,1,
5775,,45
361,4,
5777,,50
2889,1,
5779,,50
1445,2,
5781,,14
2891,1,
5783,,14
723,3,
5785,,26
2893,1,
5787,,26
1447,2,
5789,,16
2895,1,
5791,,38
181,5,
5793,,16
2897,1,
5795,,50
1449,2,
5797,,50
2899,1,
5799,,74
725,3,
5801,,26
2901,1,
5803,,62
1451,2,
5805,,50
2903,1,
5807,,38
363,4,
5809,,14
2905,1,
5811,,14
1453,2,
5813,,14
2907,1,
5815,,50
727,3,
5817,,50
2909,1,
5819,,50
1455,2,
5821,,50
2911,1,
5823,,50
91,6,
5825,,14
2913,1,
5827,,38
1457,2,
5829,,9
2915,1,
5831,,14
729,3,
5833,,26
2917,1,
5835,,26
1459,2,
5837,,9
2919,1,
5839,,79
365,4,
5841,,26
2921,1,
5843,,26
1461,2,
5845,,33
2923,1,
5847,,50
731,3,
5849,,50
2925,1,
5851,,50
1463,2,
5853,,50
2927,1,
5855,,62
183,5,
5857,,50
2929,1,
5859,,33
1465,2,
5861,,9
2931,1,
5863,,45
733,3,
5865,,35
2933,1,
5867,,26
1467,2,
5869,,50
2935,1,
5871,,26
367,4,
5873,,33
2937,1,
5875,,16
1469,2,
5877,,14
2939,1,
5879,,26
735,3,
5881,,14
2941,1,
5883,,50
1471,2,
5885,,62
2943,1,
5887,,43
23,8,
5889,,33
2945,1,
5891,,26
1473,2,
5893,,33
2947,1,
5895,,26
737,3,
5897,,26
2949,1,
5899,,14
1475,2,
5901,,50
2951,1,
5903,,33
369,4,
5905,,50
2953,1,
5907,,43
1477,2,
5909,,4
2955,1,
5911,,50
739,3,
5913,,26
2957,1,
5915,,62
1479,2,
5917,,33
2959,1,
5919,,62
185,5,
5921,,67
2961,1,
5923,,9
1481,2,
5925,,9
2963,1,
5927,,23
741,3,
5929,,67
2965,1,
5931,,9
1483,2,
5933,,50
2967,1,
5935,,33
371,4,
5937,,50
2969,1,
5939,,50
1485,2,
5941,,14
2971,1,
5943,,14
743,3,
5945,,14
2973,1,
5947,,50
1487,2,
5949,,33
2975,1,
5951,,14
93,6,
5953,,14
2977,1,
5955,,50
1489,2,
5957,,14
2979,1,
5959,,43
745,3,
5961,,14
2981,1,
5963,,14
1491,2,
5965,,31
2983,1,
5967,,50
373,4,
5969,,31
2985,1,
5971,,50
1493,2,
5973,,4
2987,1,
5975,,14
747,3,
5977,,14
2989,1,
5979,,16
1495,2,
5981,,14
2991,1,
5983,,14
187,5,
5985,,31
2993,1,
5987,,14
1497,2,
5989,,14
2995,1,
5991,,31
749,3,
5993,,26
2997,1,
5995,,26
1499,2,
5997,,14
2999,1,
5999,,67
375,4,
6001,,14
3001,1,
6003,,11
1501,2,
6005,,14
3003,1,
6007,,11
751,3,
6009,,31
3005,1,
6011,,11
1503,2,
6013,,50
3007,1,
6015,,55
47,7,
6017,,67
3009,1,
6019,,11
1505,2,
6021,,11
3011,1,
6023,,11
753,3,
6025,,31
3013,1,
6027,,67
1507,2,
6029,,4
3015,1,
6031,,31
377,4,
6033,,11
3017,1,
6035,,11
1509,2,
6037,,21
3019,1,
6039,,21
755,3,
6041,,21
3021,1,
6043,,43
1511,2,
6045,,31
3023,1,
6047,,31
189,5,
6049,,21
3025,1,
6051,,21
1513,2,
6053,,21
3027,1,
6055,,31
757,3,
6057,,67
3029,1,
6059,,50
1515,2,
6061,,50
3031,1,
6063,,50
379,4,
6065,,4
3033,1,
6067,,4
1517,2,
6069,,19
3035,1,
6071,,55
759,3,
6073,,19
3037,1,
6075,,19
1519,2,
6077,,55
3039,1,
6079,,21
95,6,
6081,,19
3041,1,
6083,,55
1521,2,
6085,,38
3043,1,
6087,,55
761,3,
6089,,19
3045,1,
6091,,9
1523,2,
6093,,9
3047,1,
6095,,19
381,4,
6097,,9
3049,1,
6099,,43
1525,2,
6101,,38
3051,1,
6103,,55
763,3,
6105,,38
3053,1,
6107,,55
1527,2,
6109,,55
3055,1,
6111,,31
191,5,
6113,,55
3057,1,
6115,,38
1529,2,
6117,,19
3059,1,
6119,,19
765,3,
6121,,62
3061,1,
6123,,67
1531,2,
6125,,19
3063,1,
6127,,19
383,4,
6129,,14
3065,1,
6131,,55
1533,2,
6133,,14
3067,1,
6135,,19
767,3,
6137,,43
3069,1,
6139,,43
1535,2,
6141,,19
3071,1,
6143,,55
3,11,
6145,,14
3073,1,
6147,,38
1537,2,
6149,,55
3075,1,
6151,,38
769,3,
6153,,31
3077,1,
6155,,55
1539,2,
6157,,9
3079,1,
6159,,55
385,4,
6161,,9
3081,1,
6163,,55
1541,2,
6165,,9
3083,1,
6167,,9
771,3,
6169,,38
3085,1,
6171,,96
1543,2,
6173,,38
3087,1,
6175,,50
193,5,
6177,,38
3089,1,
6179,,9
1545,2,
6181,,19
3091,1,
6183,,55
773,3,
6185,,31
3093,1,
6187,,19
1547,2,
6189,,9
3095,1,
6191,,60
387,4,
6193,,67
3097,1,
6195,,67
1549,2,
6197,,43
3099,1,
6199,,48
775,3,
6201,,9
3101,1,
6203,,31
1551,2,
6205,,55
3103,1,
6207,,31
97,6,
6209,,55
3105,1,
6211,,55
1553,2,
6213,,43
3107,1,
6215,,19
777,3,
6217,,38
3109,1,
6219,,43
1555,2,
6221,,9
3111,1,
6223,,9
389,4,
6225,,9
3113,1,
6227,,31
1557,2,
6229,,43
3115,1,
6231,,19
779,3,
6233,,19
3117,1,
6235,,67
1559,2,
6237,,19
3119,1,
6239,,14
195,5,
6241,,14
3121,1,
6243,,19
1561,2,
6245,,19
3123,1,
6247,,67
781,3,
6249,,55
3125,1,
6251,,38
1563,2,
6253,,55
3127,1,
6255,,38
391,4,
6257,,43
3129,1,
6259,,38
1565,2,
6261,,43
3131,1,
6263,,38
783,3,
6265,,28
3133,1,
6267,,19
1567,2,
6269,,19
3135,1,
6271,,38
49,7,
6273,,19
3137,1,
6275,,9
1569,2,
6277,,9
3139,1,
6279,,36
785,3,
6281,,19
3141,1,
6283,,55
1571,2,
6285,,43
3143,1,
6287,,36
393,4,
6289,,19
3145,1,
6291,,19
1573,2,
6293,,19
3147,1,
6295,,43
787,3,
6297,,19
3149,1,
6299,,19
1575,2,
6301,,19
3151,1,
6303,,55
197,5,
6305,,19
3153,1,
6307,,19
1577,2,
6309,,31
3155,1,
6311,,36
789,3,
6313,,55
3157,1,
6315,,19
1579,2,
6317,,43
3159,1,
6319,,72
395,4,
6321,,55
3161,1,
6323,,55
1581,2,
6325,,26
3163,1,
6327,,16
791,3,
6329,,55
3165,1,
6331,,16
1583,2,
6333,,60
3167,1,
6335,,55
99,6,
6337,,16
3169,1,
6339,,16
1585,2,
6341,,26
3171,1,
6343,,16
793,3,
6345,,26
3173,1,
6347,,9
1587,2,
6349,,26
3175,1,
6351,,72
397,4,
6353,,16
3177,1,
6355,,16
1589,2,
6357,,7
3179,1,
6359,,26
795,3,
6361,,36
3181,1,
6363,,26
1591,2,
6365,,36
3183,1,
6367,,19
199,5,
6369,,36
3185,1,
6371,,7
1593,2,
6373,,43
3187,1,
6375,,72
797,3,
6377,,26
3189,1,
6379,,26
1595,2,
6381,,24
3191,1,
6383,,72
399,4,
6385,,43
3193,1,
6387,,9
1597,2,
6389,,43
3195,1,
6391,,24
799,3,
6393,,60
3197,1,
6395,,43
1599,2,
6397,,24
3199,1,
6399,,60
25,8,
6401,,43
3201,1,
6403,,60
1601,2,
6405,,19
3203,1,
6407,,60
801,3,
6409,,43
3205,1,
6411,,14
1603,2,
6413,,19
3207,1,
6415,,14
401,4,
6417,,19
3209,1,
6419,,24
1605,2,
6421,,4
3211,1,
6423,,43
803,3,
6425,,43
3213,1,
6427,,24
1607,2,
6429,,60
3215,1,
6431,,43
201,5,
6433,,19
3217,1,
6435,,24
1609,2,
6437,,24
3219,1,
6439,,60
805,3,
6441,,43
3221,1,
6443,,24
1611,2,
6445,,4
3223,1,
6447,,24
403,4,
6449,,19
3225,1,
6451,,19
1613,2,
6453,,4
3227,1,
6455,,36
807,3,
6457,,60
3229,1,
6459,,24
1615,2,
6461,,24
3231,1,
6463,,60
101,6,
6465,,4
3233,1,
6467,,60
1617,2,
6469,,14
3235,1,
6471,,60
809,3,
6473,,43
3237,1,
6475,,14
1619,2,
6477,,14
3239,1,
6479,,43
405,4,
6481,,60
3241,1,
6483,,60
1621,2,
6485,,7
3243,1,
6487,,14
811,3,
6489,,14
3245,1,
6491,,60
1623,2,
6493,,48
3247,1,
6495,,14
203,5,
6497,,43
3249,1,
6499,,48
1625,2,
6501,,48
3251,1,
6503,,19
813,3,
6505,,48
3253,1,
6507,,14
1627,2,
6509,,24
3255,1,
6511,,24
407,4,
6513,,12
3257,1,
6515,,14
1629,2,
6517,,12
3259,1,
6519,,14
815,3,
6521,,65
3261,1,
6523,,72
1631,2,
6525,,48
3263,1,
6527,,24
51,7,
6529,,60
3265,1,
6531,,48
1633,2,
6533,,48
3267,1,
6535,,48
817,3,
6537,,36
3269,1,
6539,,60
1635,2,
6541,,12
3271,1,
6543,,48
409,4,
6545,,48
3273,1,
6547,,48
1637,2,
6549,,12
3275,1,
6551,,48
819,3,
6553,,48
3277,1,
6555,,14
1639,2,
6557,,36
3279,1,
6559,,14
205,5,
6561,,24
3281,1,
6563,,24
1641,2,
6565,,24
3283,1,
6567,,24
821,3,
6569,,77
3285,1,
6571,,19
1643,2,
6573,,24
3287,1,
6575,,24
411,4,
6577,,48
3289,1,
6579,,48
1645,2,
6581,,48
3291,1,
6583,,48
823,3,
6585,,48
3293,1,
6587,,60
1647,2,
6589,,48
3295,1,
6591,,89
103,6,
6593,,43
3297,1,
6595,,43
1649,2,
6597,,7
3299,1,
6599,,33
825,3,
6601,,24
3301,1,
6603,,12
1651,2,
6605,,48
3303,1,
6607,,24
413,4,
6609,,48
3305,1,
6611,,14
1653,2,
6613,,31
3307,1,
6615,,24
827,3,
6617,,12
3309,1,
6619,,48
1655,2,
6621,,12
3311,1,
6623,,60
207,5,
6625,,24
3313,1,
6627,,31
1657,2,
6629,,24
3315,1,
6631,,48
829,3,
6633,,24
3317,1,
6635,,24
1659,2,
6637,,12
3319,1,
6639,,24
415,4,
6641,,31
3321,1,
6643,,36
1661,2,
6645,,48
3323,1,
6647,,41
831,3,
6649,,60
3325,1,
6651,,12
1663,2,
6653,,24
3327,1,
6655,,60
13,9,
6657,,60
3329,1,
6659,,31
1665,2,
6661,,65
3331,1,
6663,,21
833,3,
6665,,31
3333,1,
6667,,65
1667,2,
6669,,7
3335,1,
6671,,65
417,4,
6673,,7
3337,1,
6675,,21
1669,2,
6677,,48
3339,1,
6679,,31
835,3,
6681,,31
3341,1,
6683,,31
1671,2,
6685,,12
3343,1,
6687,,14
209,5,
6689,,12
3345,1,
6691,,48
1673,2,
6693,,31
3347,1,
6695,,12
837,3,
6697,,31
3349,1,
6699,,48
1675,2,
6701,,48
3351,1,
6703,,31
419,4,
6705,,12
3353,1,
6707,,12
1677,2,
6709,,12
3355,1,
6711,,31
839,3,
6713,,48
3357,1,
6715,,48
1679,2,
6717,,29
3359,1,
6719,,48
105,6,
6721,,12
3361,1,
6723,,12
1681,2,
6725,,12
3363,1,
6727,,14
841,3,
6729,,48
3365,1,
6731,,12
1683,2,
6733,,12
3367,1,
6735,,29
421,4,
6737,,65
3369,1,
6739,,65
1685,2,
6741,,12
3371,1,
6743,,24
843,3,
6745,,24
3373,1,
6747,,65
1687,2,
6749,,12
3375,1,
6751,,48
211,5,
6753,,24
3377,1,
6755,,9
1689,2,
6757,,9
3379,1,
6759,,19
845,3,
6761,,29
3381,1,
6763,,9
1691,2,
6765,,48
3383,1,
6767,,53
423,4,
6769,,12
3385,1,
6771,,65
1693,2,
6773,,9
3387,1,
6775,,12
847,3,
6777,,29
3389,1,
6779,,29
1695,2,
6781,,65
3391,1,
6783,,65
53,7,
6785,,29
3393,1,
6787,,12
1697,2,
6789,,9
3395,1,
6791,,9
849,3,
6793,,24
3397,1,
6795,,9
1699,2,
6797,,19
3399,1,
6799,,41
425,4,
6801,,29
3401,1,
6803,,29
1701,2,
6805,,19
3403,1,
6807,,19
851,3,
6809,,65
3405,1,
6811,,31
1703,2,
6813,,19
3407,1,
6815,,65
213,5,
6817,,48
3409,1,
6819,,48
1705,2,
6821,,48
3411,1,
6823,,41
853,3,
6825,,41
3413,1,
6827,,65
1707,2,
6829,,53
3415,1,
6831,,12
427,4,
6833,,17
3417,1,
6835,,17
1709,2,
6837,,17
3419,1,
6839,,53
855,3,
6841,,17
3421,1,
6843,,48
1711,2,
6845,,53
3423,1,
6847,,19
107,6,
6849,,17
3425,1,
6851,,17
1713,2,
6853,,7
3427,1,
6855,,29
857,3,
6857,,17
3429,1,
6859,,19
1715,2,
6861,,7
3431,1,
6863,,41
429,4,
6865,,53
3433,1,
6867,,53
1717,2,
6869,,36
3435,1,
6871,,53
859,3,
6873,,7
3437,1,
6875,,29
1719,2,
6877,,53
3439,1,
6879,,53
215,5,
6881,,41
3441,1,
6883,,36
1721,2,
6885,,17
3443,1,
6887,,60
861,3,
6889,,65
3445,1,
6891,,53
1723,2,
6893,,17
3447,1,
6895,,29
431,4,
6897,,36
3449,1,
6899,,53
1725,2,
6901,,12
3451,1,
6903,,17
863,3,
6905,,41
3453,1,
6907,,41
1727,2,
6909,,17
3455,1,
6911,,53
27,8,
6913,,12
3457,1,
6915,,12
1729,2,
6917,,36
3459,1,
6919,,82
865,3,
6921,,24
3461,1,
6923,,29
1731,2,
6925,,53
3463,1,
6927,,36
433,4,
6929,,53
3465,1,
6931,,53
1733,2,
6933,,7
3467,1,
6935,,53
867,3,
6937,,65
3469,1,
6939,,29
1735,2,
6941,,36
3471,1,
6943,,94
217,5,
6945,,12
3473,1,
6947,,36
1737,2,
6949,,36
3475,1,
6951,,38
869,3,
6953,,29
3477,1,
6955,,53
1739,2,
6957,,17
3479,1,
6959,,29
435,4,
6961,,17
3481,1,
6963,,17
1741,2,
6965,,7
3483,1,
6967,,29
871,3,
6969,,17
3485,1,
6971,,17
1743,2,
6973,,65
3487,1,
6975,,46
109,6,
6977,,7
3489,1,
6979,,29
1745,2,
6981,,53
3491,1,
6983,,29
873,3,
6985,,36
3493,1,
6987,,53
1747,2,
6989,,53
3495,1,
6991,,17
437,4,
6993,,36
3497,1,
6995,,36
1749,2,
6997,,41
3499,1,
6999,,46
875,3,
7001,,7
3501,1,
7003,,53
1751,2,
7005,,7
3503,1,
7007,,29
219,5,
7009,,65
3505,1,
7011,,17
1753,2,
7013,,17
3507,1,
7015,,65
877,3,
7017,,70
3509,1,
7019,,12
1755,2,
7021,,12
3511,1,
7023,,70
439,4,
7025,,17
3513,1,
7027,,17
1757,2,
7029,,17
3515,1,
7031,,53
879,3,
7033,,36
3517,1,
7035,,36
1759,2,
7037,,53
3519,1,
7039,,26
55,7,
7041,,17
3521,1,
7043,,36
1761,2,
7045,,36
3523,1,
7047,,36
881,3,
7049,,26
3525,1,
7051,,17
1763,2,
7053,,41
3527,1,
7055,,17
441,4,
7057,,17
3529,1,
7059,,17
1765,2,
7061,,7
3531,1,
7063,,34
883,3,
7065,,34
3533,1,
7067,,17
1767,2,
7069,,53
3535,1,
7071,,17
221,5,
7073,,34
3537,1,
7075,,7
1769,2,
7077,,17
3539,1,
7079,,34
885,3,
7081,,34
3541,1,
7083,,17
1771,2,
7085,,17
3543,1,
7087,,17
443,4,
7089,,17
3545,1,
7091,,17
1773,2,
7093,,17
3547,1,
7095,,17
887,3,
7097,,17
3549,1,
7099,,17
1775,2,
7101,,29
3551,1,
7103,,53
111,6,
7105,,17
3553,1,
7107,,17
1777,2,
7109,,41
3555,1,
7111,,53
889,3,
7113,,14
3557,1,
7115,,17
1779,2,
7117,,53
3559,1,
7119,,14
445,4,
7121,,53
3561,1,
7123,,14
1781,2,
7125,,24
3563,1,
7127,,58
891,3,
7129,,41
3565,1,
7131,,70
1783,2,
7133,,14
3567,1,
7135,,70
223,5,
7137,,14
3569,1,
7139,,24
1785,2,
7141,,7
3571,1,
7143,,70
893,3,
7145,,70
3573,1,
7147,,34
1787,2,
7149,,14
3575,1,
7151,,34
447,4,
7153,,24
3577,1,
7155,,24
1789,2,
7157,,34
3579,1,
7159,,24
895,3,
7161,,46
3581,1,
7163,,17
1791,2,
7165,,34
3583,1,
7167,,70
7,10,
7169,,24
3585,1,
7171,,24
1793,2,
7173,,41
3587,1,
7175,,24
897,3,
7177,,24
3589,1,
7179,,41
1795,2,
7181,,22
3591,1,
7183,,53
449,4,
7185,,22
3593,1,
7187,,7
1797,2,
7189,,41
3595,1,
7191,,22
899,3,
7193,,58
3597,1,
7195,,41
1799,2,
7197,,22
3599,1,
7199,,58
225,5,
7201,,58
3601,1,
7203,,41
1801,2,
7205,,58
3603,1,
7207,,22
901,3,
7209,,22
3605,1,
7211,,41
1803,2,
7213,,12
3607,1,
7215,,22
451,4,
7217,,12
3609,1,
7219,,12
1805,2,
7221,,17
3611,1,
7223,,22
903,3,
7225,,12
3613,1,
7227,,46
1807,2,
7229,,41
3615,1,
7231,,22
113,6,
7233,,58
3617,1,
7235,,58
1809,2,
7237,,17
3619,1,
7239,,12
905,3,
7241,,34
3621,1,
7243,,17
1811,2,
7245,,22
3623,1,
7247,,41
453,4,
7249,,22
3625,1,
7251,,22
1813,2,
7253,,2
3627,1,
7255,,17
907,3,
7257,,22
3629,1,
7259,,58
1815,2,
7261,,17
3631,1,
7263,,34
227,5,
7265,,58
3633,1,
7267,,22
1817,2,
7269,,22
3635,1,
7271,,58
909,3,
7273,,46
3637,1,
7275,,46
1819,2,
7277,,58
3639,1,
7279,,63
455,4,
7281,,2
3641,1,
7283,,41
1821,2,
7285,,12
3643,1,
7287,,58
911,3,
7289,,41
3645,1,
7291,,58
1823,2,
7293,,58
3647,1,
7295,,29
57,7,
7297,,58
3649,1,
7299,,12
1825,2,
7301,,12
3651,1,
7303,,58
913,3,
7305,,70
3653,1,
7307,,12
1827,2,
7309,,46
3655,1,
7311,,41
457,4,
7313,,41
3657,1,
7315,,41
1829,2,
7317,,46
3659,1,
7319,,46
915,3,
7321,,12
3661,1,
7323,,58
1831,2,
7325,,22
3663,1,
7327,,34
229,5,
7329,,34
3665,1,
7331,,12
1833,2,
7333,,12
3667,1,
7335,,24
917,3,
7337,,63
3669,1,
7339,,70
1835,2,
7341,,46
3671,1,
7343,,22
459,4,
7345,,58
3673,1,
7347,,58
1837,2,
7349,,46
3675,1,
7351,,34
919,3,
7353,,58
3677,1,
7355,,34
1839,2,
7357,,58
3679,1,
7359,,51
115,6,
7361,,46
3681,1,
7363,,46
1841,2,
7365,,46
3683,1,
7367,,41
921,3,
7369,,12
3685,1,
7371,,12
1843,2,
7373,,46
3687,1,
7375,,12
461,4,
7377,,34
3689,1,
7379,,34
1845,2,
7381,,10
3691,1,
7383,,22
923,3,
7385,,22
3693,1,
7387,,22
1847,2,
7389,,22
3695,1,
7391,,75
231,5,
7393,,17
3697,1,
7395,,10
1849,2,
7397,,22
3699,1,
7399,,31
925,3,
7401,,22
3701,1,
7403,,70
1851,2,
7405,,46
3703,1,
7407,,17
463,4,
7409,,46
3705,1,
7411,,58
1853,2,
7413,,46
3707,1,
7415,,46
927,3,
7417,,41
3709,1,
7419,,22
1855,2,
7421,,41
3711,1,
7423,,87
29,8,
7425,,46
3713,1,
7427,,22
1857,2,
7429,,10
3715,1,
7431,,22
929,3,
7433,,22
3717,1,
7435,,12
1859,2,
7437,,46
3719,1,
7439,,12
465,4,
7441,,46
3721,1,
7443,,22
1861,2,
7445,,10
3723,1,
7447,,46
931,3,
7449,,39
3725,1,
7451,,58
1863,2,
7453,,22
3727,1,
7455,,22
233,5,
7457,,22
3729,1,
7459,,22
1865,2,
7461,,22
3731,1,
7463,,22
933,3,
7465,,22
3733,1,
7467,,22
1867,2,
7469,,10
3735,1,
7471,,22
467,4,
7473,,34
3737,1,
7475,,34
1869,2,
7477,,29
3739,1,
7479,,39
935,3,
7481,,58
3741,1,
7483,,10
1871,2,
7485,,46
3743,1,
7487,,22
117,6,
7489,,29
3745,1,
7491,,58
1873,2,
7493,,29
3747,1,
7495,,22
937,3,
7497,,19
3749,1,
7499,,29
1875,2,
7501,,63
3751,1,
7503,,19
469,4,
7505,,63
3753,1,
7507,,58
1877,2,
7509,,5
3755,1,
7511,,19
939,3,
7513,,29
3757,1,
7515,,75
1879,2,
7517,,29
3759,1,
7519,,29
235,5,
7521,,12
3761,1,
7523,,10
1881,2,
7525,,10
3763,1,
7527,,53
941,3,
7529,,19
3765,1,
7531,,19
1883,2,
7533,,29
3767,1,
7535,,29
471,4,
7537,,46
3769,1,
7539,,39
1885,2,
7541,,46
3771,1,
7543,,39
943,3,
7545,,22
3773,1,
7547,,39
1887,2,
7549,,10
3775,1,
7551,,29
59,7,
7553,,46
3777,1,
7555,,46
1889,2,
7557,,27
3779,1,
7559,,46
945,3,
7561,,27
3781,1,
7563,,27
1891,2,
7565,,10
3783,1,
7567,,46
473,4,
7569,,46
3785,1,
7571,,46
1893,2,
7573,,10
3787,1,
7575,,27
947,3,
7577,,27
3789,1,
7579,,46
1895,2,
7581,,63
3791,1,
7583,,27
237,5,
7585,,46
3793,1,
7587,,22
1897,2,
7589,,22
3795,1,
7591,,63
949,3,
7593,,63
3797,1,
7595,,46
1899,2,
7597,,22
3799,1,
7599,,17
475,4,
7601,,7
3801,1,
7603,,7
1901,2,
7605,,7
3803,1,
7607,,27
951,3,
7609,,7
3805,1,
7611,,46
1903,2,
7613,,46
3807,1,
7615,,17
119,6,
7617,,63
3809,1,
7619,,63
1905,2,
7621,,10
3811,1,
7623,,22
953,3,
7625,,27
3813,1,
7627,,27
1907,2,
7629,,7
3815,1,
7631,,63
477,4,
7633,,7
3817,1,
7635,,27
1909,2,
7637,,10
3819,1,
7639,,7
955,3,
7641,,7
3821,1,
7643,,22
1911,2,
7645,,7
3823,1,
7647,,63
239,5,
7649,,39
3825,1,
7651,,10
1913,2,
7653,,27
3827,1,
7655,,27
957,3,
7657,,27
3829,1,
7659,,63
1915,2,
7661,,63
3831,1,
7663,,29
479,4,
7665,,17
3833,1,
7667,,17
1917,2,
7669,,17
3835,1,
7671,,46
959,3,
7673,,17
3837,1,
7675,,63
1919,2,
7677,,46
3839,1,
7679,,39
15,9,
7681,,63
3841,1,
7683,,10
1921,2,
7685,,51
3843,1,
7687,,17
961,3,
7689,,17
3845,1,
7691,,51
1923,2,
7693,,15
3847,1,
7695,,51
481,4,
7697,,15
3849,1,
7699,,46
1925,2,
7701,,15
3851,1,
7703,,51
963,3,
7705,,51
3853,1,
7707,,22
1927,2,
7709,,15
3855,1,
7711,,46
241,5,
7713,,27
3857,1,
7715,,15
1929,2,
7717,,17
3859,1,
7719,,15
965,3,
7721,,39
3861,1,
7723,,15
1931,2,
7725,,51
3863,1,
7727,,29
483,4,
7729,,51
3865,1,
7731,,51
1933,2,
7733,,5
3867,1,
7735,,27
967,3,
7737,,63
3869,1,
7739,,51
1935,2,
7741,,51
3871,1,
7743,,39
121,6,
7745,,15
3873,1,
7747,,15
1937,2,
7749,,15
3875,1,
7751,,63
969,3,
7753,,51
3877,1,
7755,,15
1939,2,
7757,,15
3879,1,
7759,,51
485,4,
7761,,51
3881,1,
7763,,51
1941,2,
7765,,34
3883,1,
7767,,15
971,3,
7769,,39
3885,1,
7771,,39
1943,2,
7773,,10
3887,1,
7775,,15
243,5,
7777,,27
3889,1,
7779,,10
1945,2,
7781,,10
3891,1,
7783,,27
973,3,
7785,,80
3893,1,
7787,,22
1947,2,
7789,,27
3895,1,
7791,,22
487,4,
7793,,34
3897,1,
7795,,51
1949,2,
7797,,51
3899,1,
7799,,51
975,3,
7801,,51
3901,1,
7803,,51
1951,2,
7805,,63
3903,1,
7807,,27
61,7,
7809,,51
3905,1,
7811,,34
1953,2,
7813,,10
3907,1,
7815,,46
977,3,
7817,,46
3909,1,
7819,,10
1955,2,
7821,,34
3911,1,
7823,,27
489,4,
7825,,51
3913,1,
7827,,51
1957,2,
7829,,15
3915,1,
7831,,34
979,3,
7833,,17
3917,1,
7835,,17
1959,2,
7837,,27
3919,1,
7839,,27
245,5,
7841,,15
3921,1,
7843,,15
1961,2,
7845,,63
3923,1,
7847,,44
981,3,
7849,,44
3925,1,
7851,,27
1963,2,
7853,,27
3927,1,
7855,,27
491,4,
7857,,34
3929,1,
7859,,34
1965,2,
7861,,51
3931,1,
7863,,27
983,3,
7865,,15
3933,1,
7867,,15
1967,2,
7869,,34
3935,1,
7871,,27
123,6,
7873,,51
3937,1,
7875,,44
1969,2,
7877,,5
3939,1,
7879,,51
985,3,
7881,,51
3941,1,
7883,,27
1971,2,
7885,,5
3943,1,
7887,,63
493,4,
7889,,34
3945,1,
7891,,34
1973,2,
7893,,15
3947,1,
7895,,68
987,3,
7897,,10
3949,1,
7899,,34
1975,2,
7901,,10
3951,1,
7903,,24
247,5,
7905,,68
3953,1,
7907,,15
1977,2,
7909,,51
3955,1,
7911,,24
989,3,
7913,,34
3957,1,
7915,,34
1979,2,
7917,,51
3959,1,
7919,,24
495,4,
7921,,15
3961,1,
7923,,15
1981,2,
7925,,34
3963,1,
7927,,15
991,3,
7929,,51
3965,1,
7931,,24
1983,2,
7933,,15
3967,1,
7935,,44
31,8,
7937,,15
3969,1,
7939,,51
1985,2,
7941,,15
3971,1,
7943,,51
993,3,
7945,,44
3973,1,
7947,,15
1987,2,
7949,,32
3975,1,
7951,,15
497,4,
7953,,32
3977,1,
7955,,51
1989,2,
7957,,5
3979,1,
7959,,32
995,3,
7961,,51
3981,1,
7963,,92
1991,2,
7965,,15
3983,1,
7967,,32
249,5,
7969,,15
3985,1,
7971,,15
1993,2,
7973,,15
3987,1,
7975,,51
997,3,
7977,,15
3989,1,
7979,,15
1995,2,
7981,,15
3991,1,
7983,,15
499,4,
7985,,15
3993,1,
7987,,15
1997,2,
7989,,15
3995,1,
7991,,27
999,3,
7993,,27
3997,1,
7995,,15
1999,2,
7997,,15
3999,1,
7999,,68
125,6,
8001,,15
4001,1,
8003,,12
2001,2,
8005,,15
4003,1,
8007,,12
1001,3,
8009,,12
4005,1,
8011,,15
2003,2,
8013,,51
4007,1,
8015,,12
501,4,
8017,,51
4009,1,
8019,,56
2005,2,
8021,,39
4011,1,
8023,,68
1003,3,
8025,,12
4013,1,
8027,,68
2007,2,
8029,,12
4015,1,
8031,,12
251,5,
8033,,32
4017,1,
8035,,5
2009,2,
8037,,5
4019,1,
8039,,68
1005,3,
8041,,32
4021,1,
8043,,15
2011,2,
8045,,12
4023,1,
8047,,12
503,4,
8049,,22
4025,1,
8051,,22
2013,2,
8053,,22
4027,1,
8055,,22
1007,3,
8057,,44
4029,1,
8059,,15
2015,2,
8061,,32
4031,1,
8063,,32
63,7,
8065,,22
4033,1,
8067,,22
2017,2,
8069,,22
4035,1,
8071,,22
1009,3,
8073,,32
4037,1,
8075,,22
2019,2,
8077,,39
4039,1,
8079,,51
505,4,
8081,,51
4041,1,
8083,,51
2021,2,
8085,,20
4043,1,
8087,,5
1011,3,
8089,,5
4045,1,
8091,,68
2023,2,
8093,,56
4047,1,
8095,,39
253,5,
8097,,20
4049,1,
8099,,20
2025,2,
8101,,56
4051,1,
8103,,68
1013,3,
8105,,22
4053,1,
8107,,20
2027,2,
8109,,56
4055,1,
8111,,20
507,4,
8113,,39
4057,1,
8115,,39
2029,2,
8117,,10
4059,1,
8119,,20
1015,3,
8121,,10
4061,1,
8123,,10
2031,2,
8125,,20
4063,1,
8127,,68
127,6,
8129,,10
4065,1,
8131,,44
2033,2,
8133,,39
4067,1,
8135,,20
1017,3,
8137,,56
4069,1,
8139,,39
2035,2,
8141,,56
4071,1,
8143,,56
509,4,
8145,,56
4073,1,
8147,,32
2037,2,
8149,,15
4075,1,
8151,,56
1019,3,
8153,,39
4077,1,
8155,,44
2039,2,
8157,,20
4079,1,
8159,,20
255,5,
8161,,63
4081,1,
8163,,15
2041,2,
8165,,20
4083,1,
8167,,56
1021,3,
8169,,20
4085,1,
8171,,32
2043,2,
8173,,56
4087,1,
8175,,51
511,4,
8177,,15
4089,1,
8179,,20
2045,2,
8181,,20
4091,1,
8183,,44
1023,3,
8185,,44
4093,1,
8187,,44
2047,2,
8189,,56
4095,1,
8191,,56
1,13,
8193,,15
4097,1,
8195,,39
2049,2,
8197,,56
4099,1,
8199,,39
1025,3,
8201,,39
4101,1,
8203,,56
2051,2,
8205,,10
4103,1,
8207,,56
513,4,
8209,,10
4105,1,
8211,,56
2053,2,
8213,,10
4107,1,
8215,,10
1027,3,
8217,,56
4109,1,
8219,,68
2055,2,
8221,,10
4111,1,
8223,,68
257,5,
8225,,39
4113,1,
8227,,10
2057,2,
8229,,39
4115,1,
8231,,15
1029,3,
8233,,51
4117,1,
8235,,39
2059,2,
8237,,10
4119,1,
8239,,56
515,4,
8241,,20
4121,1,
8243,,20
2061,2,
8245,,44
4123,1,
8247,,32
1031,3,
8249,,20
4125,1,
8251,,20
2063,2,
8253,,10
4127,1,
8255,,61
129,6,
8257,,68
4129,1,
8259,,68
2065,2,
8261,,44
4131,1,
8263,,56
1033,3,
8265,,49
4133,1,
8267,,44
2067,2,
8269,,56
4135,1,
8271,,32
517,4,
8273,,56
4137,1,
8275,,32
2069,2,
8277,,44
4139,1,
8279,,56
1035,3,
8281,,56
4141,1,
8283,,32
2071,2,
8285,,44
4143,1,
8287,,20
259,5,
8289,,39
4145,1,
8291,,10
2073,2,
8293,,10
4147,1,
8295,,32
1037,3,
8297,,10
4149,1,
8299,,56
2075,2,
8301,,32
4151,1,
8303,,44
519,4,
8305,,44
4153,1,
8307,,20
2077,2,
8309,,20
4155,1,
8311,,20
1039,3,
8313,,68
4157,1,
8315,,73
2079,2,
8317,,15
4159,1,
8319,,29
65,7,
8321,,15
4161,1,
8323,,20
2081,2,
8325,,20
4163,1,
8327,,20
1041,3,
8329,,68
4165,1,
8331,,56
2083,2,
8333,,44
4167,1,
8335,,39
521,4,
8337,,56
4169,1,
8339,,56
2085,2,
8341,,44
4171,1,
8343,,44
1043,3,
8345,,39
4173,1,
8347,,20
2087,2,
8349,,39
4175,1,
8351,,85
261,5,
8353,,29
4177,1,
8355,,44
2089,2,
8357,,20
4179,1,
8359,,49
1045,3,
8361,,39
4181,1,
8363,,20
2091,2,
8365,,10
4183,1,
8367,,56
523,4,
8369,,10
4185,1,
8371,,10
2093,2,
8373,,44
4187,1,
8375,,20
1047,3,
8377,,56
4189,1,
8379,,56
2095,2,
8381,,37
4191,1,
8383,,56
131,6,
8385,,20
4193,1,
8387,,20
2097,2,
8389,,20
4195,1,
8391,,20
1049,3,
8393,,44
4197,1,
8395,,20
2099,2,
8397,,20
4199,1,
8399,,20
525,4,
8401,,20
4201,1,
8403,,20
2101,2,
8405,,8
4203,1,
8407,,20
1051,3,
8409,,20
4205,1,
8411,,20
2103,2,
8413,,32
4207,1,
8415,,37
263,5,
8417,,56
4209,1,
8419,,8
2105,2,
8421,,44
4211,1,
8423,,20
1053,3,
8425,,73
4213,1,
8427,,56
2107,2,
8429,,56
4215,1,
8431,,32
527,4,
8433,,27
4217,1,
8435,,17
2109,2,
8437,,27
4219,1,
8439,,56
1055,3,
8441,,17
4221,1,
8443,,37
2111,2,
8445,,61
4223,1,
8447,,56
33,8,
8449,,17
4225,1,
8451,,17
2113,2,
8453,,27
4227,1,
8455,,73
1057,3,
8457,,17
4229,1,
8459,,27
2115,2,
8461,,27
4231,1,
8463,,10
529,4,
8465,,27
4233,1,
8467,,73
2117,2,
8469,,8
4235,1,
8471,,17
1059,3,
8473,,17
4237,1,
8475,,37
2119,2,
8477,,27
4239,1,
8479,,27
265,5,
8481,,37
4241,1,
8483,,37
2121,2,
8485,,37
4243,1,
8487,,49
1061,3,
8489,,20
4245,1,
8491,,37
2123,2,
8493,,8
4247,1,
8495,,27
531,4,
8497,,44
4249,1,
8499,,44
2125,2,
8501,,44
4251,1,
8503,,27
1063,3,
8505,,27
4253,1,
8507,,25
2127,2,
8509,,25
4255,1,
8511,,73
133,6,
8513,,44
4257,1,
8515,,10
2129,2,
8517,,44
4259,1,
8519,,56
1065,3,
8521,,25
4261,1,
8523,,44
2131,2,
8525,,25
4263,1,
8527,,44
533,4,
8529,,25
4265,1,
8531,,61
2133,2,
8533,,8
4267,1,
8535,,44
1067,3,
8537,,61
4269,1,
8539,,44
2135,2,
8541,,20
4271,1,
8543,,61
267,5,
8545,,44
4273,1,
8547,,20
2137,2,
8549,,20
4275,1,
8551,,25
1069,3,
8553,,15
4277,1,
8555,,15
2139,2,
8557,,25
4279,1,
8559,,25
535,4,
8561,,5
4281,1,
8563,,44
2141,2,
8565,,5
4283,1,
8567,,44
1071,3,
8569,,25
4285,1,
8571,,61
2143,2,
8573,,61
4287,1,
8575,,44
67,7,
8577,,20
4289,1,
8579,,25
2145,2,
8581,,25
4291,1,
8583,,25
1073,3,
8585,,61
4293,1,
8587,,44
2147,2,
8589,,5
4295,1,
8591,,25
537,4,
8593,,5
4297,1,
8595,,5
2149,2,
8597,,5
4299,1,
8599,,20
1075,3,
8601,,20
4301,1,
8603,,61
2151,2,
8605,,37
4303,1,
8607,,61
269,5,
8609,,61
4305,1,
8611,,25
2153,2,
8613,,25
4307,1,
8615,,25
1077,3,
8617,,61
4309,1,
8619,,49
2155,2,
8621,,61
4311,1,
8623,,25
539,4,
8625,,15
4313,1,
8627,,15
2157,2,
8629,,15
4315,1,
8631,,44
1079,3,
8633,,15
4317,1,
8635,,61
2159,2,
8637,,44
4319,1,
8639,,37
135,6,
8641,,61
4321,1,
8643,,61
2161,2,
8645,,8
4323,1,
8647,,15
1081,3,
8649,,15
4325,1,
8651,,15
2163,2,
8653,,49
4327,1,
8655,,61
541,4,
8657,,49
4329,1,
8659,,15
2165,2,
8661,,13
4331,1,
8663,,44
1083,3,
8665,,49
4333,1,
8667,,44
2167,2,
8669,,49
4335,1,
8671,,20
271,5,
8673,,49
4337,1,
8675,,13
2169,2,
8677,,25
4339,1,
8679,,61
1085,3,
8681,,25
4341,1,
8683,,37
2171,2,
8685,,15
4343,1,
8687,,37
543,4,
8689,,13
4345,1,
8691,,15
2173,2,
8693,,49
4347,1,
8695,,66
1087,3,
8697,,73
4349,1,
8699,,73
2175,2,
8701,,25
4351,1,
8703,,37
17,9,
8705,,61
4353,1,
8707,,49
2177,2,
8709,,49
4355,1,
8711,,37
1089,3,
8713,,49
4357,1,
8715,,49
2179,2,
8717,,13
4359,1,
8719,,61
545,4,
8721,,13
4361,1,
8723,,49
2181,2,
8725,,13
4363,1,
8727,,49
1091,3,
8729,,49
4365,1,
8731,,44
2183,2,
8733,,49
4367,1,
8735,,49
273,5,
8737,,49
4369,1,
8739,,13
2185,2,
8741,,37
4371,1,
8743,,37
1093,3,
8745,,15
4373,1,
8747,,13
2187,2,
8749,,25
4375,1,
8751,,15
547,4,
8753,,25
4377,1,
8755,,25
2189,2,
8757,,8
4379,1,
8759,,78
1095,3,
8761,,20
4381,1,
8763,,13
2191,2,
8765,,25
4383,1,
8767,,25
137,6,
8769,,49
4385,1,
8771,,49
2193,2,
8773,,49
4387,1,
8775,,49
1097,3,
8777,,49
4389,1,
8779,,49
2195,2,
8781,,49
4391,1,
8783,,61
549,4,
8785,,49
4393,1,
8787,,49
2197,2,
8789,,32
4395,1,
8791,,44
1099,3,
8793,,44
4397,1,
8795,,44
2199,2,
8797,,8
4399,1,
8799,,34
275,5,
8801,,25
4401,1,
8803,,49
2201,2,
8805,,49
4403,1,
8807,,25
1101,3,
8809,,25
4405,1,
8811,,15
2203,2,
8813,,15
4407,1,
8815,,15
551,4,
8817,,32
4409,1,
8819,,25
2205,2,
8821,,13
4411,1,
8823,,13
1103,3,
8825,,49
4413,1,
8827,,42
2207,2,
8829,,61
4415,1,
8831,,42
69,7,
8833,,25
4417,1,
8835,,32
2209,2,
8837,,25
4419,1,
8839,,25
1105,3,
8841,,49
4421,1,
8843,,25
2211,2,
8845,,32
4423,1,
8847,,25
553,4,
8849,,13
4425,1,
8851,,13
2213,2,
8853,,49
4427,1,
8855,,32
1107,3,
8857,,37
4429,1,
8859,,25
2215,2,
8861,,42
4431,1,
8863,,25
277,5,
8865,,61
4433,1,
8867,,49
2217,2,
8869,,25
4435,1,
8871,,25
1109,3,
8873,,61
4437,1,
8875,,32
2219,2,
8877,,32
4439,1,
8879,,61
555,4,
8881,,66
4441,1,
8883,,66
2221,2,
8885,,8
4443,1,
8887,,32
1111,3,
8889,,66
4445,1,
8891,,22
2223,2,
8893,,66
4447,1,
8895,,22
139,6,
8897,,8
4449,1,
8899,,22
2225,2,
8901,,49
4451,1,
8903,,32
1113,3,
8905,,32
4453,1,
8907,,32
2227,2,
8909,,49
4455,1,
8911,,32
557,4,
8913,,13
4457,1,
8915,,13
2229,2,
8917,,13
4459,1,
8919,,13
1115,3,
8921,,49
4461,1,
8923,,22
2231,2,
8925,,32
4463,1,
8927,,13
279,5,
8929,,32
4465,1,
8931,,13
2233,2,
8933,,49
4467,1,
8935,,37
1117,3,
8937,,32
4469,1,
8939,,42
2235,2,
8941,,13
4471,1,
8943,,54
559,4,
8945,,13
4473,1,
8947,,32
2237,2,
8949,,30
4475,1,
8951,,49
1119,3,
8953,,49
4477,1,
8955,,32
2239,2,
8957,,49
4479,1,
8959,,90
35,8,
8961,,13
4481,1,
8963,,13
2241,2,
8965,,13
4483,1,
8967,,49
1121,3,
8969,,15
4485,1,
8971,,49
2243,2,
8973,,13
4487,1,
8975,,13
561,4,
8977,,13
4489,1,
8979,,30
2245,2,
8981,,13
4491,1,
8983,,66
1123,3,
8985,,66
4493,1,
8987,,30
2247,2,
8989,,25
4495,1,
8991,,49
281,5,
8993,,25
4497,1,
8995,,13
2249,2,
8997,,13
4499,1,
8999,,66
1125,3,
9001,,49
4501,1,
9003,,25
2251,2,
9005,,10
4503,1,
9007,,25
563,4,
9009,,10
4505,1,
9011,,10
2253,2,
9013,,13
4507,1,
9015,,30
1127,3,
9017,,10
4509,1,
9019,,10
2255,2,
9021,,49
4511,1,
9023,,54
141,6,
9025,,13
4513,1,
9027,,66
2257,2,
9029,,10
4515,1,
9031,,66
1129,3,
9033,,13
4517,1,
9035,,10
2259,2,
9037,,10
4519,1,
9039,,30
565,4,
9041,,66
4521,1,
9043,,66
2261,2,
9045,,3
4523,1,
9047,,30
1131,3,
9049,,13
4525,1,
9051,,30
2263,2,
9053,,10
4527,1,
9055,,10
283,5,
9057,,25
4529,1,
9059,,20
2265,2,
9061,,20
4531,1,
9063,,30
1133,3,
9065,,42
4533,1,
9067,,13
2267,2,
9069,,30
4535,1,
9071,,30
567,4,
9073,,20
4537,1,
9075,,20
2269,2,
9077,,20
4539,1,
9079,,66
1135,3,
9081,,32
4541,1,
9083,,30
2271,2,
9085,,20
4543,1,
9087,,66
71,7,
9089,,49
4545,1,
9091,,49
2273,2,
9093,,49
4547,1,
9095,,49
1137,3,
9097,,42
4549,1,
9099,,42
2275,2,
9101,,3
4551,1,
9103,,66
569,4,
9105,,54
4553,1,
9107,,54
2277,2,
9109,,18
4555,1,
9111,,18
1139,3,
9113,,18
4557,1,
9115,,54
2279,2,
9117,,54
4559,1,
9119,,20
285,5,
9121,,18
4561,1,
9123,,18
2281,2,
9125,,54
4563,1,
9127,,54
1141,3,
9129,,20
4565,1,
9131,,54
2283,2,
9133,,18
4567,1,
9135,,18
571,4,
9137,,8
4569,1,
9139,,8
2285,2,
9141,,8
4571,1,
9143,,18
1143,3,
9145,,20
4573,1,
9147,,20
2287,2,
9149,,42
4575,1,
9151,,30
143,6,
9153,,54
4577,1,
9155,,54
2289,2,
9157,,37
4579,1,
9159,,71
1145,3,
9161,,54
4581,1,
9163,,8
2291,2,
9165,,54
4583,1,
9167,,30
573,4,
9169,,54
4585,1,
9171,,54
2293,2,
9173,,37
4587,1,
9175,,42
1147,3,
9177,,37
4589,1,
9179,,18
2295,2,
9181,,18
4591,1,
9183,,61
287,5,
9185,,66
4593,1,
9187,,37
2297,2,
9189,,18
4595,1,
9191,,18
1149,3,
9193,,30
4597,1,
9195,,54
2299,2,
9197,,54
4599,1,
9199,,20
575,4,
9201,,13
4601,1,
9203,,18
2301,2,
9205,,13
4603,1,
9207,,42
1151,3,
9209,,42
4605,1,
9211,,42
2303,2,
9213,,18
4607,1,
9215,,54
9,10,
9217,,13
4609,1,
9219,,13
2305,2,
9221,,37
4611,1,
9223,,13
1153,3,
9225,,83
4613,1,
9227,,37
2307,2,
9229,,54
4615,1,
9231,,30
577,4,
9233,,54
4617,1,
9235,,37
2309,2,
9237,,8
4619,1,
9239,,54
1155,3,
9241,,54
4621,1,
9243,,30
2311,2,
9245,,54
4623,1,
9247,,66
289,5,
9249,,66
4625,1,
9251,,8
2313,2,
9253,,37
4627,1,
9255,,54
1157,3,
9257,,95
4629,1,
9259,,13
2315,2,
9261,,37
4631,1,
9263,,49
579,4,
9265,,37
4633,1,
9267,,37
2317,2,
9269,,8
4635,1,
9271,,30
1159,3,
9273,,54
4637,1,
9275,,54
2319,2,
9277,,18
4639,1,
9279,,30
145,6,
9281,,18
4641,1,
9283,,18
2321,2,
9285,,8
4643,1,
9287,,59
1161,3,
9289,,30
4645,1,
9291,,8
2323,2,
9293,,66
4647,1,
9295,,18
581,4,
9297,,66
4649,1,
9299,,47
2325,2,
9301,,42
4651,1,
9303,,8
1163,3,
9305,,30
4653,1,
9307,,30
2327,2,
9309,,54
4655,1,
9311,,30
291,5,
9313,,37
4657,1,
9315,,54
2329,2,
9317,,54
4659,1,
9319,,30
1165,3,
9321,,18
4661,1,
9323,,18
2331,2,
9325,,37
4663,1,
9327,,30
583,4,
9329,,42
4665,1,
9331,,47
2333,2,
9333,,8
4667,1,
9335,,8
1167,3,
9337,,54
4669,1,
9339,,54
2335,2,
9341,,30
4671,1,
9343,,18
73,7,
9345,,66
4673,1,
9347,,18
2337,2,
9349,,18
4675,1,
9351,,37
1169,3,
9353,,66
4677,1,
9355,,71
2339,2,
9357,,18
4679,1,
9359,,13
585,4,
9361,,13
4681,1,
9363,,13
2341,2,
9365,,18
4683,1,
9367,,18
1171,3,
9369,,18
4685,1,
9371,,66
2343,2,
9373,,54
4687,1,
9375,,13
293,5,
9377,,37
4689,1,
9379,,54
2345,2,
9381,,54
4691,1,
9383,,37
1173,3,
9385,,27
4693,1,
9387,,18
2347,2,
9389,,37
4695,1,
9391,,18
587,4,
9393,,37
4697,1,
9395,,37
2349,2,
9397,,42
4699,1,
9399,,27
1175,3,
9401,,18
4701,1,
9403,,18
2351,2,
9405,,18
4703,1,
9407,,37
147,6,
9409,,18
4705,1,
9411,,18
2353,2,
9413,,8
4707,1,
9415,,18
1177,3,
9417,,35
4709,1,
9419,,35
2355,2,
9421,,8
4711,1,
9423,,18
589,4,
9425,,54
4713,1,
9427,,54
2357,2,
9429,,42
4715,1,
9431,,35
1179,3,
9433,,8
4717,1,
9435,,54
2359,2,
9437,,18
4719,1,
9439,,35
295,5,
9441,,35
4721,1,
9443,,42
2361,2,
9445,,18
4723,1,
9447,,54
1181,3,
9449,,18
4725,1,
9451,,54
2363,2,
9453,,18
4727,1,
9455,,54
591,4,
9457,,18
4729,1,
9459,,18
2365,2,
9461,,18
4731,1,
9463,,18
1183,3,
9465,,18
4733,1,
9467,,35
2367,2,
9469,,30
4735,1,
9471,,54
37,8,
9473,,18
4737,1,
9475,,18
2369,2,
9477,,42
4739,1,
9479,,71
1185,3,
9481,,54
4741,1,
9483,,15
2371,2,
9485,,54
4743,1,
9487,,18
593,4,
9489,,54
4745,1,
9491,,15
2373,2,
9493,,25
4747,1,
9495,,54
1187,3,
9497,,15
4749,1,
9499,,35
2375,2,
9501,,59
4751,1,
9503,,54
297,5,
9505,,42
4753,1,
9507,,15
2377,2,
9509,,15
4755,1,
9511,,15
1189,3,
9513,,71
4757,1,
9515,,15
2379,2,
9517,,25
4759,1,
9519,,35
595,4,
9521,,8
4761,1,
9523,,8
2381,2,
9525,,25
4763,1,
9527,,71
1191,3,
9529,,35
4765,1,
9531,,25
2383,2,
9533,,15
4767,1,
9535,,35
149,6,
9537,,25
4769,1,
9539,,25
2385,2,
9541,,35
4771,1,
9543,,15
1193,3,
9545,,25
4773,1,
9547,,35
2387,2,
9549,,35
4775,1,
9551,,18
597,4,
9553,,35
4777,1,
9555,,35
2389,2,
9557,,6
4779,1,
9559,,25
1195,3,
9561,,25
4781,1,
9563,,71
2391,2,
9565,,42
4783,1,
9567,,25
299,5,
9569,,25
4785,1,
9571,,23
2393,2,
9573,,23
4787,1,
9575,,71
1197,3,
9577,,54
4789,1,
9579,,54
2395,2,
9581,,8
4791,1,
9583,,47
599,4,
9585,,42
4793,1,
9587,,23
2397,2,
9589,,42
4795,1,
9591,,59
1199,3,
9593,,42
4797,1,
9595,,23
2399,2,
9597,,23
4799,1,
9599,,59
75,7,
9601,,59
4801,1,
9603,,42
2401,2,
9605,,59
4803,1,
9607,,42
1201,3,
9609,,23
4805,1,
9611,,59
2403,2,
9613,,18
4807,1,
9615,,42
601,4,
9617,,13
4809,1,
9619,,13
2405,2,
9621,,18
4811,1,
9623,,13
1203,3,
9625,,13
4813,1,
9627,,13
2407,2,
9629,,23
4815,1,
9631,,56
301,5,
9633,,13
4817,1,
9635,,42
2409,2,
9637,,42
4819,1,
9639,,47
1205,3,
9641,,23
4821,1,
9643,,59
2411,2,
9645,,59
4823,1,
9647,,42
603,4,
9649,,18
4825,1,
9651,,18
2413,2,
9653,,23
4827,1,
9655,,35
1207,3,
9657,,18
4829,1,
9659,,59
2415,2,
9661,,42
4831,1,
9663,,66
151,6,
9665,,23
4833,1,
9667,,23
2417,2,
9669,,3
4835,1,
9671,,23
1209,3,
9673,,18
4837,1,
9675,,23
2419,2,
9677,,18
4839,1,
9679,,59
605,4,
9681,,18
4841,1,
9683,,35
2421,2,
9685,,3
4843,1,
9687,,59
1211,3,
9689,,23
4845,1,
9691,,18
2423,2,
9693,,23
4847,1,
9695,,59
303,5,
9697,,47
4849,1,
9699,,3
2425,2,
9701,,59
4851,1,
9703,,47
1213,3,
9705,,64
4853,1,
9707,,59
2427,2,
9709,,42
4855,1,
9711,,18
607,4,
9713,,13
4857,1,
9715,,59
2429,2,
9717,,13
4859,1,
9719,,42
1215,3,
9721,,59
4861,1,
9723,,35
2431,2,
9725,,59
4863,1,
9727,,30
19,9,
9729,,59
4865,1,
9731,,13
2433,2,
9733,,13
4867,1,
9735,,13
1217,3,
9737,,59
4869,1,
9739,,13
2435,2,
9741,,47
4871,1,
9743,,13
609,4,
9745,,47
4873,1,
9747,,42
2437,2,
9749,,47
4875,1,
9751,,42
1219,3,
9753,,42
4877,1,
9755,,18
2439,2,
9757,,47
4879,1,
9759,,54
305,5,
9761,,13
4881,1,
9763,,47
2441,2,
9765,,23
4883,1,
9767,,23
1221,3,
9769,,35
4885,1,
9771,,47
2443,2,
9773,,13
4887,1,
9775,,54
611,4,
9777,,13
4889,1,
9779,,13
2445,2,
9781,,11
4891,1,
9783,,64
1223,3,
9785,,71
4893,1,
9787,,71
2447,2,
9789,,47
4895,1,
9791,,23
153,6,
9793,,59
4897,1,
9795,,59
2449,2,
9797,,47
4899,1,
9799,,13
1225,3,
9801,,35
4901,1,
9803,,47
2451,2,
9805,,47
4903,1,
9807,,35
613,4,
9809,,59
4905,1,
9811,,59
2453,2,
9813,,11
4907,1,
9815,,47
1227,3,
9817,,47
4909,1,
9819,,23
2455,2,
9821,,47
4911,1,
9823,,42
307,5,
9825,,13
4913,1,
9827,,47
2457,2,
9829,,47
4915,1,
9831,,35
1229,3,
9833,,13
4917,1,
9835,,59
2459,2,
9837,,35
4919,1,
9839,,13
615,4,
9841,,11
4921,1,
9843,,23
2461,2,
9845,,23
4923,1,
9847,,23
1231,3,
9849,,23
4925,1,
9851,,23
2463,2,
9853,,76
4927,1,
9855,,32
77,7,
9857,,18
4929,1,
9859,,11
2465,2,
9861,,23
4931,1,
9863,,23
1233,3,
9865,,32
4933,1,
9867,,23
2467,2,
9869,,47
4935,1,
9871,,71
617,4,
9873,,47
4937,1,
9875,,47
2469,2,
9877,,47
4939,1,
9879,,47
1235,3,
9881,,59
4941,1,
9883,,59
2471,2,
9885,,47
4943,1,
9887,,88
309,5,
9889,,42
4945,1,
9891,,42
2473,2,
9893,,42
4947,1,
9895,,42
1237,3,
9897,,88
4949,1,
9899,,32
2475,2,
9901,,23
4951,1,
9903,,23
619,4,
9905,,11
4953,1,
9907,,11
2477,2,
9909,,47
4955,1,
9911,,23
1239,3,
9913,,13
4957,1,
9915,,13
2479,2,
9917,,13
4959,1,
9919,,52
155,6,
9921,,47
4961,1,
9923,,23
2481,2,
9925,,11
4963,1,
9927,,47
1241,3,
9929,,47
4965,1,
9931,,40
2483,2,
9933,,11
4967,1,
9935,,59
621,4,
9937,,23
4969,1,
9939,,23
2485,2,
9941,,30
4971,1,
9943,,23
1243,3,
9945,,23
4973,1,
9947,,47
2487,2,
9949,,23
4975,1,
9951,,23
311,5,
9953,,23
4977,1,
9955,,30
2489,2,
9957,,11
4979,1,
9959,,23
1245,3,
9961,,23
4981,1,
9963,,23
2491,2,
9965,,35
4983,1,
9967,,23
623,4,
9969,,30
4985,1,
9971,,40
2493,2,
9973,,47
4987,1,
9975,,59
1247,3,
9977,,11
4989,1,
9979,,23
2495,2,
9981,,23
4991,1,
9983,,59
39,8,
9985,,30
4993,1,
9987,,59
2497,2,
9989,,30
4995,1,
9991,,59
1249,3,
9993,,23
4997,1,
9995,,20
2499,2,
9997,,64
4999,1,
9999,,30
625,4,
