# Odd core environment

This is a list of integers in consecutive order. For every `n`:
- `oc` is the 2-adic "odd core" of the number, after removing all factors of 2. For odd numbers, oc is the number itself.
- `k` is the 2-adic exponent, the number of halvings (n = oc * 2^k). For odd numbers, k is always 0.
- `dist` is the odd-to-odd Collatz stopping distance of the odd core.
- 'base3' and 'base2' representations of the odd core are given.
- residues of the odd core modulo a set of small primes follows (`m3`, `m5`, etc)

n,oc,k,dist,base3,base2,m3,m5,m7,m11,m13,m17,m19,m23,m29,m31,m37,m41,m43,m47,m53,m59,m61,m67,m71,m73
1,1,0,0,1,1,1,1,1,1,1,1,1,1,1,1,1,1,1,1,1,1,1,1,1,1
2,1,1,0,1,1,1,1,1,1,1,1,1,1,1,1,1,1,1,1,1,1,1,1,1,1
3,3,0,2,10,11,0,3,3,3,3,3,3,3,3,3,3,3,3,3,3,3,3,3,3,3
4,1,2,0,1,1,1,1,1,1,1,1,1,1,1,1,1,1,1,1,1,1,1,1,1,1
5,5,0,1,12,101,2,0,5,5,5,5,5,5,5,5,5,5,5,5,5,5,5,5,5,5
6,3,1,2,10,11,0,3,3,3,3,3,3,3,3,3,3,3,3,3,3,3,3,3,3,3
7,7,0,5,21,111,1,2,0,7,7,7,7,7,7,7,7,7,7,7,7,7,7,7,7,7
8,1,3,0,1,1,1,1,1,1,1,1,1,1,1,1,1,1,1,1,1,1,1,1,1,1
9,9,0,6,100,1001,0,4,2,9,9,9,9,9,9,9,9,9,9,9,9,9,9,9,9,9
10,5,1,1,12,101,2,0,5,5,5,5,5,5,5,5,5,5,5,5,5,5,5,5,5,5
11,11,0,4,102,1011,2,1,4,0,11,11,11,11,11,11,11,11,11,11,11,11,11,11,11,11
12,3,2,2,10,11,0,3,3,3,3,3,3,3,3,3,3,3,3,3,3,3,3,3,3,3
13,13,0,2,111,1101,1,3,6,2,0,13,13,13,13,13,13,13,13,13,13,13,13,13,13,13
14,7,1,5,21,111,1,2,0,7,7,7,7,7,7,7,7,7,7,7,7,7,7,7,7,7
15,15,0,5,120,1111,0,0,1,4,2,15,15,15,15,15,15,15,15,15,15,15,15,15,15,15
16,1,4,0,1,1,1,1,1,1,1,1,1,1,1,1,1,1,1,1,1,1,1,1,1,1
17,17,0,3,122,10001,2,2,3,6,4,0,17,17,17,17,17,17,17,17,17,17,17,17,17,17
18,9,1,6,100,1001,0,4,2,9,9,9,9,9,9,9,9,9,9,9,9,9,9,9,9,9
19,19,0,6,201,10011,1,4,5,8,6,2,0,19,19,19,19,19,19,19,19,19,19,19,19,19
20,5,2,1,12,101,2,0,5,5,5,5,5,5,5,5,5,5,5,5,5,5,5,5,5,5
21,21,0,1,210,10101,0,1,0,10,8,4,2,21,21,21,21,21,21,21,21,21,21,21,21,21
22,11,1,4,102,1011,2,1,4,0,11,11,11,11,11,11,11,11,11,11,11,11,11,11,11,11
23,23,0,4,212,10111,2,3,2,1,10,6,4,0,23,23,23,23,23,23,23,23,23,23,23,23
24,3,3,2,10,11,0,3,3,3,3,3,3,3,3,3,3,3,3,3,3,3,3,3,3,3
25,25,0,7,221,11001,1,0,4,3,12,8,6,2,25,25,25,25,25,25,25,25,25,25,25,25
26,13,1,2,111,1101,1,3,6,2,0,13,13,13,13,13,13,13,13,13,13,13,13,13,13,13
27,27,0,41,1000,11011,0,2,6,5,1,10,8,4,27,27,27,27,27,27,27,27,27,27,27,27
28,7,2,5,21,111,1,2,0,7,7,7,7,7,7,7,7,7,7,7,7,7,7,7,7,7
29,29,0,5,1002,11101,2,4,1,7,3,12,10,6,0,29,29,29,29,29,29,29,29,29,29,29
30,15,1,5,120,1111,0,0,1,4,2,15,15,15,15,15,15,15,15,15,15,15,15,15,15,15
31,31,0,39,1011,11111,1,1,3,9,5,14,12,8,2,0,31,31,31,31,31,31,31,31,31,31
32,1,5,0,1,1,1,1,1,1,1,1,1,1,1,1,1,1,1,1,1,1,1,1,1,1
33,33,0,8,1020,100001,0,3,5,0,7,16,14,10,4,2,33,33,33,33,33,33,33,33,33,33
34,17,1,3,122,10001,2,2,3,6,4,0,17,17,17,17,17,17,17,17,17,17,17,17,17,17
35,35,0,3,1022,100011,2,0,0,2,9,1,16,12,6,4,35,35,35,35,35,35,35,35,35,35
36,9,2,6,100,1001,0,4,2,9,9,9,9,9,9,9,9,9,9,9,9,9,9,9,9,9
37,37,0,6,1101,100101,1,2,2,4,11,3,18,14,8,6,0,37,37,37,37,37,37,37,37,37
38,19,1,6,201,10011,1,4,5,8,6,2,0,19,19,19,19,19,19,19,19,19,19,19,19,19
39,39,0,11,1110,100111,0,4,4,6,0,5,1,16,10,8,2,39,39,39,39,39,39,39,39,39
40,5,3,1,12,101,2,0,5,5,5,5,5,5,5,5,5,5,5,5,5,5,5,5,5,5
41,41,0,40,1112,101001,2,1,6,8,2,7,3,18,12,10,4,0,41,41,41,41,41,41,41,41
42,21,1,1,210,10101,0,1,0,10,8,4,2,21,21,21,21,21,21,21,21,21,21,21,21,21
43,43,0,9,1121,101011,1,3,1,10,4,9,5,20,14,12,6,2,0,43,43,43,43,43,43,43
44,11,2,4,102,1011,2,1,4,0,11,11,11,11,11,11,11,11,11,11,11,11,11,11,11,11
45,45,0,4,1200,101101,0,0,3,1,6,11,7,22,16,14,8,4,2,45,45,45,45,45,45,45
46,23,1,4,212,10111,2,3,2,1,10,6,4,0,23,23,23,23,23,23,23,23,23,23,23,23
47,47,0,38,1202,101111,2,2,5,3,8,13,9,1,18,16,10,6,4,0,47,47,47,47,47,47
48,3,4,2,10,11,0,3,3,3,3,3,3,3,3,3,3,3,3,3,3,3,3,3,3,3
49,49,0,7,1211,110001,1,4,0,5,10,15,11,3,20,18,12,8,6,2,49,49,49,49,49,49
50,25,1,7,221,11001,1,0,4,3,12,8,6,2,25,25,25,25,25,25,25,25,25,25,25,25
51,51,0,7,1220,110011,0,1,2,7,12,0,13,5,22,20,14,10,8,4,51,51,51,51,51,51
52,13,2,2,111,1101,1,3,6,2,0,13,13,13,13,13,13,13,13,13,13,13,13,13,13,13
53,53,0,2,1222,110101,2,3,4,9,1,2,15,7,24,22,16,12,10,6,0,53,53,53,53,53
54,27,1,41,1000,11011,0,2,6,5,1,10,8,4,27,27,27,27,27,27,27,27,27,27,27,27
55,55,0,41,2001,110111,1,0,6,0,3,4,17,9,26,24,18,14,12,8,2,55,55,55,55,55
56,7,3,5,21,111,1,2,0,7,7,7,7,7,7,7,7,7,7,7,7,7,7,7,7,7
57,57,0,10,2010,111001,0,2,1,2,5,6,0,11,28,26,20,16,14,10,4,57,57,57,57,57
58,29,1,5,1002,11101,2,4,1,7,3,12,10,6,0,29,29,29,29,29,29,29,29,29,29,29
59,59,0,10,2012,111011,2,4,3,4,7,8,2,13,1,28,22,18,16,12,6,0,59,59,59,59
60,15,2,5,120,1111,0,0,1,4,2,15,15,15,15,15,15,15,15,15,15,15,15,15,15,15
61,61,0,5,2021,111101,1,1,5,6,9,10,4,15,3,30,24,20,18,14,8,2,0,61,61,61
62,31,1,39,1011,11111,1,1,3,9,5,14,12,8,2,0,31,31,31,31,31,31,31,31,31,31
63,63,0,39,2100,111111,0,3,0,8,11,12,6,17,5,1,26,22,20,16,10,4,2,63,63,63
64,1,6,0,1,1,1,1,1,1,1,1,1,1,1,1,1,1,1,1,1,1,1,1,1,1
65,65,0,8,2102,1000001,2,0,2,10,0,14,8,19,7,3,28,24,22,18,12,6,4,65,65,65
66,33,1,8,1020,100001,0,3,5,0,7,16,14,10,4,2,33,33,33,33,33,33,33,33,33,33
67,67,0,8,2111,1000011,1,2,4,1,2,16,10,21,9,5,30,26,24,20,14,8,6,0,67,67
68,17,2,3,122,10001,2,2,3,6,4,0,17,17,17,17,17,17,17,17,17,17,17,17,17,17
69,69,0,3,2120,1000101,0,4,6,3,4,1,12,0,11,7,32,28,26,22,16,10,8,2,69,69
70,35,1,3,1022,100011,2,0,0,2,9,1,16,12,6,4,35,35,35,35,35,35,35,35,35,35
71,71,0,37,2122,1000111,2,1,1,5,6,3,14,2,13,9,34,30,28,24,18,12,10,4,0,71
72,9,3,6,100,1001,0,4,2,9,9,9,9,9,9,9,9,9,9,9,9,9,9,9,9,9
73,73,0,42,2201,1001001,1,3,3,7,8,5,16,4,15,11,36,32,30,26,20,14,12,6,2,0
74,37,1,6,1101,100101,1,2,2,4,11,3,18,14,8,6,0,37,37,37,37,37,37,37,37,37
75,75,0,3,2210,1001011,0,0,5,9,10,7,18,6,17,13,1,34,32,28,22,16,14,8,4,2
76,19,2,6,201,10011,1,4,5,8,6,2,0,19,19,19,19,19,19,19,19,19,19,19,19,19
77,77,0,6,2212,1001101,2,2,0,0,12,9,1,8,19,15,3,36,34,30,24,18,16,10,6,4
78,39,1,11,1110,100111,0,4,4,6,0,5,1,16,10,8,2,39,39,39,39,39,39,39,39,39
79,79,0,11,2221,1001111,1,4,2,2,1,11,3,10,21,17,5,38,36,32,26,20,18,12,8,6
80,5,4,1,12,101,2,0,5,5,5,5,5,5,5,5,5,5,5,5,5,5,5,5,5,5
81,81,0,6,10000,1010001,0,1,4,4,3,13,5,12,23,19,7,40,38,34,28,22,20,14,10,8
82,41,1,40,1112,101001,2,1,6,8,2,7,3,18,12,10,4,0,41,41,41,41,41,41,41,41
83,83,0,40,10002,1010011,2,3,6,6,5,15,7,14,25,21,9,1,40,36,30,24,22,16,12,10
84,21,2,1,210,10101,0,1,0,10,8,4,2,21,21,21,21,21,21,21,21,21,21,21,21,21
85,85,0,1,10011,1010101,1,0,1,8,7,0,9,16,27,23,11,3,42,38,32,26,24,18,14,12
86,43,1,9,1121,101011,1,3,1,10,4,9,5,20,14,12,6,2,0,43,43,43,43,43,43,43
87,87,0,9,10020,1010111,0,2,3,10,9,2,11,18,0,25,13,5,1,40,34,28,26,20,16,14
88,11,3,4,102,1011,2,1,4,0,11,11,11,11,11,11,11,11,11,11,11,11,11,11,11,11
89,89,0,9,10022,1011001,2,4,5,1,11,4,13,20,2,27,15,7,3,42,36,30,28,22,18,16
90,45,1,4,1200,101101,0,0,3,1,6,11,7,22,16,14,8,4,2,45,45,45,45,45,45,45
91,91,0,33,10101,1011011,1,1,0,3,0,6,15,22,4,29,17,9,5,44,38,32,30,24,20,18
92,23,2,4,212,10111,2,3,2,1,10,6,4,0,23,23,23,23,23,23,23,23,23,23,23,23
93,93,0,4,10110,1011101,0,3,2,5,2,8,17,1,6,0,19,11,7,46,40,34,32,26,22,20
94,47,1,38,1202,101111,2,2,5,3,8,13,9,1,18,16,10,6,4,0,47,47,47,47,47,47
95,95,0,38,10112,1011111,2,0,4,7,4,10,0,3,8,2,21,13,9,1,42,36,34,28,24,22
96,3,5,2,10,11,0,3,3,3,3,3,3,3,3,3,3,3,3,3,3,3,3,3,3,3
97,97,0,43,10121,1100001,1,2,6,9,6,12,2,5,10,4,23,15,11,3,44,38,36,30,26,24
98,49,1,7,1211,110001,1,4,0,5,10,15,11,3,20,18,12,8,6,2,49,49,49,49,49,49
99,99,0,7,10200,1100011,0,4,1,0,8,14,4,7,12,6,25,17,13,5,46,40,38,32,28,26
100,25,2,7,221,11001,1,0,4,3,12,8,6,2,25,25,25,25,25,25,25,25,25,25,25,25
101,101,0,7,10202,1100101,2,1,3,2,10,16,6,9,14,8,27,19,15,7,48,42,40,34,30,28
102,51,1,7,1220,110011,0,1,2,7,12,0,13,5,22,20,14,10,8,4,51,51,51,51,51,51
103,103,0,31,10211,1100111,1,3,5,4,12,1,8,11,16,10,29,21,17,9,50,44,42,36,32,30
104,13,3,2,111,1101,1,3,6,2,0,13,13,13,13,13,13,13,13,13,13,13,13,13,13,13
105,105,0,12,10220,1101001,0,0,0,6,1,3,10,13,18,12,31,23,19,11,52,46,44,38,34,32
106,53,1,2,1222,110101,2,3,4,9,1,2,15,7,24,22,16,12,10,6,0,53,53,53,53,53
107,107,0,36,10222,1101011,2,2,2,8,3,5,12,15,20,14,33,25,21,13,1,48,46,40,36,34
108,27,2,41,1000,11011,0,2,6,5,1,10,8,4,27,27,27,27,27,27,27,27,27,27,27,27
109,109,0,41,11001,1101101,1,4,4,10,5,7,14,17,22,16,35,27,23,15,3,50,48,42,38,36
110,55,1,41,2001,110111,1,0,6,0,3,4,17,9,26,24,18,14,12,8,2,55,55,55,55,55
111,111,0,24,11010,1101111,0,1,6,1,7,9,16,19,24,18,0,29,25,17,5,52,50,44,40,38
112,7,4,5,21,111,1,2,0,7,7,7,7,7,7,7,7,7,7,7,7,7,7,7,7,7
113,113,0,2,11012,1110001,2,3,1,3,9,11,18,21,26,20,2,31,27,19,7,54,52,46,42,40
114,57,1,10,2010,111001,0,2,1,2,5,6,0,11,28,26,20,16,14,10,4,57,57,57,57,57
115,115,0,10,11021,1110011,1,0,3,5,11,13,1,0,28,22,4,33,29,21,9,56,54,48,44,42
116,29,2,5,1002,11101,2,4,1,7,3,12,10,6,0,29,29,29,29,29,29,29,29,29,29,29
117,117,0,5,11100,1110101,0,2,5,7,0,15,3,2,1,24,6,35,31,23,11,58,56,50,46,44
118,59,1,10,2012,111011,2,4,3,4,7,8,2,13,1,28,22,18,16,12,6,0,59,59,59,59
119,119,0,10,11102,1110111,2,4,0,9,2,0,5,4,3,26,8,37,33,25,13,1,58,52,48,46
120,15,3,5,120,1111,0,0,1,4,2,15,15,15,15,15,15,15,15,15,15,15,15,15,15,15
121,121,0,34,11111,1111001,1,1,2,0,4,2,7,6,5,28,10,39,35,27,15,3,60,54,50,48
122,61,1,5,2021,111101,1,1,5,6,9,10,4,15,3,30,24,20,18,14,8,2,0,61,61,61
123,123,0,15,11120,1111011,0,3,4,2,6,4,9,8,7,30,12,0,37,29,17,5,1,56,52,50
124,31,2,39,1011,11111,1,1,3,9,5,14,12,8,2,0,31,31,31,31,31,31,31,31,31,31
125,125,0,39,11122,1111101,2,0,6,4,8,6,11,10,9,1,14,2,39,31,19,7,3,58,54,52
126,63,1,39,2100,111111,0,3,0,8,11,12,6,17,5,1,26,22,20,16,10,4,2,63,63,63
127,127,0,15,11201,1111111,1,2,1,6,10,8,13,12,11,3,16,4,41,33,21,9,5,60,56,54
128,1,7,0,1,1,1,1,1,1,1,1,1,1,1,1,1,1,1,1,1,1,1,1,1,1
129,129,0,44,11210,10000001,0,4,3,8,12,10,15,14,13,5,18,6,0,35,23,11,7,62,58,56
130,65,1,8,2102,1000001,2,0,2,10,0,14,8,19,7,3,28,24,22,18,12,6,4,65,65,65
131,131,0,8,11212,10000011,2,1,5,10,1,12,17,16,15,7,20,8,2,37,25,13,9,64,60,58
132,33,2,8,1020,100001,0,3,5,0,7,16,14,10,4,2,33,33,33,33,33,33,33,33,33,33
133,133,0,8,11221,10000101,1,3,0,1,3,14,0,18,17,9,22,10,4,39,27,15,11,66,62,60
134,67,1,8,2111,1000011,1,2,4,1,2,16,10,21,9,5,30,26,24,20,14,8,6,0,67,67
135,135,0,13,12000,10000111,0,0,2,3,5,16,2,20,19,11,24,12,6,41,29,17,13,1,64,62
136,17,3,3,122,10001,2,2,3,6,4,0,17,17,17,17,17,17,17,17,17,17,17,17,17,17
137,137,0,32,12002,10001001,2,2,4,5,7,1,4,22,21,13,26,14,8,43,31,19,15,3,66,64
138,69,1,3,2120,1000101,0,4,6,3,4,1,12,0,11,7,32,28,26,22,16,10,8,2,69,69
139,139,0,13,12011,10001011,1,4,6,7,9,3,6,1,23,15,28,16,10,45,33,21,17,5,68,66
140,35,2,3,1022,100011,2,0,0,2,9,1,16,12,6,4,35,35,35,35,35,35,35,35,35,35
141,141,0,3,12020,10001101,0,1,1,9,11,5,8,3,25,17,30,18,12,0,35,23,19,7,70,68
142,71,1,37,2122,1000111,2,1,1,5,6,3,14,2,13,9,34,30,28,24,18,12,10,4,0,71
143,143,0,37,12022,10001111,2,3,3,0,0,7,10,5,27,19,32,20,14,2,37,25,21,9,1,70
144,9,4,6,100,1001,0,4,2,9,9,9,9,9,9,9,9,9,9,9,9,9,9,9,9,9
145,145,0,42,12101,10010001,1,0,5,2,2,9,12,7,0,21,34,22,16,4,39,27,23,11,3,72
146,73,1,42,2201,1001001,1,3,3,7,8,5,16,4,15,11,36,32,30,26,20,14,12,6,2,0
147,147,0,42,12110,10010011,0,2,0,4,4,11,14,9,2,23,36,24,18,6,41,29,25,13,5,1
148,37,2,6,1101,100101,1,2,2,4,11,3,18,14,8,6,0,37,37,37,37,37,37,37,37,37
149,149,0,6,12112,10010101,2,4,2,6,6,13,16,11,4,25,1,26,20,8,43,31,27,15,7,3
150,75,1,3,2210,1001011,0,0,5,9,10,7,18,6,17,13,1,34,32,28,22,16,14,8,4,2
151,151,0,3,12121,10010111,1,1,4,8,8,15,18,13,6,27,3,28,22,10,45,33,29,17,9,5
152,19,3,6,201,10011,1,4,5,8,6,2,0,19,19,19,19,19,19,19,19,19,19,19,19,19
153,153,0,11,12200,10011001,0,3,6,10,10,0,1,15,8,29,5,30,24,12,47,35,31,19,11,7
154,77,1,6,2212,1001101,2,2,0,0,12,9,1,8,19,15,3,36,34,30,24,18,16,10,6,4
155,155,0,30,12202,10011011,2,0,1,1,12,2,3,17,10,0,7,32,26,14,49,37,33,21,13,9
156,39,2,11,1110,100111,0,4,4,6,0,5,1,16,10,8,2,39,39,39,39,39,39,39,39,39
157,157,0,11,12211,10011101,1,2,3,3,1,4,5,19,12,2,9,34,28,16,51,39,35,23,15,11
158,79,1,11,2221,1001111,1,4,2,2,1,11,3,10,21,17,5,38,36,32,26,20,18,12,8,6
159,159,0,18,12220,10011111,0,4,5,5,3,6,7,21,14,4,11,36,30,18,0,41,37,25,17,13
160,5,5,1,12,101,2,0,5,5,5,5,5,5,5,5,5,5,5,5,5,5,5,5,5,5
161,161,0,35,12222,10100001,2,1,0,7,5,8,9,0,16,6,13,38,32,20,2,43,39,27,19,15
162,81,1,6,10000,1010001,0,1,4,4,3,13,5,12,23,19,7,40,38,34,28,22,20,14,10,8
163,163,0,6,20001,10100011,1,3,2,9,7,10,11,2,18,8,15,40,34,22,4,45,41,29,21,17
164,41,2,40,1112,101001,2,1,6,8,2,7,3,18,12,10,4,0,41,41,41,41,41,41,41,41
165,165,0,40,20010,10100101,0,0,4,0,9,12,13,4,20,10,17,1,36,24,6,47,43,31,23,19
166,83,1,40,10002,1010011,2,3,6,6,5,15,7,14,25,21,9,1,40,36,30,24,22,16,12,10
167,167,0,23,20012,10100111,2,2,6,2,11,14,15,6,22,12,19,3,38,26,8,49,45,33,25,21
168,21,3,1,210,10101,0,1,0,10,8,4,2,21,21,21,21,21,21,21,21,21,21,21,21,21
169,169,0,16,20021,10101001,1,4,1,4,0,16,17,8,24,14,21,5,40,28,10,51,47,35,27,23
170,85,1,1,10011,1010101,1,0,1,8,7,0,9,16,27,23,11,3,42,38,32,26,24,18,14,12
171,171,0,45,20100,10101011,0,1,3,6,2,1,0,10,26,16,23,7,42,30,12,53,49,37,29,25
172,43,2,9,1121,101011,1,3,1,10,4,9,5,20,14,12,6,2,0,43,43,43,43,43,43,43
173,173,0,9,20102,10101101,2,3,5,8,4,3,2,12,28,18,25,9,1,32,14,55,51,39,31,27
174,87,1,9,10020,1010111,0,2,3,10,9,2,11,18,0,25,13,5,1,40,34,28,26,20,16,14
175,175,0,28,20111,10101111,1,0,0,10,6,5,4,14,1,20,27,11,3,34,16,57,53,41,33,29
176,11,4,4,102,1011,2,1,4,0,11,11,11,11,11,11,11,11,11,11,11,11,11,11,11,11
177,177,0,9,20120,10110001,0,2,2,1,8,7,6,16,3,22,29,13,5,36,18,0,55,43,35,31
178,89,1,9,10022,1011001,2,4,5,1,11,4,13,20,2,27,15,7,3,42,36,30,28,22,18,16
179,179,0,9,20122,10110011,2,4,4,3,10,9,8,18,5,24,31,15,7,38,20,2,57,45,37,33
180,45,2,4,1200,101101,0,0,3,1,6,11,7,22,16,14,8,4,2,45,45,45,45,45,45,45
181,181,0,4,20201,10110101,1,1,6,5,12,11,10,20,7,26,33,17,9,40,22,4,59,47,39,35
182,91,1,33,10101,1011011,1,1,0,3,0,6,15,22,4,29,17,9,5,44,38,32,30,24,20,18
183,183,0,33,20210,10110111,0,3,1,7,1,13,12,22,9,28,35,19,11,42,24,6,0,49,41,37
184,23,3,4,212,10111,2,3,2,1,10,6,4,0,23,23,23,23,23,23,23,23,23,23,23,23
185,185,0,14,20212,10111001,2,0,3,9,3,15,14,1,11,30,0,21,13,44,26,8,2,51,43,39
186,93,1,4,10110,1011101,0,3,2,5,2,8,17,1,6,0,19,11,7,46,40,34,32,26,22,20
187,187,0,14,20221,10111011,1,2,5,0,5,0,16,3,13,1,2,23,15,46,28,10,4,53,45,41
188,47,2,38,1202,101111,2,2,5,3,8,13,9,1,18,16,10,6,4,0,47,47,47,47,47,47
189,189,0,38,21000,10111101,0,4,0,2,7,2,18,5,15,3,4,25,17,1,30,12,6,55,47,43
190,95,1,38,10112,1011111,2,0,4,7,4,10,0,3,8,2,21,13,9,1,42,36,34,28,24,22
191,191,0,14,21002,10111111,2,1,2,4,9,4,1,7,17,5,6,27,19,3,32,14,8,57,49,45
192,3,6,2,10,11,0,3,3,3,3,3,3,3,3,3,3,3,3,3,3,3,3,3,3,3
193,193,0,43,21011,11000001,1,3,4,6,11,6,3,9,19,7,8,29,21,5,34,16,10,59,51,47
194,97,1,43,10121,1100001,1,2,6,9,6,12,2,5,10,4,23,15,11,3,44,38,36,30,26,24
195,195,0,43,21020,11000011,0,0,6,8,0,8,5,11,21,9,10,31,23,7,36,18,12,61,53,49
196,49,2,7,1211,110001,1,4,0,5,10,15,11,3,20,18,12,8,6,2,49,49,49,49,49,49
197,197,0,7,21022,11000101,2,2,1,10,2,10,7,13,23,11,12,33,25,9,38,20,14,63,55,51
198,99,1,7,10200,1100011,0,4,1,0,8,14,4,7,12,6,25,17,13,5,46,40,38,32,28,26
199,199,0,43,21101,11000111,1,4,3,1,4,12,9,15,25,13,14,35,27,11,40,22,16,65,57,53
200,25,3,7,221,11001,1,0,4,3,12,8,6,2,25,25,25,25,25,25,25,25,25,25,25,25
201,201,0,4,21110,11001001,0,1,5,3,6,14,11,17,27,15,16,37,29,13,42,24,18,0,59,55
202,101,1,7,10202,1100101,2,1,3,2,10,16,6,9,14,8,27,19,15,7,48,42,40,34,30,28
203,203,0,12,21112,11001011,2,3,0,5,8,16,13,19,0,17,18,39,31,15,44,26,20,2,61,57
204,51,2,7,1220,110011,0,1,2,7,12,0,13,5,22,20,14,10,8,4,51,51,51,51,51,51
205,205,0,7,21121,11001101,1,0,2,7,10,1,15,21,2,19,20,0,33,17,46,28,22,4,63,59
206,103,1,31,10211,1100111,1,3,5,4,12,1,8,11,16,10,29,21,17,9,50,44,42,36,32,30
207,207,0,31,21200,11001111,0,2,4,9,12,3,17,0,4,21,22,2,35,19,48,30,24,6,65,61
208,13,4,2,111,1101,1,3,6,2,0,13,13,13,13,13,13,13,13,13,13,13,13,13,13,13
209,209,0,12,21202,11010001,2,4,6,0,1,5,0,2,6,23,24,4,37,21,50,32,26,8,67,63
210,105,1,12,10220,1101001,0,0,0,6,1,3,10,13,18,12,31,23,19,11,52,46,44,38,34,32
211,211,0,12,21211,11010011,1,1,1,2,3,7,2,4,8,25,26,6,39,23,52,34,28,10,69,65
212,53,2,2,1222,110101,2,3,4,9,1,2,15,7,24,22,16,12,10,6,0,53,53,53,53,53
213,213,0,2,21220,11010101,0,3,3,4,5,9,4,6,10,27,28,8,41,25,1,36,30,12,0,67
214,107,1,36,10222,1101011,2,2,2,8,3,5,12,15,20,14,33,25,21,13,1,48,46,40,36,34
215,215,0,36,21222,11010111,2,0,5,6,7,11,6,8,12,29,30,10,0,27,3,38,32,14,2,69
216,27,3,41,1000,11011,0,2,6,5,1,10,8,4,27,27,27,27,27,27,27,27,27,27,27,27
217,217,0,7,22001,11011001,1,2,0,8,9,13,8,10,14,0,32,12,2,29,5,40,34,16,4,71
218,109,1,41,11001,1101101,1,4,4,10,5,7,14,17,22,16,35,27,23,15,3,50,48,42,38,36
219,219,0,17,22010,11011011,0,4,2,10,11,15,10,12,16,2,34,14,4,31,7,42,36,18,6,0
220,55,2,41,2001,110111,1,0,6,0,3,4,17,9,26,24,18,14,12,8,2,55,55,55,55,55
221,221,0,41,22012,11011101,2,1,4,1,0,0,12,14,18,4,36,16,6,33,9,44,38,20,8,2
222,111,1,24,11010,1101111,0,1,6,1,7,9,16,19,24,18,0,29,25,17,5,52,50,44,40,38
223,223,0,24,22021,11011111,1,3,6,3,2,2,14,16,20,6,1,18,8,35,11,46,40,22,10,4
224,7,5,5,21,111,1,2,0,7,7,7,7,7,7,7,7,7,7,7,7,7,7,7,7,7
225,225,0,17,22100,11100001,0,0,1,5,4,4,16,18,22,8,3,20,10,37,13,48,42,24,12,6
226,113,1,2,11012,1110001,2,3,1,3,9,11,18,21,26,20,2,31,27,19,7,54,52,46,42,40
227,227,0,2,22102,11100011,2,2,3,7,6,6,18,20,24,10,5,22,12,39,15,50,44,26,14,8
228,57,2,10,2010,111001,0,2,1,2,5,6,0,11,28,26,20,16,14,10,4,57,57,57,57,57
229,229,0,10,22111,11100101,1,4,5,9,8,8,1,22,26,12,7,24,14,41,17,52,46,28,16,10
230,115,1,10,11021,1110011,1,0,3,5,11,13,1,0,28,22,4,33,29,21,9,56,54,48,44,42
231,231,0,46,22120,11100111,0,1,0,0,10,10,3,1,28,14,9,26,16,43,19,54,48,30,18,12
232,29,3,5,1002,11101,2,4,1,7,3,12,10,6,0,29,29,29,29,29,29,29,29,29,29,29
233,233,0,29,22122,11101001,2,3,2,2,12,12,5,3,1,16,11,28,18,45,21,56,50,32,20,14
234,117,1,5,11100,1110101,0,2,5,7,0,15,3,2,1,24,6,35,31,23,11,58,56,50,46,44
235,235,0,46,22201,11101011,1,0,4,4,1,14,7,5,3,18,13,30,20,0,23,58,52,34,22,16
236,59,2,10,2012,111011,2,4,3,4,7,8,2,13,1,28,22,18,16,12,6,0,59,59,59,59
237,237,0,10,22210,11101101,0,2,6,6,3,16,9,7,5,20,15,32,22,2,25,1,54,36,24,18
238,119,1,10,11102,1110111,2,4,0,9,2,0,5,4,3,26,8,37,33,25,13,1,58,52,48,46
239,239,0,17,22212,11101111,2,4,1,8,5,1,11,9,7,22,17,34,24,4,27,3,56,38,26,20
240,15,4,5,120,1111,0,0,1,4,2,15,15,15,15,15,15,15,15,15,15,15,15,15,15,15
241,241,0,5,22221,11110001,1,1,3,10,7,3,13,11,9,24,19,36,26,6,29,5,58,40,28,22
242,121,1,34,11111,1111001,1,1,2,0,4,2,7,6,5,28,10,39,35,27,15,3,60,54,50,48
243,243,0,34,100000,11110011,0,3,5,1,9,5,15,13,11,26,21,38,28,8,31,7,60,42,30,24
244,61,2,5,2021,111101,1,1,5,6,9,10,4,15,3,30,24,20,18,14,8,2,0,61,61,61
245,245,0,5,100002,11110101,2,0,0,3,11,7,17,15,13,28,23,40,30,10,33,9,1,44,32,26
246,123,1,15,11120,1111011,0,3,4,2,6,4,9,8,7,30,12,0,37,29,17,5,1,56,52,50
247,247,0,15,100011,11110111,1,2,2,5,0,9,0,17,15,30,25,1,32,12,35,11,3,46,34,28
248,31,3,39,1011,11111,1,1,3,9,5,14,12,8,2,0,31,31,31,31,31,31,31,31,31,31
249,249,0,15,100020,11111001,0,4,4,7,2,11,2,19,17,1,27,3,34,14,37,13,5,48,36,30
250,125,1,39,11122,1111101,2,0,6,4,8,6,11,10,9,1,14,2,39,31,19,7,3,58,54,52
251,251,0,22,100022,11111011,2,1,6,9,4,13,4,21,19,3,29,5,36,16,39,15,7,50,38,32
252,63,2,39,2100,111111,0,3,0,8,11,12,6,17,5,1,26,22,20,16,10,4,2,63,63,63
253,253,0,39,100101,11111101,1,3,1,0,6,15,6,0,21,5,31,7,38,18,41,17,9,52,40,34
254,127,1,15,11201,1111111,1,2,1,6,10,8,13,12,11,3,16,4,41,33,21,9,5,60,56,54
255,255,0,15,100110,11111111,0,0,3,2,8,0,8,2,23,7,33,9,40,20,43,19,11,54,42,36
256,1,8,0,1,1,1,1,1,1,1,1,1,1,1,1,1,1,1,1,1,1,1,1,1,1
257,257,0,44,100112,100000001,2,2,5,4,10,2,10,4,25,9,35,11,42,22,45,21,13,56,44,38
258,129,1,44,11210,10000001,0,4,3,8,12,10,15,14,13,5,18,6,0,35,23,11,7,62,58,56
259,259,0,44,100121,100000011,1,4,0,6,12,4,12,6,27,11,0,13,1,24,47,23,15,58,46,40
260,65,2,8,2102,1000001,2,0,2,10,0,14,8,19,7,3,28,24,22,18,12,6,4,65,65,65
261,261,0,8,100200,100000101,0,1,2,8,1,6,14,8,0,13,2,15,3,26,49,25,17,60,48,42
262,131,1,8,11212,10000011,2,1,5,10,1,12,17,16,15,7,20,8,2,37,25,13,9,64,60,58
263,263,0,27,100202,100000111,2,3,4,10,3,8,16,10,2,15,4,17,5,28,51,27,19,62,50,44
264,33,3,8,1020,100001,0,3,5,0,7,16,14,10,4,2,33,33,33,33,33,33,33,33,33,33
265,265,0,44,100211,100001001,1,0,6,1,5,10,18,12,4,17,6,19,7,30,0,29,21,64,52,46
266,133,1,8,11221,10000101,1,3,0,1,3,14,0,18,17,9,22,10,4,39,27,15,11,66,62,60
267,267,0,5,100220,100001011,0,2,1,3,7,12,1,14,6,19,8,21,9,32,2,31,23,66,54,48
268,67,2,8,2111,1000011,1,2,4,1,2,16,10,21,9,5,30,26,24,20,14,8,6,0,67,67
269,269,0,8,100222,100001101,2,4,3,5,9,14,3,16,8,21,10,23,11,34,4,33,25,1,56,50
270,135,1,13,12000,10000111,0,0,2,3,5,16,2,20,19,11,24,12,6,41,29,17,13,1,64,62
271,271,0,13,101001,100001111,1,1,5,7,11,16,5,18,10,23,12,25,13,36,6,35,27,3,58,52
272,17,4,3,122,10001,2,2,3,6,4,0,17,17,17,17,17,17,17,17,17,17,17,17,17,17
273,273,0,8,101010,100010001,0,3,0,9,0,1,7,20,12,25,14,27,15,38,8,37,29,5,60,54
274,137,1,32,12002,10001001,2,2,4,5,7,1,4,22,21,13,26,14,8,43,31,19,15,3,66,64
275,275,0,32,101012,100010011,2,0,2,0,2,3,9,22,14,27,16,29,17,40,10,39,31,7,62,56
276,69,2,3,2120,1000101,0,4,6,3,4,1,12,0,11,7,32,28,26,22,16,10,8,2,69,69
277,277,0,3,101021,100010101,1,2,4,2,4,5,11,1,16,29,18,31,19,42,12,41,33,9,64,58
278,139,1,13,12011,10001011,1,4,6,7,9,3,6,1,23,15,28,16,10,45,33,21,17,5,68,66
279,279,0,13,101100,100010111,0,4,6,4,6,7,13,3,18,0,20,33,21,44,14,43,35,11,66,60
280,35,3,3,1022,100011,2,0,0,2,9,1,16,12,6,4,35,35,35,35,35,35,35,35,35,35
281,281,0,13,101102,100011001,2,1,1,6,8,9,15,5,20,2,22,35,23,46,16,45,37,13,68,62
282,141,1,3,12020,10001101,0,1,1,9,11,5,8,3,25,17,30,18,12,0,35,23,19,7,70,68
283,283,0,20,101111,100011011,1,3,3,8,10,11,17,7,22,4,24,37,25,1,18,47,39,15,70,64
284,71,2,37,2122,1000111,2,1,1,5,6,3,14,2,13,9,34,30,28,24,18,12,10,4,0,71
285,285,0,37,101120,100011101,0,0,5,10,12,13,0,9,24,6,26,39,27,3,20,49,41,17,1,66
286,143,1,37,12022,10001111,2,3,3,0,0,7,10,5,27,19,32,20,14,2,37,25,21,9,1,70
287,287,0,13,101122,100011111,2,2,0,1,1,15,2,11,26,8,28,0,29,5,22,51,43,19,3,68
288,9,5,6,100,1001,0,4,2,9,9,9,9,9,9,9,9,9,9,9,9,9,9,9,9,9
289,289,0,8,101201,100100001,1,4,2,3,3,0,4,13,28,10,30,2,31,7,24,53,45,21,5,70
290,145,1,42,12101,10010001,1,0,5,2,2,9,12,7,0,21,34,22,16,4,39,27,23,11,3,72
291,291,0,42,101210,100100011,0,1,4,5,5,2,6,15,1,12,32,4,33,9,26,55,47,23,7,72
292,73,2,42,2201,1001001,1,3,3,7,8,5,16,4,15,11,36,32,30,26,20,14,12,6,2,0
293,293,0,42,101212,100100101,2,3,6,7,7,4,8,17,3,14,34,6,35,11,28,57,49,25,9,1
294,147,1,42,12110,10010011,0,2,0,4,4,11,14,9,2,23,36,24,18,6,41,29,25,13,5,1
295,295,0,18,101221,100100111,1,0,1,9,9,6,10,19,5,16,36,8,37,13,30,0,51,27,11,3
296,37,3,6,1101,100101,1,2,2,4,11,3,18,14,8,6,0,37,37,37,37,37,37,37,37,37
297,297,0,25,102000,100101001,0,2,3,0,11,8,12,21,7,18,1,10,39,15,32,2,53,29,13,5
298,149,1,6,12112,10010101,2,4,2,6,6,13,16,11,4,25,1,26,20,8,43,31,27,15,7,3
299,299,0,42,102002,100101011,2,4,5,2,0,10,14,0,9,20,3,12,41,17,34,4,55,31,15,7
300,75,2,3,2210,1001011,0,0,5,9,10,7,18,6,17,13,1,34,32,28,22,16,14,8,4,2
301,301,0,3,102011,100101101,1,1,0,4,2,12,16,2,11,22,5,14,0,19,36,6,57,33,17,9
302,151,1,3,12121,10010111,1,1,4,8,8,15,18,13,6,27,3,28,22,10,45,33,29,17,9,5
303,303,0,13,102020,100101111,0,3,2,6,4,14,18,4,13,24,7,16,2,21,38,8,59,35,19,11
304,19,4,6,201,10011,1,4,5,8,6,2,0,19,19,19,19,19,19,19,19,19,19,19,19,19
305,305,0,11,102022,100110001,2,0,4,8,6,16,1,6,15,26,9,18,4,23,40,10,0,37,21,13
306,153,1,11,12200,10011001,0,3,6,10,10,0,1,15,8,29,5,30,24,12,47,35,31,19,11,7
307,307,0,11,102101,100110011,1,2,6,10,8,1,3,8,17,28,11,20,6,25,42,12,2,39,23,15
308,77,2,6,2212,1001101,2,2,0,0,12,9,1,8,19,15,3,36,34,30,24,18,16,10,6,4
309,309,0,6,102110,100110101,0,4,1,1,10,3,5,10,19,30,13,22,8,27,44,14,4,41,25,17
310,155,1,30,12202,10011011,2,0,1,1,12,2,3,17,10,0,7,32,26,14,49,37,33,21,13,9
311,311,0,30,102112,100110111,2,1,3,3,12,5,7,12,21,1,15,24,10,29,46,16,6,43,27,19
312,39,3,11,1110,100111,0,4,4,6,0,5,1,16,10,8,2,39,39,39,39,39,39,39,39,39
313,313,0,47,102121,100111001,1,3,5,5,1,7,9,14,23,3,17,26,12,31,48,18,8,45,29,21
314,157,1,11,12211,10011101,1,2,3,3,1,4,5,19,12,2,9,34,28,16,51,39,35,23,15,11
315,315,0,11,102200,100111011,0,0,0,7,3,9,11,16,25,5,19,28,14,33,50,20,10,47,31,23
316,79,2,11,2221,1001111,1,4,2,2,1,11,3,10,21,17,5,38,36,32,26,20,18,12,8,6
317,317,0,11,102202,100111101,2,2,2,9,5,11,13,18,27,7,21,30,16,35,52,22,12,49,33,25
318,159,1,18,12220,10011111,0,4,5,5,3,6,7,21,14,4,11,36,30,18,0,41,37,25,17,13
319,319,0,18,102211,100111111,1,4,4,0,7,13,15,20,0,9,23,32,18,37,1,24,14,51,35,27
320,5,6,1,12,101,2,0,5,5,5,5,5,5,5,5,5,5,5,5,5,5,5,5,5,5
321,321,0,6,102220,101000001,0,1,6,2,9,15,17,22,2,11,25,34,20,39,3,26,16,53,37,29
322,161,1,35,12222,10100001,2,1,0,7,5,8,9,0,16,6,13,38,32,20,2,43,39,27,19,15
323,323,0,35,102222,101000011,2,3,1,4,11,0,0,1,4,13,27,36,22,41,5,28,18,55,39,31
324,81,2,6,10000,1010001,0,1,4,4,3,13,5,12,23,19,7,40,38,34,28,22,20,14,10,8
325,325,0,6,110001,101000101,1,0,3,6,0,2,2,3,6,15,29,38,24,43,7,30,20,57,41,33
326,163,1,6,20001,10100011,1,3,2,9,7,10,11,2,18,8,15,40,34,22,4,45,41,29,21,17
327,327,0,52,110010,101000111,0,2,5,8,2,4,4,5,8,17,31,40,26,45,9,32,22,59,43,35
328,41,3,40,1112,101001,2,1,6,8,2,7,3,18,12,10,4,0,41,41,41,41,41,41,41,41
329,329,0,16,110012,101001001,2,4,0,10,4,6,6,7,10,19,33,1,28,0,11,34,24,61,45,37
330,165,1,40,20010,10100101,0,0,4,0,9,12,13,4,20,10,17,1,36,24,6,47,43,31,23,19
331,331,0,6,110021,101001011,1,1,2,1,6,8,8,9,12,21,35,3,30,2,13,36,26,63,47,39
332,83,2,40,10002,1010011,2,3,6,6,5,15,7,14,25,21,9,1,40,36,30,24,22,16,12,10
333,333,0,40,110100,101001101,0,3,4,3,8,10,10,11,14,23,0,5,32,4,15,38,28,65,49,41
334,167,1,23,20012,10100111,2,2,6,2,11,14,15,6,22,12,19,3,38,26,8,49,45,33,25,21
335,335,0,23,110102,101001111,2,0,6,5,10,12,12,13,16,25,2,7,34,6,17,40,30,0,51,43
336,21,4,1,210,10101,0,1,0,10,8,4,2,21,21,21,21,21,21,21,21,21,21,21,21,21
337,337,0,40,110111,101010001,1,2,1,7,12,14,14,15,18,27,4,9,36,8,19,42,32,2,53,45
338,169,1,16,20021,10101001,1,4,1,4,0,16,17,8,24,14,21,5,40,28,10,51,47,35,27,23
339,339,0,16,110120,101010011,0,4,3,9,1,16,16,17,20,29,6,11,38,10,21,44,34,4,55,47
340,85,2,1,10011,1010101,1,0,1,8,7,0,9,16,27,23,11,3,42,38,32,26,24,18,14,12
341,341,0,1,110122,101010101,2,1,5,0,3,1,18,19,22,0,8,13,40,12,23,46,36,6,57,49
342,171,1,45,20100,10101011,0,1,3,6,2,1,0,10,26,16,23,7,42,30,12,53,49,37,29,25
343,343,0,45,110201,101010111,1,3,0,2,5,3,1,21,24,2,10,15,42,14,25,48,38,8,59,51
344,43,3,9,1121,101011,1,3,1,10,4,9,5,20,14,12,6,2,0,43,43,43,43,43,43,43
345,345,0,45,110210,101011001,0,0,2,4,7,5,3,0,26,4,12,17,1,16,27,50,40,10,61,53
346,173,1,9,20102,10101101,2,3,5,8,4,3,2,12,28,18,25,9,1,32,14,55,51,39,31,27
347,347,0,45,110212,101011011,2,2,4,6,9,7,5,2,28,6,14,19,3,18,29,52,42,12,63,55
348,87,2,9,10020,1010111,0,2,3,10,9,2,11,18,0,25,13,5,1,40,34,28,26,20,16,14
349,349,0,9,110221,101011101,1,4,6,8,11,9,7,4,1,8,16,21,5,20,31,54,44,14,65,57
350,175,1,28,20111,10101111,1,0,0,10,6,5,4,14,1,20,27,11,3,34,16,57,53,41,33,29
351,351,0,28,111000,101011111,0,1,1,10,0,11,9,6,3,10,18,23,7,22,33,56,46,16,67,59
352,11,5,4,102,1011,2,1,4,0,11,11,11,11,11,11,11,11,11,11,11,11,11,11,11,11
353,353,0,45,111002,101100001,2,3,3,1,2,13,11,8,5,12,20,25,9,24,35,58,48,18,69,61
354,177,1,9,20120,10110001,0,2,2,1,8,7,6,16,3,22,29,13,5,36,18,0,55,43,35,31
355,355,0,9,111011,101100011,1,0,5,3,4,15,13,10,7,14,22,27,11,26,37,1,50,20,0,63
356,89,2,9,10022,1011001,2,4,5,1,11,4,13,20,2,27,15,7,3,42,36,30,28,22,18,16
357,357,0,9,111020,101100101,0,2,0,5,6,0,15,12,9,16,24,29,13,28,39,3,52,22,2,65
358,179,1,9,20122,10110011,2,4,4,3,10,9,8,18,5,24,31,15,7,38,20,2,57,45,37,33
359,359,0,16,111022,101100111,2,4,2,7,8,2,17,14,11,18,26,31,15,30,41,5,54,24,4,67
360,45,3,4,1200,101101,0,0,3,1,6,11,7,22,16,14,8,4,2,45,45,45,45,45,45,45
361,361,0,14,111101,101101001,1,1,4,9,10,4,0,16,13,20,28,33,17,32,43,7,56,26,6,69
362,181,1,4,20201,10110101,1,1,6,5,12,11,10,20,7,26,33,17,9,40,22,4,59,47,39,35
363,363,0,14,111110,101101011,0,3,6,0,12,6,2,18,15,22,30,35,19,34,45,9,58,28,8,71
364,91,2,33,10101,1011011,1,1,0,3,0,6,15,22,4,29,17,9,5,44,38,32,30,24,20,18
365,365,0,33,111112,101101101,2,0,1,2,1,8,4,20,17,24,32,37,21,36,47,11,60,30,10,0
366,183,1,33,20210,10110111,0,3,1,7,1,13,12,22,9,28,35,19,11,42,24,6,0,49,41,37
367,367,0,14,111121,101101111,1,2,3,4,3,10,6,22,19,26,34,39,23,38,49,13,1,32,12,2
368,23,4,4,212,10111,2,3,2,1,10,6,4,0,23,23,23,23,23,23,23,23,23,23,23,23
369,369,0,4,111200,101110001,0,4,5,6,5,12,8,1,21,28,36,0,25,40,51,15,3,34,14,4
370,185,1,14,20212,10111001,2,0,3,9,3,15,14,1,11,30,0,21,13,44,26,8,2,51,43,39
371,371,0,14,111202,101110011,2,1,0,8,7,14,10,3,23,30,1,2,27,42,0,17,5,36,16,6
372,93,2,4,10110,1011101,0,3,2,5,2,8,17,1,6,0,19,11,7,46,40,34,32,26,22,20
373,373,0,4,111211,101110101,1,3,2,10,9,16,12,5,25,1,3,4,29,44,2,19,7,38,18,8
374,187,1,14,20221,10111011,1,2,5,0,5,0,16,3,13,1,2,23,15,46,28,10,4,53,45,41
375,375,0,14,111220,101110111,0,0,4,1,11,1,14,7,27,3,5,6,31,46,4,21,9,40,20,10
376,47,3,38,1202,101111,2,2,5,3,8,13,9,1,18,16,10,6,4,0,47,47,47,47,47,47
377,377,0,21,111222,101111001,2,2,6,3,0,3,16,9,0,5,7,8,33,1,6,23,11,42,22,12
378,189,1,38,21000,10111101,0,4,0,2,7,2,18,5,15,3,4,25,17,1,30,12,6,55,47,43
379,379,0,19,112001,101111011,1,4,1,5,2,5,18,11,2,7,9,10,35,3,8,25,13,44,24,14
380,95,2,38,10112,1011111,2,0,4,7,4,10,0,3,8,2,21,13,9,1,42,36,34,28,24,22
381,381,0,38,112010,101111101,0,1,3,7,4,7,1,13,4,9,11,12,37,5,10,27,15,46,26,16
382,191,1,14,21002,10111111,2,1,2,4,9,4,1,7,17,5,6,27,19,3,32,14,8,57,49,45
383,383,0,14,112012,101111111,2,3,5,9,6,9,3,15,6,11,13,14,39,7,12,29,17,48,28,18
384,3,7,2,10,11,0,3,3,3,3,3,3,3,3,3,3,3,3,3,3,3,3,3,3,3
385,385,0,9,112021,110000001,1,0,0,0,8,11,5,17,8,13,15,16,41,9,14,31,19,50,30,20
386,193,1,43,21011,11000001,1,3,4,6,11,6,3,9,19,7,8,29,21,5,34,16,10,59,51,47
387,387,0,43,112100,110000011,0,2,2,2,10,13,7,19,10,15,17,18,0,11,16,33,21,52,32,22
388,97,2,43,10121,1100001,1,2,6,9,6,12,2,5,10,4,23,15,11,3,44,38,36,30,26,24
389,389,0,43,112102,110000101,2,4,4,4,12,15,9,21,12,17,19,20,2,13,18,35,23,54,34,24
390,195,1,43,21020,11000011,0,0,6,8,0,8,5,11,21,9,10,31,23,7,36,18,12,61,53,49
391,391,0,43,112111,110000111,1,1,6,6,1,0,11,0,14,19,21,22,4,15,20,37,25,56,36,26
392,49,3,7,1211,110001,1,4,0,5,10,15,11,3,20,18,12,8,6,2,49,49,49,49,49,49
393,393,0,19,112120,110001001,0,3,1,8,3,2,13,2,16,21,23,24,6,17,22,39,27,58,38,28
394,197,1,7,21022,11000101,2,2,1,10,2,10,7,13,23,11,12,33,25,9,38,20,14,63,55,51
395,395,0,26,112122,110001011,2,0,3,10,5,4,15,4,18,23,25,26,8,19,24,41,29,60,40,30
396,99,2,7,10200,1100011,0,4,1,0,8,14,4,7,12,6,25,17,13,5,46,40,38,32,28,26
397,397,0,7,112201,110001101,1,2,5,1,7,6,17,6,20,25,27,28,10,21,26,43,31,62,42,32
398,199,1,43,21101,11000111,1,4,3,1,4,12,9,15,25,13,14,35,27,11,40,22,16,65,57,53
399,399,0,43,112210,110001111,0,4,0,3,9,8,0,8,22,27,29,30,12,23,28,45,33,64,44,34
400,25,4,7,221,11001,1,0,4,3,12,8,6,2,25,25,25,25,25,25,25,25,25,25,25,25
401,401,0,4,112212,110010001,2,1,2,5,11,10,2,10,24,29,31,32,14,25,30,47,35,66,46,36
402,201,1,4,21110,11001001,0,1,5,3,6,14,11,17,27,15,16,37,29,13,42,24,18,0,59,55
403,403,0,4,112221,110010011,1,3,4,7,0,12,4,12,26,0,33,34,16,27,32,49,37,1,48,38
404,101,2,7,10202,1100101,2,1,3,2,10,16,6,9,14,8,27,19,15,7,48,42,40,34,30,28
405,405,0,7,120000,110010101,0,0,6,9,2,14,6,14,28,2,35,36,18,29,34,51,39,3,50,40
406,203,1,12,21112,11001011,2,3,0,5,8,16,13,19,0,17,18,39,31,15,44,26,20,2,61,57
407,407,0,12,120002,110010111,2,2,1,0,4,16,8,16,1,4,0,38,20,31,36,53,41,5,52,42
408,51,3,7,1220,110011,0,1,2,7,12,0,13,5,22,20,14,10,8,4,51,51,51,51,51,51
409,409,0,12,120011,110011001,1,4,3,2,6,1,10,18,3,6,2,40,22,33,38,55,43,7,54,44
410,205,1,7,21121,11001101,1,0,2,7,10,1,15,21,2,19,20,0,33,17,46,28,22,4,63,59
411,411,0,48,120020,110011011,0,1,5,4,8,3,12,20,5,8,4,1,24,35,40,57,45,9,56,46
412,103,2,31,10211,1100111,1,3,5,4,12,1,8,11,16,10,29,21,17,9,50,44,42,36,32,30
413,413,0,31,120022,110011101,2,3,0,6,10,5,14,22,7,10,6,3,26,37,42,0,47,11,58,48
414,207,1,31,21200,11001111,0,2,4,9,12,3,17,0,4,21,22,2,35,19,48,30,24,6,65,61
415,415,0,48,120101,110011111,1,0,2,8,12,7,16,1,9,12,8,5,28,39,44,2,49,13,60,50
416,13,5,2,111,1101,1,3,6,2,0,13,13,13,13,13,13,13,13,13,13,13,13,13,13,13
417,417,0,48,120110,110100001,0,2,4,10,1,9,18,3,11,14,10,7,30,41,46,4,51,15,62,52
418,209,1,12,21202,11010001,2,4,6,0,1,5,0,2,6,23,24,4,37,21,50,32,26,8,67,63
419,419,0,12,120112,110100011,2,4,6,1,3,11,1,5,13,16,12,9,32,43,48,6,53,17,64,54
420,105,2,12,10220,1101001,0,0,0,6,1,3,10,13,18,12,31,23,19,11,52,46,44,38,34,32
421,421,0,12,120121,110100101,1,1,1,3,5,13,3,7,15,18,14,11,34,45,50,8,55,19,66,56
422,211,1,12,21211,11010011,1,1,1,2,3,7,2,4,8,25,26,6,39,23,52,34,28,10,69,65
423,423,0,9,120200,110100111,0,3,3,5,7,15,5,9,17,20,16,13,36,0,52,10,57,21,68,58
424,53,3,2,1222,110101,2,3,4,9,1,2,15,7,24,22,16,12,10,6,0,53,53,53,53,53
425,425,0,19,120202,110101001,2,0,5,7,9,0,7,11,19,22,18,15,38,2,1,12,59,23,70,60
426,213,1,2,21220,11010101,0,3,3,4,5,9,4,6,10,27,28,8,41,25,1,36,30,12,0,67
427,427,0,17,120211,110101011,1,2,0,9,11,2,9,13,21,24,20,17,40,4,3,14,0,25,1,62
428,107,2,36,10222,1101011,2,2,2,8,3,5,12,15,20,14,33,25,21,13,1,48,46,40,36,34
429,429,0,36,120220,110101101,0,4,2,0,0,4,11,15,23,26,22,19,42,6,5,16,2,27,3,64
430,215,1,36,21222,11010111,2,0,5,6,7,11,6,8,12,29,30,10,0,27,3,38,32,14,2,69
431,431,0,12,120222,110101111,2,1,4,2,2,6,13,17,25,28,24,21,1,8,7,18,4,29,5,66
432,27,4,41,1000,11011,0,2,6,5,1,10,8,4,27,27,27,27,27,27,27,27,27,27,27,27
433,433,0,7,121001,110110001,1,3,6,4,4,8,15,19,27,30,26,23,3,10,9,20,6,31,7,68
434,217,1,7,22001,11011001,1,2,0,8,9,13,8,10,14,0,32,12,2,29,5,40,34,16,4,71
435,435,0,7,121010,110110011,0,0,1,6,6,10,17,21,0,1,28,25,5,12,11,22,8,33,9,70
436,109,2,41,11001,1101101,1,4,4,10,5,7,14,17,22,16,35,27,23,15,3,50,48,42,38,36
437,437,0,41,121012,110110101,2,2,3,8,8,12,0,0,2,3,30,27,7,14,13,24,10,35,11,72
438,219,1,17,22010,11011011,0,4,2,10,11,15,10,12,16,2,34,14,4,31,7,42,36,18,6,0
439,439,0,17,121021,110110111,1,4,5,10,10,14,2,2,4,5,32,29,9,16,15,26,12,37,13,1
440,55,3,41,2001,110111,1,0,6,0,3,4,17,9,26,24,18,14,12,8,2,55,55,55,55,55
441,441,0,7,121100,110111001,0,1,0,1,12,16,4,4,6,7,34,31,11,18,17,28,14,39,15,3
442,221,1,41,22012,11011101,2,1,4,1,0,0,12,14,18,4,36,16,6,33,9,44,38,20,8,2
443,443,0,17,121102,110111011,2,3,2,3,1,1,6,6,8,9,36,33,13,20,19,30,16,41,17,5
444,111,2,24,11010,1101111,0,1,6,1,7,9,16,19,24,18,0,29,25,17,5,52,50,44,40,38
445,445,0,24,121111,110111101,1,0,4,5,3,3,8,8,10,11,1,35,15,22,21,32,18,43,19,7
446,223,1,24,22021,11011111,1,3,6,3,2,2,14,16,20,6,1,18,8,35,11,46,40,22,10,4
447,447,0,34,121120,110111111,0,2,6,7,5,5,10,10,12,13,3,37,17,24,23,34,20,45,21,9
448,7,6,5,21,111,1,2,0,7,7,7,7,7,7,7,7,7,7,7,7,7,7,7,7,7
449,449,0,41,121122,111000001,2,4,1,9,7,7,12,12,14,15,5,39,19,26,25,36,22,47,23,11
450,225,1,17,22100,11100001,0,0,1,5,4,4,16,18,22,8,3,20,10,37,13,48,42,24,12,6
451,451,0,17,121201,111000011,1,1,3,0,9,9,14,14,16,17,7,0,21,28,27,38,24,49,25,13
452,113,2,2,11012,1110001,2,3,1,3,9,11,18,21,26,20,2,31,27,19,7,54,52,46,42,40
453,453,0,2,121210,111000101,0,3,5,2,11,11,16,16,18,19,9,2,23,30,29,40,26,51,27,15
454,227,1,2,22102,11100011,2,2,3,7,6,6,18,20,24,10,5,22,12,39,15,50,44,26,14,8
455,455,0,12,121212,111000111,2,0,0,4,0,13,18,18,20,21,11,4,25,32,31,42,28,53,29,17
456,57,3,10,2010,111001,0,2,1,2,5,6,0,11,28,26,20,16,14,10,4,57,57,57,57,57
457,457,0,46,121221,111001001,1,2,2,6,2,15,1,20,22,23,13,6,27,34,33,44,30,55,31,19
458,229,1,10,22111,11100101,1,4,5,9,8,8,1,22,26,12,7,24,14,41,17,52,46,28,16,10
459,459,0,46,122000,111001011,0,4,4,8,4,0,3,22,24,25,15,8,29,36,35,46,32,57,33,21
460,115,2,10,11021,1110011,1,0,3,5,11,13,1,0,28,22,4,33,29,21,9,56,54,48,44,42
461,461,0,10,122002,111001101,2,1,6,10,6,2,5,1,26,27,17,10,31,38,37,48,34,59,35,23
462,231,1,46,22120,11100111,0,1,0,0,10,10,3,1,28,14,9,26,16,43,19,54,48,30,18,12
463,463,0,46,122011,111001111,1,3,1,1,8,4,7,3,28,29,19,12,33,40,39,50,36,61,37,25
464,29,4,5,1002,11101,2,4,1,7,3,12,10,6,0,29,29,29,29,29,29,29,29,29,29,29
465,465,0,10,122020,111010001,0,0,3,3,10,6,9,5,1,0,21,14,35,42,41,52,38,63,39,27
466,233,1,29,22122,11101001,2,3,2,2,12,12,5,3,1,16,11,28,18,45,21,56,50,32,20,14
467,467,0,29,122022,111010011,2,2,5,5,12,8,11,7,3,2,23,16,37,44,43,54,40,65,41,29
468,117,2,5,11100,1110101,0,2,5,7,0,15,3,2,1,24,6,35,31,23,11,58,56,50,46,44
469,469,0,5,122101,111010101,1,4,0,7,1,10,13,9,5,4,25,18,39,46,45,56,42,0,43,31
470,235,1,46,22201,11101011,1,0,4,4,1,14,7,5,3,18,13,30,20,0,23,58,52,34,22,16
471,471,0,46,122110,111010111,0,1,2,9,3,12,15,11,7,6,27,20,41,1,47,58,44,2,45,33
472,59,3,10,2012,111011,2,4,3,4,7,8,2,13,1,28,22,18,16,12,6,0,59,59,59,59
473,473,0,10,122112,111011001,2,3,4,0,5,14,17,13,9,8,29,22,0,3,49,1,46,4,47,35
474,237,1,10,22210,11101101,0,2,6,6,3,16,9,7,5,20,15,32,22,2,25,1,54,36,24,18
475,475,0,7,122121,111011011,1,0,6,2,7,16,0,15,11,10,31,24,2,5,51,3,48,6,49,37
476,119,2,10,11102,1110111,2,4,0,9,2,0,5,4,3,26,8,37,33,25,13,1,58,52,48,46
477,477,0,10,122200,111011101,0,2,1,4,9,1,2,17,13,12,33,26,4,7,0,5,50,8,51,39
478,239,1,17,22212,11101111,2,4,1,8,5,1,11,9,7,22,17,34,24,4,27,3,56,38,26,20
479,479,0,17,122202,111011111,2,4,3,6,11,3,4,19,15,14,35,28,6,9,2,7,52,10,53,41
480,15,5,5,120,1111,0,0,1,4,2,15,15,15,15,15,15,15,15,15,15,15,15,15,15,15
481,481,0,15,122211,111100001,1,1,5,8,0,5,6,21,17,16,0,30,8,11,4,9,54,12,55,43
482,241,1,5,22221,11110001,1,1,3,10,7,3,13,11,9,24,19,36,26,6,29,5,58,40,28,22
483,483,0,5,122220,111100011,0,3,0,10,2,7,8,0,19,18,2,32,10,13,6,11,56,14,57,45
484,121,2,34,11111,1111001,1,1,2,0,4,2,7,6,5,28,10,39,35,27,15,3,60,54,50,48
485,485,0,34,122222,111100101,2,0,2,1,4,9,10,2,21,20,4,34,12,15,8,13,58,16,59,47
486,243,1,34,100000,11110011,0,3,5,1,9,5,15,13,11,26,21,38,28,8,31,7,60,42,30,24
487,487,0,51,200001,111100111,1,2,4,3,6,11,12,4,23,22,6,36,14,17,10,15,60,18,61,49
488,61,3,5,2021,111101,1,1,5,6,9,10,4,15,3,30,24,20,18,14,8,2,0,61,61,61
489,489,0,15,200010,111101001,0,4,6,5,8,13,14,6,25,24,8,38,16,19,12,17,1,20,63,51
490,245,1,5,100002,11110101,2,0,0,3,11,7,17,15,13,28,23,40,30,10,33,9,1,44,32,26
491,491,0,51,200012,111101011,2,1,1,7,10,15,16,8,27,26,10,40,18,21,14,19,3,22,65,53
492,123,2,15,11120,1111011,0,3,4,2,6,4,9,8,7,30,12,0,37,29,17,5,1,56,52,50
493,493,0,15,200021,111101101,1,3,3,9,12,0,18,10,0,28,12,1,20,23,16,21,5,24,67,55
494,247,1,15,100011,11110111,1,2,2,5,0,9,0,17,15,30,25,1,32,12,35,11,3,46,34,28
495,495,0,34,200100,111101111,0,0,5,0,1,2,1,12,2,30,14,3,22,25,18,23,7,26,69,57
496,31,4,39,1011,11111,1,1,3,9,5,14,12,8,2,0,31,31,31,31,31,31,31,31,31,31
497,497,0,5,200102,111110001,2,2,0,2,3,4,3,14,4,1,16,5,24,27,20,25,9,28,0,59
498,249,1,15,100020,11111001,0,4,4,7,2,11,2,19,17,1,27,3,34,14,37,13,5,48,36,30
499,499,0,15,200111,111110011,1,4,2,4,5,6,5,16,6,3,18,7,26,29,22,27,11,30,2,61
500,125,2,39,11122,1111101,2,0,6,4,8,6,11,10,9,1,14,2,39,31,19,7,3,58,54,52
501,501,0,39,200120,111110101,0,1,4,6,7,8,7,18,8,5,20,9,28,31,24,29,13,32,4,63
502,251,1,22,100022,11111011,2,1,6,9,4,13,4,21,19,3,29,5,36,16,39,15,7,50,38,32
503,503,0,22,200122,111110111,2,3,6,8,9,10,9,20,10,7,22,11,30,33,26,31,15,34,6,65
504,63,3,39,2100,111111,0,3,0,8,11,12,6,17,5,1,26,22,20,16,10,4,2,63,63,63
505,505,0,20,200201,111111001,1,0,1,10,11,12,11,22,12,9,24,13,32,35,28,33,17,36,8,67
506,253,1,39,100101,11111101,1,3,1,0,6,15,6,0,21,5,31,7,38,18,41,17,9,52,40,34
507,507,0,10,200210,111111011,0,2,3,1,0,14,13,1,14,11,26,15,34,37,30,35,19,38,10,69
508,127,2,15,11201,1111111,1,2,1,6,10,8,13,12,11,3,16,4,41,33,21,9,5,60,56,54
509,509,0,15,200212,111111101,2,4,5,3,2,16,15,3,16,13,28,17,36,39,32,37,21,40,12,71
510,255,1,15,100110,11111111,0,0,3,2,8,0,8,2,23,7,33,9,40,20,43,19,11,54,42,36
511,511,0,20,200221,111111111,1,1,0,5,4,1,17,5,18,15,30,19,38,41,34,39,23,42,14,0
512,1,9,0,1,1,1,1,1,1,1,1,1,1,1,1,1,1,1,1,1,1,1,1,1,1
513,513,0,10,201000,1000000001,0,3,2,7,6,3,0,7,20,17,32,21,40,43,36,41,25,44,16,2
514,257,1,44,100112,100000001,2,2,5,4,10,2,10,4,25,9,35,11,42,22,45,21,13,56,44,38
515,515,0,44,201002,1000000011,2,0,4,9,8,5,2,9,22,19,34,23,42,45,38,43,27,46,18,4
516,129,2,44,11210,10000001,0,4,3,8,12,10,15,14,13,5,18,6,0,35,23,11,7,62,58,56
517,517,0,44,201011,1000000101,1,2,6,0,10,7,4,11,24,21,36,25,1,0,40,45,29,48,20,6
518,259,1,44,100121,100000011,1,4,0,6,12,4,12,6,27,11,0,13,1,24,47,23,15,58,46,40
519,519,0,20,201020,1000000111,0,4,1,2,12,9,6,13,26,23,1,27,3,2,42,47,31,50,22,8
520,65,3,8,2102,1000001,2,0,2,10,0,14,8,19,7,3,28,24,22,18,12,6,4,65,65,65
521,521,0,44,201022,1000001001,2,1,3,4,1,11,8,15,28,25,3,29,5,4,44,49,33,52,24,10
522,261,1,8,100200,100000101,0,1,2,8,1,6,14,8,0,13,2,15,3,26,49,25,17,60,48,42
523,523,0,44,201101,1000001011,1,3,5,6,3,13,10,17,1,27,5,31,7,6,46,51,35,54,26,12
524,131,2,8,11212,10000011,2,1,5,10,1,12,17,16,15,7,20,8,2,37,25,13,9,64,60,58
525,525,0,8,201110,1000001101,0,0,0,8,5,15,12,19,3,29,7,33,9,8,48,53,37,56,28,14
526,263,1,27,100202,100000111,2,3,4,10,3,8,16,10,2,15,4,17,5,28,51,27,19,62,50,44
527,527,0,27,201112,1000001111,2,2,2,10,7,0,14,21,5,0,9,35,11,10,50,55,39,58,30,16
528,33,4,8,1020,100001,0,3,5,0,7,16,14,10,4,2,33,33,33,33,33,33,33,33,33,33
529,529,0,8,201121,1000010001,1,4,4,1,9,2,16,0,7,2,11,37,13,12,52,57,41,60,32,18
530,265,1,44,100211,100001001,1,0,6,1,5,10,18,12,4,17,6,19,7,30,0,29,21,64,52,46
531,531,0,44,201200,1000010011,0,1,6,3,11,4,18,2,9,4,13,39,15,14,1,0,43,62,34,20
532,133,2,8,11221,10000101,1,3,0,1,3,14,0,18,17,9,22,10,4,39,27,15,11,66,62,60
533,533,0,8,201202,1000010101,2,3,1,5,0,6,1,4,11,6,15,0,17,16,3,2,45,64,36,22
534,267,1,5,100220,100001011,0,2,1,3,7,12,1,14,6,19,8,21,9,32,2,31,23,66,54,48
535,535,0,5,201211,1000010111,1,0,3,7,2,8,3,6,13,8,17,2,19,18,5,4,47,66,38,24
536,67,3,8,2111,1000011,1,2,4,1,2,16,10,21,9,5,30,26,24,20,14,8,6,0,67,67
537,537,0,5,201220,1000011001,0,2,5,9,4,10,5,8,15,10,19,4,21,20,7,6,49,1,40,26
538,269,1,8,100222,100001101,2,4,3,5,9,14,3,16,8,21,10,23,11,34,4,33,25,1,56,50
539,539,0,15,201222,1000011011,2,4,0,0,6,12,7,10,17,12,21,6,23,22,9,8,51,3,42,28
540,135,2,13,12000,10000111,0,0,2,3,5,16,2,20,19,11,24,12,6,41,29,17,13,1,64,62
541,541,0,13,202001,1000011101,1,1,2,2,8,14,9,12,19,14,23,8,25,24,11,10,53,5,44,30
542,271,1,13,101001,100001111,1,1,5,7,11,16,5,18,10,23,12,25,13,36,6,35,27,3,58,52
543,543,0,49,202010,1000011111,0,3,4,4,10,16,11,14,21,16,25,10,27,26,13,12,55,7,46,32
544,17,5,3,122,10001,2,2,3,6,4,0,17,17,17,17,17,17,17,17,17,17,17,17,17,17
545,545,0,13,202012,1000100001,2,0,6,6,12,1,13,16,23,18,27,12,29,28,15,14,57,9,48,34
546,273,1,8,101010,100010001,0,3,0,9,0,1,7,20,12,25,14,27,15,38,8,37,29,5,60,54
547,547,0,8,202021,1000100011,1,2,1,8,1,3,15,18,25,20,29,14,31,30,17,16,59,11,50,36
548,137,2,32,12002,10001001,2,2,4,5,7,1,4,22,21,13,26,14,8,43,31,19,15,3,66,64
549,549,0,32,202100,1000100101,0,4,3,10,3,5,17,20,27,22,31,16,33,32,19,18,0,13,52,38
550,275,1,32,101012,100010011,2,0,2,0,2,3,9,22,14,27,16,29,17,40,10,39,31,7,62,56
551,551,0,13,202102,1000100111,2,1,5,1,5,7,0,22,0,24,33,18,35,34,21,20,2,15,54,40
552,69,3,3,2120,1000101,0,4,6,3,4,1,12,0,11,7,32,28,26,22,16,10,8,2,69,69
553,553,0,49,202111,1000101001,1,3,0,3,7,9,2,1,2,26,35,20,37,36,23,22,4,17,56,42
554,277,1,3,101021,100010101,1,2,4,2,4,5,11,1,16,29,18,31,19,42,12,41,33,9,64,58
555,555,0,8,202120,1000101011,0,0,2,5,9,11,4,3,4,28,0,22,39,38,25,24,6,19,58,44
556,139,2,13,12011,10001011,1,4,6,7,9,3,6,1,23,15,28,16,10,45,33,21,17,5,68,66
557,557,0,13,202122,1000101101,2,2,4,7,11,13,6,5,6,30,2,24,41,40,27,26,8,21,60,46
558,279,1,13,101100,100010111,0,4,6,4,6,7,13,3,18,0,20,33,21,44,14,43,35,11,66,60
559,559,0,30,202201,1000101111,1,4,6,9,0,15,8,7,8,1,4,26,0,42,29,28,10,23,62,48
560,35,4,3,1022,100011,2,0,0,2,9,1,16,12,6,4,35,35,35,35,35,35,35,35,35,35
561,561,0,13,202210,1000110001,0,1,1,0,2,0,10,9,10,3,6,28,2,44,31,30,12,25,64,50
562,281,1,13,101102,100011001,2,1,1,6,8,9,15,5,20,2,22,35,23,46,16,45,37,13,68,62
563,563,0,13,202212,1000110011,2,3,3,2,4,2,12,11,12,5,8,30,4,46,33,32,14,27,66,52
564,141,2,3,12020,10001101,0,1,1,9,11,5,8,3,25,17,30,18,12,0,35,23,19,7,70,68
565,565,0,3,202221,1000110101,1,0,5,4,6,4,14,13,14,7,10,32,6,1,35,34,16,29,68,54
566,283,1,20,101111,100011011,1,3,3,8,10,11,17,7,22,4,24,37,25,1,18,47,39,15,70,64
567,567,0,20,210000,1000110111,0,2,0,6,8,6,16,15,16,9,12,34,8,3,37,36,18,31,70,56
568,71,3,37,2122,1000111,2,1,1,5,6,3,14,2,13,9,34,30,28,24,18,12,10,4,0,71
569,569,0,18,210002,1000111001,2,4,2,8,10,8,18,17,18,11,14,36,10,5,39,38,20,33,1,58
570,285,1,37,101120,100011101,0,0,5,10,12,13,0,9,24,6,26,39,27,3,20,49,41,17,1,66
571,571,0,8,210011,1000111011,1,1,4,10,12,10,1,19,20,13,16,38,12,7,41,40,22,35,3,60
572,143,2,37,12022,10001111,2,3,3,0,0,7,10,5,27,19,32,20,14,2,37,25,21,9,1,70
573,573,0,37,210020,1000111101,0,3,6,1,1,12,3,21,22,15,18,40,14,9,43,42,24,37,5,62
574,287,1,13,101122,100011111,2,2,0,1,1,15,2,11,26,8,28,0,29,5,22,51,43,19,3,68
575,575,0,13,210022,1000111111,2,0,1,3,3,14,5,0,24,17,20,1,16,11,45,44,26,39,7,64
576,9,6,6,100,1001,0,4,2,9,9,9,9,9,9,9,9,9,9,9,9,9,9,9,9,9
577,577,0,8,210101,1001000001,1,2,3,5,5,16,7,2,26,19,22,3,18,13,47,46,28,41,9,66
578,289,1,8,101201,100100001,1,4,2,3,3,0,4,13,28,10,30,2,31,7,24,53,45,21,5,70
579,579,0,8,210110,1001000011,0,4,5,7,7,1,9,4,28,21,24,5,20,15,49,48,30,43,11,68
580,145,2,42,12101,10010001,1,0,5,2,2,9,12,7,0,21,34,22,16,4,39,27,23,11,3,72
581,581,0,42,210112,1001000101,2,1,0,9,9,3,11,6,1,23,26,7,22,17,51,50,32,45,13,70
582,291,1,42,101210,100100011,0,1,4,5,5,2,6,15,1,12,32,4,33,9,26,55,47,23,7,72
583,583,0,8,210121,1001000111,1,3,2,0,11,5,13,8,3,25,28,9,24,19,0,52,34,47,15,72
584,73,3,42,2201,1001001,1,3,3,7,8,5,16,4,15,11,36,32,30,26,20,14,12,6,2,0
585,585,0,18,210200,1001001001,0,0,4,2,0,7,15,10,5,27,30,11,26,21,2,54,36,49,17,1
586,293,1,42,101212,100100101,2,3,6,7,7,4,8,17,3,14,34,6,35,11,28,57,49,25,9,1
587,587,0,42,210202,1001001011,2,2,6,4,2,9,17,12,7,29,32,13,28,23,4,56,38,51,19,3
588,147,2,42,12110,10010011,0,2,0,4,4,11,14,9,2,23,36,24,18,6,41,29,25,13,5,1
589,589,0,42,210211,1001001101,1,4,1,6,4,11,0,14,9,0,34,15,30,25,6,58,40,53,21,5
590,295,1,18,101221,100100111,1,0,1,9,9,6,10,19,5,16,36,8,37,13,30,0,51,27,11,3
591,591,0,18,210220,1001001111,0,1,3,8,6,13,2,16,11,2,36,17,32,27,8,1,42,55,23,7
592,37,4,6,1101,100101,1,2,2,4,11,3,18,14,8,6,0,37,37,37,37,37,37,37,37,37
593,593,0,25,210222,1001010001,2,3,5,10,8,15,4,18,13,4,1,19,34,29,10,3,44,57,25,9
594,297,1,25,102000,100101001,0,2,3,0,11,8,12,21,7,18,1,10,39,15,32,2,53,29,13,5
595,595,0,25,211001,1001010011,1,0,0,1,10,0,6,20,15,6,3,21,36,31,12,5,46,59,27,11
596,149,2,6,12112,10010101,2,4,2,6,6,13,16,11,4,25,1,26,20,8,43,31,27,15,7,3
597,597,0,6,211010,1001010101,0,2,2,3,12,2,8,22,17,8,5,23,38,33,14,7,48,61,29,13
598,299,1,42,102002,100101011,2,4,5,2,0,10,14,0,9,20,3,12,41,17,34,4,55,31,15,7
599,599,0,42,211012,1001010111,2,4,4,5,1,4,10,1,19,10,7,25,40,35,16,9,50,63,31,15
600,75,3,3,2210,1001011,0,0,5,9,10,7,18,6,17,13,1,34,32,28,22,16,14,8,4,2
601,601,0,18,211021,1001011001,1,1,6,7,3,6,12,3,21,12,9,27,42,37,18,11,52,65,33,17
602,301,1,3,102011,100101101,1,1,0,4,2,12,16,2,11,22,5,14,0,19,36,6,57,33,17,9
603,603,0,23,211100,1001011011,0,3,1,9,5,8,14,5,23,14,11,29,1,39,20,13,54,0,35,19
604,151,2,3,12121,10010111,1,1,4,8,8,15,18,13,6,27,3,28,22,10,45,33,29,17,9,5
605,605,0,3,211102,1001011101,2,0,3,0,7,10,16,7,25,16,13,31,3,41,22,15,56,2,37,21
606,303,1,13,102020,100101111,0,3,2,6,4,14,18,4,13,24,7,16,2,21,38,8,59,35,19,11
607,607,0,13,211111,1001011111,1,2,5,2,9,12,18,9,27,18,15,33,5,43,24,17,58,4,39,23
608,19,5,6,201,10011,1,4,5,8,6,2,0,19,19,19,19,19,19,19,19,19,19,19,19,19
609,609,0,47,211120,1001100001,0,4,0,4,11,14,1,11,0,20,17,35,7,45,26,19,60,6,41,25
610,305,1,11,102022,100110001,2,0,4,8,6,16,1,6,15,26,9,18,4,23,40,10,0,37,21,13
611,611,0,11,211122,1001100011,2,1,2,6,0,16,3,13,2,22,19,37,9,0,28,21,1,8,43,27
612,153,2,11,12200,10011001,0,3,6,10,10,0,1,15,8,29,5,30,24,12,47,35,31,19,11,7
613,613,0,11,211201,1001100101,1,3,4,8,2,1,5,15,4,24,21,39,11,2,30,23,3,10,45,29
614,307,1,11,102101,100110011,1,2,6,10,8,1,3,8,17,28,11,20,6,25,42,12,2,39,23,15
615,615,0,23,211210,1001100111,0,0,6,10,4,3,7,17,6,26,23,0,13,4,32,25,5,12,47,31
616,77,3,6,2212,1001101,2,2,0,0,12,9,1,8,19,15,3,36,34,30,24,18,16,10,6,4
617,617,0,47,211212,1001101001,2,2,1,1,6,5,9,19,8,28,25,2,15,6,34,27,7,14,49,33
618,309,1,6,102110,100110101,0,4,1,1,10,3,5,10,19,30,13,22,8,27,44,14,4,41,25,17
619,619,0,47,211221,1001101011,1,4,3,3,8,7,11,21,10,30,27,4,17,8,36,29,9,16,51,35
620,155,2,30,12202,10011011,2,0,1,1,12,2,3,17,10,0,7,32,26,14,49,37,33,21,13,9
621,621,0,30,212000,1001101101,0,1,5,5,10,9,13,0,12,1,29,6,19,10,38,31,11,18,53,37
622,311,1,30,102112,100110111,2,1,3,3,12,5,7,12,21,1,15,24,10,29,46,16,6,43,27,19
623,623,0,47,212002,1001101111,2,3,0,7,12,11,15,2,14,3,31,8,21,12,40,33,13,20,55,39
624,39,4,11,1110,100111,0,4,4,6,0,5,1,16,10,8,2,39,39,39,39,39,39,39,39,39
625,625,0,6,212011,1001110001,1,0,2,9,1,13,17,4,16,5,33,10,23,14,42,35,15,22,57,41
626,313,1,47,102121,100111001,1,3,5,5,1,7,9,14,23,3,17,26,12,31,48,18,8,45,29,21
627,627,0,47,212020,1001110011,0,2,4,0,3,15,0,6,18,7,35,12,25,16,44,37,17,24,59,43
628,157,2,11,12211,10011101,1,2,3,3,1,4,5,19,12,2,9,34,28,16,51,39,35,23,15,11
629,629,0,11,212022,1001110101,2,4,6,2,5,0,2,8,20,9,0,14,27,18,46,39,19,26,61,45
630,315,1,11,102200,100111011,0,0,0,7,3,9,11,16,25,5,19,28,14,33,50,20,10,47,31,23
631,631,0,11,212101,1001110111,1,1,1,4,7,2,4,10,22,11,2,16,29,20,48,41,21,28,63,47
632,79,3,11,2221,1001111,1,4,2,2,1,11,3,10,21,17,5,38,36,32,26,20,18,12,8,6
633,633,0,8,212110,1001111001,0,3,3,6,9,4,6,12,24,13,4,18,31,22,50,43,23,30,65,49
634,317,1,11,102202,100111101,2,2,2,9,5,11,13,18,27,7,21,30,16,35,52,22,12,49,33,25
635,635,0,8,212112,1001111011,2,0,5,8,11,6,8,14,26,15,6,20,33,24,52,45,25,32,67,51
636,159,2,18,12220,10011111,0,4,5,5,3,6,7,21,14,4,11,36,30,18,0,41,37,25,17,13
637,637,0,18,212121,1001111101,1,2,0,10,0,8,10,16,28,17,8,22,35,26,1,47,27,34,69,53
638,319,1,18,102211,100111111,1,4,4,0,7,13,15,20,0,9,23,32,18,37,1,24,14,51,35,27
639,639,0,47,212200,1001111111,0,4,2,1,2,10,12,18,1,19,10,24,37,28,3,49,29,36,0,55
640,5,7,1,12,101,2,0,5,5,5,5,5,5,5,5,5,5,5,5,5,5,5,5,5,5
641,641,0,16,212202,1010000001,2,1,4,3,4,12,14,20,3,21,12,26,39,30,5,51,31,38,2,57
642,321,1,6,102220,101000001,0,1,6,2,9,15,17,22,2,11,25,34,20,39,3,26,16,53,37,29
643,643,0,6,212211,1010000011,1,3,6,5,6,14,16,22,5,23,14,28,41,32,7,53,33,40,4,59
644,161,2,35,12222,10100001,2,1,0,7,5,8,9,0,16,6,13,38,32,20,2,43,39,27,19,15
645,645,0,35,212220,1010000101,0,0,1,7,8,16,18,1,7,25,16,30,0,34,9,55,35,42,6,61
646,323,1,35,102222,101000011,2,3,1,4,11,0,0,1,4,13,27,36,22,41,5,28,18,55,39,31
647,647,0,11,212222,1010000111,2,2,3,9,10,1,1,3,9,27,18,32,2,36,11,57,37,44,8,63
648,81,3,6,10000,1010001,0,1,4,4,3,13,5,12,23,19,7,40,38,34,28,22,20,14,10,8
649,649,0,52,220001,1010001001,1,4,5,0,12,3,3,5,11,29,20,34,4,38,13,0,39,46,10,65
650,325,1,6,110001,101000101,1,0,3,6,0,2,2,3,6,15,29,38,24,43,7,30,20,57,41,33
651,651,0,35,220010,1010001011,0,1,0,2,1,5,5,7,13,0,22,36,6,40,15,2,41,48,12,67
652,163,2,6,20001,10100011,1,3,2,9,7,10,11,2,18,8,15,40,34,22,4,45,41,29,21,17
653,653,0,6,220012,1010001101,2,3,2,4,3,7,7,9,15,2,24,38,8,42,17,4,43,50,14,69
654,327,1,52,110010,101000111,0,2,5,8,2,4,4,5,8,17,31,40,26,45,9,32,22,59,43,35
655,655,0,52,220021,1010001111,1,0,4,6,5,9,9,11,17,4,26,40,10,44,19,6,45,52,16,71
656,41,4,40,1112,101001,2,1,6,8,2,7,3,18,12,10,4,0,41,41,41,41,41,41,41,41
657,657,0,16,220100,1010010001,0,2,6,8,7,11,11,13,19,6,28,1,12,46,21,8,47,54,18,0
658,329,1,16,110012,101001001,2,4,0,10,4,6,6,7,10,19,33,1,28,0,11,34,24,61,45,37
659,659,0,16,220102,1010010011,2,4,1,10,9,13,13,15,21,8,30,3,14,1,23,10,49,56,20,2
660,165,2,40,20010,10100101,0,0,4,0,9,12,13,4,20,10,17,1,36,24,6,47,43,31,23,19
661,661,0,40,220111,1010010101,1,1,3,1,11,15,15,17,23,10,32,5,16,3,25,12,51,58,22,4
662,331,1,6,110021,101001011,1,1,2,1,6,8,8,9,12,21,35,3,30,2,13,36,26,63,47,39
663,663,0,6,220120,1010010111,0,3,5,3,0,0,17,19,25,12,34,7,18,5,27,14,53,60,24,6
664,83,3,40,10002,1010011,2,3,6,6,5,15,7,14,25,21,9,1,40,36,30,24,22,16,12,10
665,665,0,16,220122,1010011001,2,0,0,5,2,2,0,21,27,14,36,9,20,7,29,16,55,62,26,8
666,333,1,40,110100,101001101,0,3,4,3,8,10,10,11,14,23,0,5,32,4,15,38,28,65,49,41
667,667,0,52,220201,1010011011,1,2,2,7,4,4,2,0,0,16,1,11,22,9,31,18,57,64,28,10
668,167,2,23,20012,10100111,2,2,6,2,11,14,15,6,22,12,19,3,38,26,8,49,45,33,25,21
669,669,0,23,220210,1010011101,0,4,4,9,6,6,4,2,2,18,3,13,24,11,33,20,59,66,30,12
670,335,1,23,110102,101001111,2,0,6,5,10,12,12,13,16,25,2,7,34,6,17,40,30,0,51,43
671,671,0,33,220212,1010011111,2,1,6,0,8,8,6,4,4,20,5,15,26,13,35,22,0,1,32,14
672,21,5,1,210,10101,0,1,0,10,8,4,2,21,21,21,21,21,21,21,21,21,21,21,21,21
673,673,0,21,220221,1010100001,1,3,1,2,10,10,8,6,6,22,7,17,28,15,37,24,2,3,34,16
674,337,1,40,110111,101010001,1,2,1,7,12,14,14,15,18,27,4,9,36,8,19,42,32,2,53,45
675,675,0,40,221000,1010100011,0,0,3,4,12,12,10,8,8,24,9,19,30,17,39,26,4,5,36,18
676,169,2,16,20021,10101001,1,4,1,4,0,16,17,8,24,14,21,5,40,28,10,51,47,35,27,23
677,677,0,16,221002,1010100101,2,2,5,6,1,14,12,10,10,26,11,21,32,19,41,28,6,7,38,20
678,339,1,16,110120,101010011,0,4,3,9,1,16,16,17,20,29,6,11,38,10,21,44,34,4,55,47
679,679,0,21,221011,1010100111,1,4,0,8,3,16,14,12,12,28,13,23,34,21,43,30,8,9,40,22
680,85,3,1,10011,1010101,1,0,1,8,7,0,9,16,27,23,11,3,42,38,32,26,24,18,14,12
681,681,0,21,221020,1010101001,0,1,2,10,5,1,16,14,14,30,15,25,36,23,45,32,10,11,42,24
682,341,1,1,110122,101010101,2,1,5,0,3,1,18,19,22,0,8,13,40,12,23,46,36,6,57,49
683,683,0,11,221022,1010101011,2,3,4,1,7,3,18,16,16,1,17,27,38,25,47,34,12,13,44,26
684,171,2,45,20100,10101011,0,1,3,6,2,1,0,10,26,16,23,7,42,30,12,53,49,37,29,25
685,685,0,45,221101,1010101101,1,0,6,3,9,5,1,18,18,3,19,29,40,27,49,36,14,15,46,28
686,343,1,45,110201,101010111,1,3,0,2,5,3,1,21,24,2,10,15,42,14,25,48,38,8,59,51
687,687,0,11,221110,1010101111,0,2,1,5,11,7,3,20,20,5,21,31,42,29,51,38,16,17,48,30
688,43,4,9,1121,101011,1,3,1,10,4,9,5,20,14,12,6,2,0,43,43,43,43,43,43,43
689,689,0,45,221112,1010110001,2,4,3,7,0,9,5,22,22,7,23,33,1,31,0,40,18,19,50,32
690,345,1,45,110210,101011001,0,0,2,4,7,5,3,0,26,4,12,17,1,16,27,50,40,10,61,53
691,691,0,45,221121,1010110011,1,1,5,9,2,11,7,1,24,9,25,35,3,33,2,42,20,21,52,34
692,173,2,9,20102,10101101,2,3,5,8,4,3,2,12,28,18,25,9,1,32,14,55,51,39,31,27
693,693,0,9,221200,1010110101,0,3,0,0,4,13,9,3,26,11,27,37,5,35,4,44,22,23,54,36
694,347,1,45,110212,101011011,2,2,4,6,9,7,5,2,28,6,14,19,3,18,29,52,42,12,63,55
695,695,0,45,221202,1010110111,2,0,2,2,6,15,11,5,28,13,29,39,7,37,6,46,24,25,56,38
696,87,3,9,10020,1010111,0,2,3,10,9,2,11,18,0,25,13,5,1,40,34,28,26,20,16,14
697,697,0,45,221211,1010111001,1,2,4,4,8,0,13,7,1,15,31,0,9,39,8,48,26,27,58,40
698,349,1,9,110221,101011101,1,4,6,8,11,9,7,4,1,8,16,21,5,20,31,54,44,14,65,57
699,699,0,21,221220,1010111011,0,4,6,6,10,2,15,9,3,17,33,2,11,41,10,50,28,29,60,42
700,175,2,28,20111,10101111,1,0,0,10,6,5,4,14,1,20,27,11,3,34,16,57,53,41,33,29
701,701,0,28,221222,1010111101,2,1,1,8,12,4,17,11,5,19,35,4,13,43,12,52,30,31,62,44
702,351,1,28,111000,101011111,0,1,1,10,0,11,9,6,3,10,18,23,7,22,33,56,46,16,67,59
703,703,0,62,222001,1010111111,1,3,3,10,1,6,0,13,7,21,0,6,15,45,14,54,32,33,64,46
704,11,6,4,102,1011,2,1,4,0,11,11,11,11,11,11,11,11,11,11,11,11,11,11,11,11
705,705,0,9,222010,1011000001,0,0,5,1,3,8,2,15,9,23,2,8,17,0,16,56,34,35,66,48
706,353,1,45,111002,101100001,2,3,3,1,2,13,11,8,5,12,20,25,9,24,35,58,48,18,69,61
707,707,0,45,222012,1011000011,2,2,0,3,5,10,4,17,11,25,4,10,19,2,18,58,36,37,68,50
708,177,2,9,20120,10110001,0,2,2,1,8,7,6,16,3,22,29,13,5,36,18,0,55,43,35,31
709,709,0,9,222021,1011000101,1,4,2,5,7,12,6,19,13,27,6,12,21,4,20,1,38,39,70,52
710,355,1,9,111011,101100011,1,0,5,3,4,15,13,10,7,14,22,27,11,26,37,1,50,20,0,63
711,711,0,21,222100,1011000111,0,1,4,7,9,14,8,21,15,29,8,14,23,6,22,3,40,41,1,54
712,89,3,9,10022,1011001,2,4,5,1,11,4,13,20,2,27,15,7,3,42,36,30,28,22,18,16
713,713,0,6,222102,1011001001,2,3,6,9,11,16,10,0,17,0,10,16,25,8,24,5,42,43,3,56
714,357,1,9,111020,101100101,0,2,0,5,6,0,15,12,9,16,24,29,13,28,39,3,52,22,2,65
715,715,0,6,222111,1011001011,1,0,1,0,0,1,12,2,19,2,12,18,27,10,26,7,44,45,5,58
716,179,2,9,20122,10110011,2,4,4,3,10,9,8,18,5,24,31,15,7,38,20,2,57,45,37,33
717,717,0,9,222120,1011001101,0,2,3,2,2,3,14,4,21,4,14,20,29,12,28,9,46,47,7,60
718,359,1,16,111022,101100111,2,4,2,7,8,2,17,14,11,18,26,31,15,30,41,5,54,24,4,67
719,719,0,16,222122,1011001111,2,4,5,4,4,5,16,6,23,6,16,22,31,14,30,11,48,49,9,62
720,45,4,4,1200,101101,0,0,3,1,6,11,7,22,16,14,8,4,2,45,45,45,45,45,45,45
721,721,0,14,222201,1011010001,1,1,0,6,6,7,18,8,25,8,18,24,33,16,32,13,50,51,11,64
722,361,1,14,111101,101101001,1,1,4,9,10,4,0,16,13,20,28,33,17,32,43,7,56,26,6,69
723,723,0,14,222210,1011010011,0,3,2,8,8,9,1,10,27,10,20,26,35,18,34,15,52,53,13,66
724,181,2,4,20201,10110101,1,1,6,5,12,11,10,20,7,26,33,17,9,40,22,4,59,47,39,35
725,725,0,4,222212,1011010101,2,0,4,10,10,11,3,12,0,12,22,28,37,20,36,17,54,55,15,68
726,363,1,14,111110,101101011,0,3,6,0,12,6,2,18,15,22,30,35,19,34,45,9,58,28,8,71
727,727,0,14,222221,1011010111,1,2,6,1,12,13,5,14,2,14,24,30,39,22,38,19,56,57,17,70
728,91,3,33,10101,1011011,1,1,0,3,0,6,15,22,4,29,17,9,5,44,38,32,30,24,20,18
729,729,0,9,1000000,1011011001,0,4,1,3,1,15,7,16,4,16,26,32,41,24,40,21,58,59,19,72
730,365,1,33,111112,101101101,2,0,1,2,1,8,4,20,17,24,32,37,21,36,47,11,60,30,10,0
731,731,0,50,1000002,1011011011,2,1,3,5,3,0,9,18,6,18,28,34,0,26,42,23,60,61,21,1
732,183,2,33,20210,10110111,0,3,1,7,1,13,12,22,9,28,35,19,11,42,24,6,0,49,41,37
733,733,0,33,1000011,1011011101,1,3,5,7,5,2,11,20,8,20,30,36,2,28,44,25,1,63,23,3
734,367,1,14,111121,101101111,1,2,3,4,3,10,6,22,19,26,34,39,23,38,49,13,1,32,12,2
735,735,0,14,1000020,1011011111,0,0,0,9,7,4,13,22,10,22,32,38,4,30,46,27,3,65,25,5
736,23,5,4,212,10111,2,3,2,1,10,6,4,0,23,23,23,23,23,23,23,23,23,23,23,23
737,737,0,50,1000022,1011100001,2,2,2,0,9,6,15,1,12,24,34,40,6,32,48,29,5,0,27,7
738,369,1,4,111200,101110001,0,4,5,6,5,12,8,1,21,28,36,0,25,40,51,15,3,34,14,4
739,739,0,4,1000101,1011100011,1,4,4,2,11,8,17,3,14,26,36,1,8,34,50,31,7,2,29,9
740,185,2,14,20212,10111001,2,0,3,9,3,15,14,1,11,30,0,21,13,44,26,8,2,51,43,39
741,741,0,14,1000110,1011100101,0,1,6,4,0,10,0,5,16,28,1,3,10,36,52,33,9,4,31,11
742,371,1,14,111202,101110011,2,1,0,8,7,14,10,3,23,30,1,2,27,42,0,17,5,36,16,6
743,743,0,33,1000112,1011100111,2,3,1,6,2,12,2,7,18,30,3,5,12,38,1,35,11,6,33,13
744,93,3,4,10110,1011101,0,3,2,5,2,8,17,1,6,0,19,11,7,46,40,34,32,26,22,20
745,745,0,31,1000121,1011101001,1,0,3,8,4,14,4,9,20,1,5,7,14,40,3,37,13,8,35,15
746,373,1,4,111211,101110101,1,3,2,10,9,16,12,5,25,1,3,4,29,44,2,19,7,38,18,8
747,747,0,14,1000200,1011101011,0,2,5,10,6,16,6,11,22,3,7,9,16,42,5,39,15,10,37,17
748,187,2,14,20221,10111011,1,2,5,0,5,0,16,3,13,1,2,23,15,46,28,10,4,53,45,41
749,749,0,14,1000202,1011101101,2,4,0,1,8,1,8,13,24,5,9,11,18,44,7,41,17,12,39,19
750,375,1,14,111220,101110111,0,0,4,1,11,1,14,7,27,3,5,6,31,46,4,21,9,40,20,10
751,751,0,50,1000211,1011101111,1,1,2,3,10,3,10,15,26,7,11,13,20,46,9,43,19,14,41,21
752,47,4,38,1202,101111,2,2,5,3,8,13,9,1,18,16,10,6,4,0,47,47,47,47,47,47
753,753,0,4,1000220,1011110001,0,3,4,5,12,5,12,17,28,9,13,15,22,1,11,45,21,16,43,23
754,377,1,21,111222,101111001,2,2,6,3,0,3,16,9,0,5,7,8,33,1,6,23,11,42,22,12
755,755,0,21,1000222,1011110011,2,0,6,7,1,7,14,19,1,11,15,17,24,3,13,47,23,18,45,25
756,189,2,38,21000,10111101,0,4,0,2,7,2,18,5,15,3,4,25,17,1,30,12,6,55,47,43
757,757,0,38,1001001,1011110101,1,2,1,9,3,9,16,21,3,13,17,19,26,5,15,49,25,20,47,27
758,379,1,19,112001,101111011,1,4,1,5,2,5,18,11,2,7,9,10,35,3,8,25,13,44,24,14
759,759,0,19,1001010,1011110111,0,4,3,0,5,11,18,0,5,15,19,21,28,7,17,51,27,22,49,29
760,95,3,38,10112,1011111,2,0,4,7,4,10,0,3,8,2,21,13,9,1,42,36,34,28,24,22
761,761,0,9,1001012,1011111001,2,1,5,2,7,13,1,2,7,17,21,23,30,9,19,53,29,24,51,31
762,381,1,38,112010,101111101,0,1,3,7,4,7,1,13,4,9,11,12,37,5,10,27,15,46,26,16
763,763,0,55,1001021,1011111011,1,3,0,4,9,15,3,4,9,19,23,25,32,11,21,55,31,26,53,33
764,191,2,14,21002,10111111,2,1,2,4,9,4,1,7,17,5,6,27,19,3,32,14,8,57,49,45
765,765,0,14,1001100,1011111101,0,0,2,6,11,0,5,6,11,21,25,27,34,13,23,57,33,28,55,35
766,383,1,14,112012,101111111,2,3,5,9,6,9,3,15,6,11,13,14,39,7,12,29,17,48,28,18
767,767,0,19,1001102,1011111111,2,2,4,8,0,2,7,8,13,23,27,29,36,15,25,0,35,30,57,37
768,3,8,2,10,11,0,3,3,3,3,3,3,3,3,3,3,3,3,3,3,3,3,3,3,3
769,769,0,9,1001111,1100000001,1,4,6,10,2,4,9,10,15,25,29,31,38,17,27,2,37,32,59,39
770,385,1,9,112021,110000001,1,0,0,0,8,11,5,17,8,13,15,16,41,9,14,31,19,50,30,20
771,771,0,9,1001120,1100000011,0,1,1,1,4,6,11,12,17,27,31,33,40,19,29,4,39,34,61,41
772,193,2,43,21011,11000001,1,3,4,6,11,6,3,9,19,7,8,29,21,5,34,16,10,59,51,47
773,773,0,43,1001122,1100000101,2,3,3,3,6,8,13,14,19,29,33,35,42,21,31,6,41,36,63,43
774,387,1,43,112100,110000011,0,2,2,2,10,13,7,19,10,15,17,18,0,11,16,33,21,52,32,22
775,775,0,55,1001201,1100000111,1,0,5,5,8,10,15,16,21,0,35,37,1,23,33,8,43,38,65,45
776,97,3,43,10121,1100001,1,2,6,9,6,12,2,5,10,4,23,15,11,3,44,38,36,30,26,24
777,777,0,9,1001210,1100001001,0,2,0,7,10,12,17,18,23,2,0,39,3,25,35,10,45,40,67,47
778,389,1,43,112102,110000101,2,4,4,4,12,15,9,21,12,17,19,20,2,13,18,35,23,54,34,24
779,779,0,19,1001212,1100001011,2,4,2,9,12,14,0,20,25,4,2,0,5,27,37,12,47,42,69,49
780,195,2,43,21020,11000011,0,0,6,8,0,8,5,11,21,9,10,31,23,7,36,18,12,61,53,49
781,781,0,43,1001221,1100001101,1,1,4,0,1,16,2,22,27,6,4,2,7,29,39,14,49,44,0,51
782,391,1,43,112111,110000111,1,1,6,6,1,0,11,0,14,19,21,22,4,15,20,37,25,56,36,26
783,783,0,43,1002000,1100001111,0,3,6,2,3,1,4,1,0,8,6,4,9,31,41,16,51,46,2,53
784,49,4,7,1211,110001,1,4,0,5,10,15,11,3,20,18,12,8,6,2,49,49,49,49,49,49
785,785,0,43,1002002,1100010001,2,0,1,4,5,3,6,3,2,10,8,6,11,33,43,18,53,48,4,55
786,393,1,19,112120,110001001,0,3,1,8,3,2,13,2,16,21,23,24,6,17,22,39,27,58,38,28
787,787,0,19,1002011,1100010011,1,2,3,6,7,5,8,5,4,12,10,8,13,35,45,20,55,50,6,57
788,197,2,7,21022,11000101,2,2,1,10,2,10,7,13,23,11,12,33,25,9,38,20,14,63,55,51
789,789,0,7,1002020,1100010101,0,4,5,8,9,7,10,7,6,14,12,10,15,37,47,22,57,52,8,59
790,395,1,26,112122,110001011,2,0,3,10,5,4,15,4,18,23,25,26,8,19,24,41,29,60,40,30
791,791,0,26,1002022,1100010111,2,1,0,10,11,9,12,9,8,16,14,12,17,39,49,24,59,54,10,61
792,99,3,7,10200,1100011,0,4,1,0,8,14,4,7,12,6,25,17,13,5,46,40,38,32,28,26
793,793,0,26,1002101,1100011001,1,3,2,1,0,11,14,11,10,18,16,14,19,41,51,26,0,56,12,63
794,397,1,7,112201,110001101,1,2,5,1,7,6,17,6,20,25,27,28,10,21,26,43,31,62,42,32
795,795,0,36,1002110,1100011011,0,0,4,3,2,13,16,13,12,20,18,16,21,43,0,28,2,58,14,65
796,199,2,43,21101,11000111,1,4,3,1,4,12,9,15,25,13,14,35,27,11,40,22,16,65,57,53
797,797,0,43,1002112,1100011101,2,2,6,5,4,15,18,15,14,22,20,18,23,45,2,30,4,60,16,67
798,399,1,43,112210,110001111,0,4,0,3,9,8,0,8,22,27,29,30,12,23,28,45,33,64,44,34
799,799,0,24,1002121,1100011111,1,4,1,7,6,0,1,17,16,24,22,20,25,0,4,32,6,62,18,69
800,25,5,7,221,11001,1,0,4,3,12,8,6,2,25,25,25,25,25,25,25,25,25,25,25,25
801,801,0,19,1002200,1100100001,0,1,3,9,8,2,3,19,18,26,24,22,27,2,6,34,8,64,20,71
802,401,1,4,112212,110010001,2,1,2,5,11,10,2,10,24,29,31,32,14,25,30,47,35,66,46,36
803,803,0,4,1002202,1100100011,2,3,5,0,10,4,5,21,20,28,26,24,29,4,8,36,10,66,22,0
804,201,2,4,21110,11001001,0,1,5,3,6,14,11,17,27,15,16,37,29,13,42,24,18,0,59,55
805,805,0,4,1002211,1100100101,1,0,0,2,12,6,7,0,22,30,28,26,31,6,10,38,12,1,24,2
806,403,1,4,112221,110010011,1,3,4,7,0,12,4,12,26,0,33,34,16,27,32,49,37,1,48,38
807,807,0,24,1002220,1100100111,0,2,2,4,1,8,9,2,24,1,30,28,33,8,12,40,14,3,26,4
808,101,3,7,10202,1100101,2,1,3,2,10,16,6,9,14,8,27,19,15,7,48,42,40,34,30,28
809,809,0,14,1002222,1100101001,2,4,4,6,3,10,11,4,26,3,32,30,35,10,14,42,16,5,28,6
810,405,1,7,120000,110010101,0,0,6,9,2,14,6,14,28,2,35,36,18,29,34,51,39,3,50,40
811,811,0,48,1010001,1100101011,1,1,6,8,5,12,13,6,28,5,34,32,37,12,16,44,18,7,30,8
812,203,2,12,21112,11001011,2,3,0,5,8,16,13,19,0,17,18,39,31,15,44,26,20,2,61,57
813,813,0,12,1010010,1100101101,0,3,1,10,7,14,15,8,1,7,36,34,39,14,18,46,20,9,32,10
814,407,1,12,120002,110010111,2,2,1,0,4,16,8,16,1,4,0,38,20,31,36,53,41,5,52,42
815,815,0,48,1010012,1100101111,2,0,3,1,9,16,17,10,3,9,1,36,41,16,20,48,22,11,34,12
816,51,4,7,1220,110011,0,1,2,7,12,0,13,5,22,20,14,10,8,4,51,51,51,51,51,51
817,817,0,12,1010021,1100110001,1,2,5,3,11,1,0,12,5,11,3,38,0,18,22,50,24,13,36,14
818,409,1,12,120011,110011001,1,4,3,2,6,1,10,18,3,6,2,40,22,33,38,55,43,7,54,44
819,819,0,12,1010100,1100110011,0,4,0,5,0,3,2,14,7,13,5,40,2,20,24,52,26,15,38,16
820,205,2,7,21121,11001101,1,0,2,7,10,1,15,21,2,19,20,0,33,17,46,28,22,4,63,59
821,821,0,7,1010102,1100110101,2,1,2,7,2,5,4,16,9,15,7,1,4,22,26,54,28,17,40,18
822,411,1,48,120020,110011011,0,1,5,4,8,3,12,20,5,8,4,1,24,35,40,57,45,9,56,46
823,823,0,48,1010111,1100110111,1,3,4,9,4,7,6,18,11,17,9,3,6,24,28,56,30,19,42,20
824,103,3,31,10211,1100111,1,3,5,4,12,1,8,11,16,10,29,21,17,9,50,44,42,36,32,30
825,825,0,48,1010120,1100111001,0,0,6,0,6,9,8,20,13,19,11,5,8,26,30,58,32,21,44,22
826,413,1,31,120022,110011101,2,3,0,6,10,5,14,22,7,10,6,3,26,37,42,0,47,11,58,48
827,827,0,12,1010122,1100111011,2,2,1,2,8,11,10,22,15,21,13,7,10,28,32,1,34,23,46,24
828,207,2,31,21200,11001111,0,2,4,9,12,3,17,0,4,21,22,2,35,19,48,30,24,6,65,61
829,829,0,31,1010201,1100111101,1,4,3,4,10,13,12,1,17,23,15,9,12,30,34,3,36,25,48,26
830,415,1,48,120101,110011111,1,0,2,8,12,7,16,1,9,12,8,5,28,39,44,2,49,13,60,50
831,831,0,48,1010210,1100111111,0,1,5,6,12,15,14,3,19,25,17,11,14,32,36,5,38,27,50,28
832,13,6,2,111,1101,1,3,6,2,0,13,13,13,13,13,13,13,13,13,13,13,13,13,13,13
833,833,0,7,1010212,1101000001,2,3,0,8,1,0,16,5,21,27,19,13,16,34,38,7,40,29,52,30
834,417,1,48,120110,110100001,0,2,4,10,1,9,18,3,11,14,10,7,30,41,46,4,51,15,62,52
835,835,0,48,1010221,1101000011,1,0,2,10,3,2,18,7,23,29,21,15,18,36,40,9,42,31,54,32
836,209,2,12,21202,11010001,2,4,6,0,1,5,0,2,6,23,24,4,37,21,50,32,26,8,67,63
837,837,0,12,1011000,1101000101,0,2,4,1,5,4,1,9,25,0,23,17,20,38,42,11,44,33,56,34
838,419,1,12,120112,110100011,2,4,6,1,3,11,1,5,13,16,12,9,32,43,48,6,53,17,64,54
839,839,0,29,1011002,1101000111,2,4,6,3,7,6,3,11,27,2,25,19,22,40,44,13,46,35,58,36
840,105,3,12,10220,1101001,0,0,0,6,1,3,10,13,18,12,31,23,19,11,52,46,44,38,34,32
841,841,0,12,1011011,1101001001,1,1,1,5,9,8,5,13,0,4,27,21,24,42,46,15,48,37,60,38
842,421,1,12,120121,110100101,1,1,1,3,5,13,3,7,15,18,14,11,34,45,50,8,55,19,66,56
843,843,0,12,1011020,1101001011,0,3,3,7,11,10,7,15,2,6,29,23,26,44,48,17,50,39,62,40
844,211,2,12,21211,11010011,1,1,1,2,3,7,2,4,8,25,26,6,39,23,52,34,28,10,69,65
845,845,0,12,1011022,1101001101,2,0,5,9,0,12,9,17,4,8,31,25,28,46,50,19,52,41,64,42
846,423,1,9,120200,110100111,0,3,3,5,7,15,5,9,17,20,16,13,36,0,52,10,57,21,68,58
847,847,0,9,1011101,1101001111,1,2,0,0,2,14,11,19,6,10,33,27,30,1,52,21,54,43,66,44
848,53,4,2,1222,110101,2,3,4,9,1,2,15,7,24,22,16,12,10,6,0,53,53,53,53,53
849,849,0,19,1011110,1101010001,0,4,2,2,4,16,13,21,8,12,35,29,32,3,1,23,56,45,68,46
850,425,1,19,120202,110101001,2,0,5,7,9,0,7,11,19,22,18,15,38,2,1,12,59,23,70,60
851,851,0,19,1011112,1101010011,2,1,4,4,6,1,15,0,10,14,0,31,34,5,3,25,58,47,70,48
852,213,2,2,21220,11010101,0,3,3,4,5,9,4,6,10,27,28,8,41,25,1,36,30,12,0,67
853,853,0,2,1011121,1101010101,1,3,6,6,8,3,17,2,12,16,2,33,36,7,5,27,60,49,1,50
854,427,1,17,120211,110101011,1,2,0,9,11,2,9,13,21,24,20,17,40,4,3,14,0,25,1,62
855,855,0,17,1011200,1101010111,0,0,1,8,10,5,0,4,14,18,4,35,38,9,7,29,1,51,3,52
856,107,3,36,10222,1101011,2,2,2,8,3,5,12,15,20,14,33,25,21,13,1,48,46,40,36,34
857,857,0,7,1011202,1101011001,2,2,3,10,12,7,2,6,16,20,6,37,40,11,9,31,3,53,5,54
858,429,1,36,120220,110101101,0,4,2,0,0,4,11,15,23,26,22,19,42,6,5,16,2,27,3,64
859,859,0,53,1011211,1101011011,1,4,5,1,1,9,4,8,18,22,8,39,42,13,11,33,5,55,7,56
860,215,2,36,21222,11010111,2,0,5,6,7,11,6,8,12,29,30,10,0,27,3,38,32,14,2,69
861,861,0,36,1011220,1101011101,0,1,0,3,3,11,6,10,20,24,10,0,1,15,13,35,7,57,9,58
862,431,1,12,120222,110101111,2,1,4,2,2,6,13,17,25,28,24,21,1,8,7,18,4,29,5,66
863,863,0,12,1011222,1101011111,2,3,2,5,5,13,8,12,22,26,12,2,3,17,15,37,9,59,11,60
864,27,5,41,1000,11011,0,2,6,5,1,10,8,4,27,27,27,27,27,27,27,27,27,27,27,27
865,865,0,53,1012001,1101100001,1,0,4,7,7,15,10,14,24,28,14,4,5,19,17,39,11,61,13,62
866,433,1,7,121001,110110001,1,3,6,4,4,8,15,19,27,30,26,23,3,10,9,20,6,31,7,68
867,867,0,7,1012010,1101100011,0,2,6,9,9,0,12,16,26,30,16,6,7,21,19,41,13,63,15,64
868,217,2,7,22001,11011001,1,2,0,8,9,13,8,10,14,0,32,12,2,29,5,40,34,16,4,71
869,869,0,7,1012012,1101100101,2,4,1,0,11,2,14,18,28,1,18,8,9,23,21,43,15,65,17,66
870,435,1,7,121010,110110011,0,0,1,6,6,10,17,21,0,1,28,25,5,12,11,22,8,33,9,70
871,871,0,65,1012021,1101100111,1,1,3,2,0,4,16,20,1,3,20,10,11,25,23,45,17,0,19,68
872,109,3,41,11001,1101101,1,4,4,10,5,7,14,17,22,16,35,27,23,15,3,50,48,42,38,36
873,873,0,53,1012100,1101101001,0,3,5,4,2,6,18,22,3,5,22,12,13,27,25,47,19,2,21,70
874,437,1,41,121012,110110101,2,2,3,8,8,12,0,0,2,3,30,27,7,14,13,24,10,35,11,72
875,875,0,7,1012102,1101101011,2,0,0,6,4,8,1,1,5,7,24,14,15,29,27,49,21,4,23,72
876,219,2,17,22010,11011011,0,4,2,10,11,15,10,12,16,2,34,14,4,31,7,42,36,18,6,0
877,877,0,17,1012111,1101101101,1,2,2,8,6,10,3,3,7,9,26,16,17,31,29,51,23,6,25,1
878,439,1,17,121021,110110111,1,4,5,10,10,14,2,2,4,5,32,29,9,16,15,26,12,37,13,1
879,879,0,53,1012120,1101101111,0,4,4,10,8,12,5,5,9,11,28,18,19,33,31,53,25,8,27,3
880,55,4,41,2001,110111,1,0,6,0,3,4,17,9,26,24,18,14,12,8,2,55,55,55,55,55
881,881,0,41,1012122,1101110001,2,1,6,1,10,14,7,7,11,13,30,20,21,35,33,55,27,10,29,5
882,441,1,7,121100,110111001,0,1,0,1,12,16,4,4,6,7,34,31,11,18,17,28,14,39,15,3
883,883,0,7,1012201,1101110011,1,3,1,3,12,16,9,9,13,15,32,22,23,37,35,57,29,12,31,7
884,221,2,41,22012,11011101,2,1,4,1,0,0,12,14,18,4,36,16,6,33,9,44,38,20,8,2
885,885,0,41,1012210,1101110101,0,0,3,5,1,1,11,11,15,17,34,24,25,39,37,0,31,14,33,9
886,443,1,17,121102,110111011,2,3,2,3,1,1,6,6,8,9,36,33,13,20,19,30,16,41,17,5
887,887,0,17,1012212,1101110111,2,2,5,7,3,3,13,13,17,19,36,26,27,41,39,2,33,16,35,11
888,111,3,24,11010,1101111,0,1,6,1,7,9,16,19,24,18,0,29,25,17,5,52,50,44,40,38
889,889,0,53,1012221,1101111001,1,4,0,9,5,5,15,15,19,21,1,28,29,43,41,4,35,18,37,13
890,445,1,24,121111,110111101,1,0,4,5,3,3,8,8,10,11,1,35,15,22,21,32,18,43,19,7
891,891,0,14,1020000,1101111011,0,1,2,0,7,7,17,17,21,23,3,30,31,45,43,6,37,20,39,15
892,223,2,24,22021,11011111,1,3,6,3,2,2,14,16,20,6,1,18,8,35,11,46,40,22,10,4
893,893,0,24,1020002,1101111101,2,3,4,2,9,9,0,19,23,25,5,32,33,0,45,8,39,22,41,17
894,447,1,34,121120,110111111,0,2,6,7,5,5,10,10,12,13,3,37,17,24,23,34,20,45,21,9
895,895,0,34,1020011,1101111111,1,0,6,4,11,11,2,21,25,27,7,34,35,2,47,10,41,24,43,19
896,7,7,5,21,111,1,2,0,7,7,7,7,7,7,7,7,7,7,7,7,7,7,7,7,7
897,897,0,22,1020020,1110000001,0,2,1,6,0,13,4,0,27,29,9,36,37,4,49,12,43,26,45,21
898,449,1,41,121122,111000001,2,4,1,9,7,7,12,12,14,15,5,39,19,26,25,36,22,47,23,11
899,899,0,41,1020022,1110000011,2,4,3,8,2,15,6,2,0,0,11,38,39,6,51,14,45,28,47,23
900,225,2,17,22100,11100001,0,0,1,5,4,4,16,18,22,8,3,20,10,37,13,48,42,24,12,6
901,901,0,17,1020101,1110000101,1,1,5,10,4,0,8,4,2,2,13,40,41,8,0,16,47,30,49,25
902,451,1,17,121201,111000011,1,1,3,0,9,9,14,14,16,17,7,0,21,28,27,38,24,49,25,13
903,903,0,41,1020110,1110000111,0,3,0,1,6,2,10,6,4,4,15,1,0,10,2,18,49,32,51,27
904,113,3,2,11012,1110001,2,3,1,3,9,11,18,21,26,20,2,31,27,19,7,54,52,46,42,40
905,905,0,22,1020112,1110001001,2,0,2,3,8,4,12,8,6,6,17,3,2,12,4,20,51,34,53,29
906,453,1,2,121210,111000101,0,3,5,2,11,11,16,16,18,19,9,2,23,30,29,40,26,51,27,15
907,907,0,17,1020121,1110001011,1,2,4,5,10,6,14,10,8,8,19,5,4,14,6,22,53,36,55,31
908,227,2,2,22102,11100011,2,2,3,7,6,6,18,20,24,10,5,22,12,39,15,50,44,26,14,8
909,909,0,2,1020200,1110001101,0,4,6,7,12,8,16,12,10,10,21,7,6,16,8,24,55,38,57,33
910,455,1,12,121212,111000111,2,0,0,4,0,13,18,18,20,21,11,4,25,32,31,42,28,53,29,17
911,911,0,12,1020202,1110001111,2,1,1,9,1,10,18,14,12,12,23,9,8,18,10,26,57,40,59,35
912,57,4,10,2010,111001,0,2,1,2,5,6,0,11,28,26,20,16,14,10,4,57,57,57,57,57
913,913,0,46,1020211,1110010001,1,3,3,0,3,12,1,16,14,14,25,11,10,20,12,28,59,42,61,37
914,457,1,46,121221,111001001,1,2,2,6,2,15,1,20,22,23,13,6,27,34,33,44,30,55,31,19
915,915,0,46,1020220,1110010011,0,0,5,2,5,14,3,18,16,16,27,13,12,22,14,30,0,44,63,39
916,229,2,10,22111,11100101,1,4,5,9,8,8,1,22,26,12,7,24,14,41,17,52,46,28,16,10
917,917,0,10,1020222,1110010101,2,2,0,4,7,16,5,20,18,18,29,15,14,24,16,32,2,46,65,41
918,459,1,46,122000,111001011,0,4,4,8,4,0,3,22,24,25,15,8,29,36,35,46,32,57,33,21
919,919,0,46,1021001,1110010111,1,4,2,6,9,1,7,22,20,20,31,17,16,26,18,34,4,48,67,43
920,115,3,10,11021,1110011,1,0,3,5,11,13,1,0,28,22,4,33,29,21,9,56,54,48,44,42
921,921,0,46,1021010,1110011001,0,1,4,8,11,3,9,1,22,22,33,19,18,28,20,36,6,50,69,45
922,461,1,10,122002,111001101,2,1,6,10,6,2,5,1,26,27,17,10,31,38,37,48,34,59,35,23
923,923,0,22,1021012,1110011011,2,3,6,10,0,5,11,3,24,24,35,21,20,30,22,38,8,52,0,47
924,231,2,46,22120,11100111,0,1,0,0,10,10,3,1,28,14,9,26,16,43,19,54,48,30,18,12
925,925,0,46,1021021,1110011101,1,0,1,1,2,7,13,5,26,26,0,23,22,32,24,40,10,54,2,49
926,463,1,46,122011,111001111,1,3,1,1,8,4,7,3,28,29,19,12,33,40,39,50,36,61,37,25
927,927,0,41,1021100,1110011111,0,2,3,3,4,9,15,7,28,28,2,25,24,34,26,42,12,56,4,51
928,29,5,5,1002,11101,2,4,1,7,3,12,10,6,0,29,29,29,29,29,29,29,29,29,29,29
929,929,0,46,1021102,1110100001,2,4,5,5,6,11,17,9,1,30,4,27,26,36,28,44,14,58,6,53
930,465,1,10,122020,111010001,0,0,3,3,10,6,9,5,1,0,21,14,35,42,41,52,38,63,39,27
931,931,0,10,1021111,1110100011,1,1,0,7,8,13,0,11,3,1,6,29,28,38,30,46,16,60,8,55
932,233,2,29,22122,11101001,2,3,2,2,12,12,5,3,1,16,11,28,18,45,21,56,50,32,20,14
933,933,0,29,1021120,1110100101,0,3,2,9,10,15,2,13,5,3,8,31,30,40,32,48,18,62,10,57
934,467,1,29,122022,111010011,2,2,5,5,12,8,11,7,3,2,23,16,37,44,43,54,40,65,41,29
935,935,0,46,1021122,1110100111,2,0,4,0,12,0,4,15,7,5,10,33,32,42,34,50,20,64,12,59
936,117,3,5,11100,1110101,0,2,5,7,0,15,3,2,1,24,6,35,31,23,11,58,56,50,46,44
937,937,0,63,1021201,1110101001,1,2,6,2,1,2,6,17,9,7,12,35,34,44,36,52,22,66,14,61
938,469,1,5,122101,111010101,1,4,0,7,1,10,13,9,5,4,25,18,39,46,45,56,42,0,43,31
939,939,0,29,1021210,1110101011,0,4,1,4,3,4,8,19,11,9,14,37,36,46,38,54,24,1,16,63
940,235,2,46,22201,11101011,1,0,4,4,1,14,7,5,3,18,13,30,20,0,23,58,52,34,22,16
941,941,0,46,1021212,1110101101,2,1,3,6,5,6,10,21,13,11,16,39,38,1,40,56,26,3,18,65
942,471,1,46,122110,111010111,0,1,2,9,3,12,15,11,7,6,27,20,41,1,47,58,44,2,45,33
943,943,0,10,1021221,1110101111,1,3,5,8,7,8,12,0,15,13,18,0,40,3,42,58,28,5,20,67
944,59,4,10,2012,111011,2,4,3,4,7,8,2,13,1,28,22,18,16,12,6,0,59,59,59,59
945,945,0,10,1022000,1110110001,0,0,0,10,9,10,14,2,17,15,20,2,42,5,44,1,30,7,22,69
946,473,1,10,122112,111011001,2,3,4,0,5,14,17,13,9,8,29,22,0,3,49,1,46,4,47,35
947,947,0,10,1022002,1110110011,2,2,2,1,11,12,16,4,19,17,22,4,1,7,46,3,32,9,24,71
948,237,2,10,22210,11101101,0,2,6,6,3,16,9,7,5,20,15,32,22,2,25,1,54,36,24,18
949,949,0,10,1022011,1110110101,1,4,4,3,0,14,18,6,21,19,24,6,3,9,48,5,34,11,26,0
950,475,1,7,122121,111011011,1,0,6,2,7,16,0,15,11,10,31,24,2,5,51,3,48,6,49,37
951,951,0,7,1022020,1110110111,0,1,6,5,2,16,1,8,23,21,26,8,5,11,50,7,36,13,28,2
952,119,3,10,11102,1110111,2,4,0,9,2,0,5,4,3,26,8,37,33,25,13,1,58,52,48,46
953,953,0,7,1022022,1110111001,2,3,1,7,4,1,3,10,25,23,28,10,7,13,52,9,38,15,30,4
954,477,1,10,122200,111011101,0,2,1,4,9,1,2,17,13,12,33,26,4,7,0,5,50,8,51,39
955,955,0,7,1022101,1110111011,1,0,3,9,6,3,5,12,27,25,30,12,9,15,1,11,40,17,32,6
956,239,2,17,22212,11101111,2,4,1,8,5,1,11,9,7,22,17,34,24,4,27,3,56,38,26,20
957,957,0,17,1022110,1110111101,0,2,5,0,8,5,7,14,0,27,32,14,11,17,3,13,42,19,34,8
958,479,1,17,122202,111011111,2,4,3,6,11,3,4,19,15,14,35,28,6,9,2,7,52,10,53,41
959,959,0,46,1022112,1110111111,2,4,0,2,10,7,9,16,2,29,34,16,13,19,5,15,44,21,36,10
960,15,6,5,120,1111,0,0,1,4,2,15,15,15,15,15,15,15,15,15,15,15,15,15,15,15
961,961,0,15,1022121,1111000001,1,1,2,4,12,9,11,18,4,0,36,18,15,21,7,17,46,23,38,12
962,481,1,15,122211,111100001,1,1,5,8,0,5,6,21,17,16,0,30,8,11,4,9,54,12,55,43
963,963,0,15,1022200,1111000011,0,3,4,6,1,11,13,20,6,2,1,20,17,23,9,19,48,25,40,14
964,241,2,5,22221,11110001,1,1,3,10,7,3,13,11,9,24,19,36,26,6,29,5,58,40,28,22
965,965,0,5,1022202,1111000101,2,0,6,8,3,13,15,22,8,4,3,22,19,25,11,21,50,27,42,16
966,483,1,5,122220,111100011,0,3,0,10,2,7,8,0,19,18,2,32,10,13,6,11,56,14,57,45
967,967,0,51,1022211,1111000111,1,2,1,10,5,15,17,1,10,6,5,24,21,27,13,23,52,29,44,18
968,121,3,34,11111,1111001,1,1,2,0,4,2,7,6,5,28,10,39,35,27,15,3,60,54,50,48
969,969,0,15,1022220,1111001001,0,4,3,1,7,0,0,3,12,8,7,26,23,29,15,25,54,31,46,20
970,485,1,34,122222,111100101,2,0,2,1,4,9,10,2,21,20,4,34,12,15,8,13,58,16,59,47
971,971,0,10,1022222,1111001011,2,1,5,3,9,2,2,5,14,10,9,28,25,31,17,27,56,33,48,22
972,243,2,34,100000,11110011,0,3,5,1,9,5,15,13,11,26,21,38,28,8,31,7,60,42,30,24
973,973,0,34,1100001,1111001101,1,3,0,5,11,4,4,7,16,12,11,30,27,33,19,29,58,35,50,24
974,487,1,51,200001,111100111,1,2,4,3,6,11,12,4,23,22,6,36,14,17,10,15,60,18,61,49
975,975,0,51,1100010,1111001111,0,0,2,7,0,6,6,9,18,14,13,32,29,35,21,31,60,37,52,26
976,61,4,5,2021,111101,1,1,5,6,9,10,4,15,3,30,24,20,18,14,8,2,0,61,61,61
977,977,0,34,1100012,1111010001,2,2,4,9,2,8,8,11,20,16,15,34,31,37,23,33,1,39,54,28
978,489,1,15,200010,111101001,0,4,6,5,8,13,14,6,25,24,8,38,16,19,12,17,1,20,63,51
979,979,0,15,1100021,1111010011,1,4,6,0,4,10,10,13,22,18,17,36,33,39,25,35,3,41,56,30
980,245,2,5,100002,11110101,2,0,0,3,11,7,17,15,13,28,23,40,30,10,33,9,1,44,32,26
981,981,0,5,1100100,1111010101,0,1,1,2,6,12,12,15,24,20,19,38,35,41,27,37,5,43,58,32
982,491,1,51,200012,111101011,2,1,1,7,10,15,16,8,27,26,10,40,18,21,14,19,3,22,65,53
983,983,0,51,1100102,1111010111,2,3,3,4,8,14,14,17,26,22,21,40,37,43,29,39,7,45,60,34
984,123,3,15,11120,1111011,0,3,4,2,6,4,9,8,7,30,12,0,37,29,17,5,1,56,52,50
985,985,0,5,1100111,1111011001,1,0,5,6,10,16,16,19,28,24,23,1,39,45,31,41,9,47,62,36
986,493,1,15,200021,111101101,1,3,3,9,12,0,18,10,0,28,12,1,20,23,16,21,5,24,67,55
987,987,0,10,1100120,1111011011,0,2,0,8,12,1,18,21,1,26,25,3,41,0,33,43,11,49,64,38
988,247,2,15,100011,11110111,1,2,2,5,0,9,0,17,15,30,25,1,32,12,35,11,3,46,34,28
989,989,0,15,1100122,1111011101,2,4,2,10,1,3,1,0,3,28,27,5,0,2,35,45,13,51,66,40
990,495,1,34,200100,111101111,0,0,5,0,1,2,1,12,2,30,14,3,22,25,18,23,7,26,69,57
991,991,0,34,1100201,1111011111,1,1,4,1,3,5,3,2,5,30,29,7,2,4,37,47,15,53,68,42
992,31,5,39,1011,11111,1,1,3,9,5,14,12,8,2,0,31,31,31,31,31,31,31,31,31,31
993,993,0,32,1100210,1111100001,0,3,6,3,5,7,5,4,7,1,31,9,4,6,39,49,17,55,70,44
994,497,1,5,200102,111110001,2,2,0,2,3,4,3,14,4,1,16,5,24,27,20,25,9,28,0,59
995,995,0,5,1100212,1111100011,2,0,1,5,7,9,7,6,9,3,33,11,6,8,41,51,19,57,1,46
996,249,2,15,100020,11111001,0,4,4,7,2,11,2,19,17,1,27,3,34,14,37,13,5,48,36,30
997,997,0,15,1100221,1111100101,1,2,3,7,9,11,9,8,11,5,35,13,8,10,43,53,21,59,3,48
998,499,1,15,200111,111110011,1,4,2,4,5,6,5,16,6,3,18,7,26,29,22,27,11,30,2,61
999,999,0,15,1101000,1111100111,0,4,5,9,11,13,11,10,13,7,0,15,10,12,45,55,23,61,5,50
1000,125,3,39,11122,1111101,2,0,6,4,8,6,11,10,9,1,14,2,39,31,19,7,3,58,54,52
