# Odd core environment

This is a list of the first 2000 integers in consecutive order. For every `n`:
- `oc` is the 2-adic "odd core" of the number, after removing all factors of 2. For odd numbers, oc is the number itself.
- `k` is the 2-adic exponent, the number of halvings (n = oc * 2^k). For odd numbers, k is always 0.
- `dist` is the odd-to-odd Collatz stopping distance of the odd core.
- residues of the odd core modulo a set of small primes follow (`m3`, `m5`, etc)

oc,k,dist,m3,m5,m7,m11,m13,m17,m19,m23,m29,m31
1,0,0,1,1,1,1,1,1,1,1,1,1
1,1,0,1,1,1,1,1,1,1,1,1,1
3,0,2,0,3,3,3,3,3,3,3,3,3
1,2,0,1,1,1,1,1,1,1,1,1,1
5,0,1,2,0,5,5,5,5,5,5,5,5
3,1,2,0,3,3,3,3,3,3,3,3,3
7,0,5,1,2,0,7,7,7,7,7,7,7
1,3,0,1,1,1,1,1,1,1,1,1,1
9,0,6,0,4,2,9,9,9,9,9,9,9
5,1,1,2,0,5,5,5,5,5,5,5,5
11,0,4,2,1,4,0,11,11,11,11,11,11
3,2,2,0,3,3,3,3,3,3,3,3,3
13,0,2,1,3,6,2,0,13,13,13,13,13
7,1,5,1,2,0,7,7,7,7,7,7,7
15,0,5,0,0,1,4,2,15,15,15,15,15
1,4,0,1,1,1,1,1,1,1,1,1,1
17,0,3,2,2,3,6,4,0,17,17,17,17
9,1,6,0,4,2,9,9,9,9,9,9,9
19,0,6,1,4,5,8,6,2,0,19,19,19
5,2,1,2,0,5,5,5,5,5,5,5,5
21,0,1,0,1,0,10,8,4,2,21,21,21
11,1,4,2,1,4,0,11,11,11,11,11,11
23,0,4,2,3,2,1,10,6,4,0,23,23
3,3,2,0,3,3,3,3,3,3,3,3,3
25,0,7,1,0,4,3,12,8,6,2,25,25
13,1,2,1,3,6,2,0,13,13,13,13,13
27,0,41,0,2,6,5,1,10,8,4,27,27
7,2,5,1,2,0,7,7,7,7,7,7,7
29,0,5,2,4,1,7,3,12,10,6,0,29
15,1,5,0,0,1,4,2,15,15,15,15,15
31,0,39,1,1,3,9,5,14,12,8,2,0
1,5,0,1,1,1,1,1,1,1,1,1,1
33,0,8,0,3,5,0,7,16,14,10,4,2
17,1,3,2,2,3,6,4,0,17,17,17,17
35,0,3,2,0,0,2,9,1,16,12,6,4
9,2,6,0,4,2,9,9,9,9,9,9,9
37,0,6,1,2,2,4,11,3,18,14,8,6
19,1,6,1,4,5,8,6,2,0,19,19,19
39,0,11,0,4,4,6,0,5,1,16,10,8
5,3,1,2,0,5,5,5,5,5,5,5,5
41,0,40,2,1,6,8,2,7,3,18,12,10
21,1,1,0,1,0,10,8,4,2,21,21,21
43,0,9,1,3,1,10,4,9,5,20,14,12
11,2,4,2,1,4,0,11,11,11,11,11,11
45,0,4,0,0,3,1,6,11,7,22,16,14
23,1,4,2,3,2,1,10,6,4,0,23,23
47,0,38,2,2,5,3,8,13,9,1,18,16
3,4,2,0,3,3,3,3,3,3,3,3,3
49,0,7,1,4,0,5,10,15,11,3,20,18
25,1,7,1,0,4,3,12,8,6,2,25,25
51,0,7,0,1,2,7,12,0,13,5,22,20
13,2,2,1,3,6,2,0,13,13,13,13,13
53,0,2,2,3,4,9,1,2,15,7,24,22
27,1,41,0,2,6,5,1,10,8,4,27,27
55,0,41,1,0,6,0,3,4,17,9,26,24
7,3,5,1,2,0,7,7,7,7,7,7,7
57,0,10,0,2,1,2,5,6,0,11,28,26
29,1,5,2,4,1,7,3,12,10,6,0,29
59,0,10,2,4,3,4,7,8,2,13,1,28
15,2,5,0,0,1,4,2,15,15,15,15,15
61,0,5,1,1,5,6,9,10,4,15,3,30
31,1,39,1,1,3,9,5,14,12,8,2,0
63,0,39,0,3,0,8,11,12,6,17,5,1
1,6,0,1,1,1,1,1,1,1,1,1,1
65,0,8,2,0,2,10,0,14,8,19,7,3
33,1,8,0,3,5,0,7,16,14,10,4,2
67,0,8,1,2,4,1,2,16,10,21,9,5
17,2,3,2,2,3,6,4,0,17,17,17,17
69,0,3,0,4,6,3,4,1,12,0,11,7
35,1,3,2,0,0,2,9,1,16,12,6,4
71,0,37,2,1,1,5,6,3,14,2,13,9
9,3,6,0,4,2,9,9,9,9,9,9,9
73,0,42,1,3,3,7,8,5,16,4,15,11
37,1,6,1,2,2,4,11,3,18,14,8,6
75,0,3,0,0,5,9,10,7,18,6,17,13
19,2,6,1,4,5,8,6,2,0,19,19,19
77,0,6,2,2,0,0,12,9,1,8,19,15
39,1,11,0,4,4,6,0,5,1,16,10,8
79,0,11,1,4,2,2,1,11,3,10,21,17
5,4,1,2,0,5,5,5,5,5,5,5,5
81,0,6,0,1,4,4,3,13,5,12,23,19
41,1,40,2,1,6,8,2,7,3,18,12,10
83,0,40,2,3,6,6,5,15,7,14,25,21
21,2,1,0,1,0,10,8,4,2,21,21,21
85,0,1,1,0,1,8,7,0,9,16,27,23
43,1,9,1,3,1,10,4,9,5,20,14,12
87,0,9,0,2,3,10,9,2,11,18,0,25
11,3,4,2,1,4,0,11,11,11,11,11,11
89,0,9,2,4,5,1,11,4,13,20,2,27
45,1,4,0,0,3,1,6,11,7,22,16,14
91,0,33,1,1,0,3,0,6,15,22,4,29
23,2,4,2,3,2,1,10,6,4,0,23,23
93,0,4,0,3,2,5,2,8,17,1,6,0
47,1,38,2,2,5,3,8,13,9,1,18,16
95,0,38,2,0,4,7,4,10,0,3,8,2
3,5,2,0,3,3,3,3,3,3,3,3,3
97,0,43,1,2,6,9,6,12,2,5,10,4
49,1,7,1,4,0,5,10,15,11,3,20,18
99,0,7,0,4,1,0,8,14,4,7,12,6
25,2,7,1,0,4,3,12,8,6,2,25,25
101,0,7,2,1,3,2,10,16,6,9,14,8
51,1,7,0,1,2,7,12,0,13,5,22,20
103,0,31,1,3,5,4,12,1,8,11,16,10
13,3,2,1,3,6,2,0,13,13,13,13,13
105,0,12,0,0,0,6,1,3,10,13,18,12
53,1,2,2,3,4,9,1,2,15,7,24,22
107,0,36,2,2,2,8,3,5,12,15,20,14
27,2,41,0,2,6,5,1,10,8,4,27,27
109,0,41,1,4,4,10,5,7,14,17,22,16
55,1,41,1,0,6,0,3,4,17,9,26,24
111,0,24,0,1,6,1,7,9,16,19,24,18
7,4,5,1,2,0,7,7,7,7,7,7,7
113,0,2,2,3,1,3,9,11,18,21,26,20
57,1,10,0,2,1,2,5,6,0,11,28,26
115,0,10,1,0,3,5,11,13,1,0,28,22
29,2,5,2,4,1,7,3,12,10,6,0,29
117,0,5,0,2,5,7,0,15,3,2,1,24
59,1,10,2,4,3,4,7,8,2,13,1,28
119,0,10,2,4,0,9,2,0,5,4,3,26
15,3,5,0,0,1,4,2,15,15,15,15,15
121,0,34,1,1,2,0,4,2,7,6,5,28
61,1,5,1,1,5,6,9,10,4,15,3,30
123,0,15,0,3,4,2,6,4,9,8,7,30
31,2,39,1,1,3,9,5,14,12,8,2,0
125,0,39,2,0,6,4,8,6,11,10,9,1
63,1,39,0,3,0,8,11,12,6,17,5,1
127,0,15,1,2,1,6,10,8,13,12,11,3
1,7,0,1,1,1,1,1,1,1,1,1,1
129,0,44,0,4,3,8,12,10,15,14,13,5
65,1,8,2,0,2,10,0,14,8,19,7,3
131,0,8,2,1,5,10,1,12,17,16,15,7
33,2,8,0,3,5,0,7,16,14,10,4,2
133,0,8,1,3,0,1,3,14,0,18,17,9
67,1,8,1,2,4,1,2,16,10,21,9,5
135,0,13,0,0,2,3,5,16,2,20,19,11
17,3,3,2,2,3,6,4,0,17,17,17,17
137,0,32,2,2,4,5,7,1,4,22,21,13
69,1,3,0,4,6,3,4,1,12,0,11,7
139,0,13,1,4,6,7,9,3,6,1,23,15
35,2,3,2,0,0,2,9,1,16,12,6,4
141,0,3,0,1,1,9,11,5,8,3,25,17
71,1,37,2,1,1,5,6,3,14,2,13,9
143,0,37,2,3,3,0,0,7,10,5,27,19
9,4,6,0,4,2,9,9,9,9,9,9,9
145,0,42,1,0,5,2,2,9,12,7,0,21
73,1,42,1,3,3,7,8,5,16,4,15,11
147,0,42,0,2,0,4,4,11,14,9,2,23
37,2,6,1,2,2,4,11,3,18,14,8,6
149,0,6,2,4,2,6,6,13,16,11,4,25
75,1,3,0,0,5,9,10,7,18,6,17,13
151,0,3,1,1,4,8,8,15,18,13,6,27
19,3,6,1,4,5,8,6,2,0,19,19,19
153,0,11,0,3,6,10,10,0,1,15,8,29
77,1,6,2,2,0,0,12,9,1,8,19,15
155,0,30,2,0,1,1,12,2,3,17,10,0
39,2,11,0,4,4,6,0,5,1,16,10,8
157,0,11,1,2,3,3,1,4,5,19,12,2
79,1,11,1,4,2,2,1,11,3,10,21,17
159,0,18,0,4,5,5,3,6,7,21,14,4
5,5,1,2,0,5,5,5,5,5,5,5,5
161,0,35,2,1,0,7,5,8,9,0,16,6
81,1,6,0,1,4,4,3,13,5,12,23,19
163,0,6,1,3,2,9,7,10,11,2,18,8
41,2,40,2,1,6,8,2,7,3,18,12,10
165,0,40,0,0,4,0,9,12,13,4,20,10
83,1,40,2,3,6,6,5,15,7,14,25,21
167,0,23,2,2,6,2,11,14,15,6,22,12
21,3,1,0,1,0,10,8,4,2,21,21,21
169,0,16,1,4,1,4,0,16,17,8,24,14
85,1,1,1,0,1,8,7,0,9,16,27,23
171,0,45,0,1,3,6,2,1,0,10,26,16
43,2,9,1,3,1,10,4,9,5,20,14,12
173,0,9,2,3,5,8,4,3,2,12,28,18
87,1,9,0,2,3,10,9,2,11,18,0,25
175,0,28,1,0,0,10,6,5,4,14,1,20
11,4,4,2,1,4,0,11,11,11,11,11,11
177,0,9,0,2,2,1,8,7,6,16,3,22
89,1,9,2,4,5,1,11,4,13,20,2,27
179,0,9,2,4,4,3,10,9,8,18,5,24
45,2,4,0,0,3,1,6,11,7,22,16,14
181,0,4,1,1,6,5,12,11,10,20,7,26
91,1,33,1,1,0,3,0,6,15,22,4,29
183,0,33,0,3,1,7,1,13,12,22,9,28
23,3,4,2,3,2,1,10,6,4,0,23,23
185,0,14,2,0,3,9,3,15,14,1,11,30
93,1,4,0,3,2,5,2,8,17,1,6,0
187,0,14,1,2,5,0,5,0,16,3,13,1
47,2,38,2,2,5,3,8,13,9,1,18,16
189,0,38,0,4,0,2,7,2,18,5,15,3
95,1,38,2,0,4,7,4,10,0,3,8,2
191,0,14,2,1,2,4,9,4,1,7,17,5
3,6,2,0,3,3,3,3,3,3,3,3,3
193,0,43,1,3,4,6,11,6,3,9,19,7
97,1,43,1,2,6,9,6,12,2,5,10,4
195,0,43,0,0,6,8,0,8,5,11,21,9
49,2,7,1,4,0,5,10,15,11,3,20,18
197,0,7,2,2,1,10,2,10,7,13,23,11
99,1,7,0,4,1,0,8,14,4,7,12,6
199,0,43,1,4,3,1,4,12,9,15,25,13
25,3,7,1,0,4,3,12,8,6,2,25,25
201,0,4,0,1,5,3,6,14,11,17,27,15
101,1,7,2,1,3,2,10,16,6,9,14,8
203,0,12,2,3,0,5,8,16,13,19,0,17
51,2,7,0,1,2,7,12,0,13,5,22,20
205,0,7,1,0,2,7,10,1,15,21,2,19
103,1,31,1,3,5,4,12,1,8,11,16,10
207,0,31,0,2,4,9,12,3,17,0,4,21
13,4,2,1,3,6,2,0,13,13,13,13,13
209,0,12,2,4,6,0,1,5,0,2,6,23
105,1,12,0,0,0,6,1,3,10,13,18,12
211,0,12,1,1,1,2,3,7,2,4,8,25
53,2,2,2,3,4,9,1,2,15,7,24,22
213,0,2,0,3,3,4,5,9,4,6,10,27
107,1,36,2,2,2,8,3,5,12,15,20,14
215,0,36,2,0,5,6,7,11,6,8,12,29
27,3,41,0,2,6,5,1,10,8,4,27,27
217,0,7,1,2,0,8,9,13,8,10,14,0
109,1,41,1,4,4,10,5,7,14,17,22,16
219,0,17,0,4,2,10,11,15,10,12,16,2
55,2,41,1,0,6,0,3,4,17,9,26,24
221,0,41,2,1,4,1,0,0,12,14,18,4
111,1,24,0,1,6,1,7,9,16,19,24,18
223,0,24,1,3,6,3,2,2,14,16,20,6
7,5,5,1,2,0,7,7,7,7,7,7,7
225,0,17,0,0,1,5,4,4,16,18,22,8
113,1,2,2,3,1,3,9,11,18,21,26,20
227,0,2,2,2,3,7,6,6,18,20,24,10
57,2,10,0,2,1,2,5,6,0,11,28,26
229,0,10,1,4,5,9,8,8,1,22,26,12
115,1,10,1,0,3,5,11,13,1,0,28,22
231,0,46,0,1,0,0,10,10,3,1,28,14
29,3,5,2,4,1,7,3,12,10,6,0,29
233,0,29,2,3,2,2,12,12,5,3,1,16
117,1,5,0,2,5,7,0,15,3,2,1,24
235,0,46,1,0,4,4,1,14,7,5,3,18
59,2,10,2,4,3,4,7,8,2,13,1,28
237,0,10,0,2,6,6,3,16,9,7,5,20
119,1,10,2,4,0,9,2,0,5,4,3,26
239,0,17,2,4,1,8,5,1,11,9,7,22
15,4,5,0,0,1,4,2,15,15,15,15,15
241,0,5,1,1,3,10,7,3,13,11,9,24
121,1,34,1,1,2,0,4,2,7,6,5,28
243,0,34,0,3,5,1,9,5,15,13,11,26
61,2,5,1,1,5,6,9,10,4,15,3,30
245,0,5,2,0,0,3,11,7,17,15,13,28
123,1,15,0,3,4,2,6,4,9,8,7,30
247,0,15,1,2,2,5,0,9,0,17,15,30
31,3,39,1,1,3,9,5,14,12,8,2,0
249,0,15,0,4,4,7,2,11,2,19,17,1
125,1,39,2,0,6,4,8,6,11,10,9,1
251,0,22,2,1,6,9,4,13,4,21,19,3
63,2,39,0,3,0,8,11,12,6,17,5,1
253,0,39,1,3,1,0,6,15,6,0,21,5
127,1,15,1,2,1,6,10,8,13,12,11,3
255,0,15,0,0,3,2,8,0,8,2,23,7
1,8,0,1,1,1,1,1,1,1,1,1,1
257,0,44,2,2,5,4,10,2,10,4,25,9
129,1,44,0,4,3,8,12,10,15,14,13,5
259,0,44,1,4,0,6,12,4,12,6,27,11
65,2,8,2,0,2,10,0,14,8,19,7,3
261,0,8,0,1,2,8,1,6,14,8,0,13
131,1,8,2,1,5,10,1,12,17,16,15,7
263,0,27,2,3,4,10,3,8,16,10,2,15
33,3,8,0,3,5,0,7,16,14,10,4,2
265,0,44,1,0,6,1,5,10,18,12,4,17
133,1,8,1,3,0,1,3,14,0,18,17,9
267,0,5,0,2,1,3,7,12,1,14,6,19
67,2,8,1,2,4,1,2,16,10,21,9,5
269,0,8,2,4,3,5,9,14,3,16,8,21
135,1,13,0,0,2,3,5,16,2,20,19,11
271,0,13,1,1,5,7,11,16,5,18,10,23
17,4,3,2,2,3,6,4,0,17,17,17,17
273,0,8,0,3,0,9,0,1,7,20,12,25
137,1,32,2,2,4,5,7,1,4,22,21,13
275,0,32,2,0,2,0,2,3,9,22,14,27
69,2,3,0,4,6,3,4,1,12,0,11,7
277,0,3,1,2,4,2,4,5,11,1,16,29
139,1,13,1,4,6,7,9,3,6,1,23,15
279,0,13,0,4,6,4,6,7,13,3,18,0
35,3,3,2,0,0,2,9,1,16,12,6,4
281,0,13,2,1,1,6,8,9,15,5,20,2
141,1,3,0,1,1,9,11,5,8,3,25,17
283,0,20,1,3,3,8,10,11,17,7,22,4
71,2,37,2,1,1,5,6,3,14,2,13,9
285,0,37,0,0,5,10,12,13,0,9,24,6
143,1,37,2,3,3,0,0,7,10,5,27,19
287,0,13,2,2,0,1,1,15,2,11,26,8
9,5,6,0,4,2,9,9,9,9,9,9,9
289,0,8,1,4,2,3,3,0,4,13,28,10
145,1,42,1,0,5,2,2,9,12,7,0,21
291,0,42,0,1,4,5,5,2,6,15,1,12
73,2,42,1,3,3,7,8,5,16,4,15,11
293,0,42,2,3,6,7,7,4,8,17,3,14
147,1,42,0,2,0,4,4,11,14,9,2,23
295,0,18,1,0,1,9,9,6,10,19,5,16
37,3,6,1,2,2,4,11,3,18,14,8,6
297,0,25,0,2,3,0,11,8,12,21,7,18
149,1,6,2,4,2,6,6,13,16,11,4,25
299,0,42,2,4,5,2,0,10,14,0,9,20
75,2,3,0,0,5,9,10,7,18,6,17,13
301,0,3,1,1,0,4,2,12,16,2,11,22
151,1,3,1,1,4,8,8,15,18,13,6,27
303,0,13,0,3,2,6,4,14,18,4,13,24
19,4,6,1,4,5,8,6,2,0,19,19,19
305,0,11,2,0,4,8,6,16,1,6,15,26
153,1,11,0,3,6,10,10,0,1,15,8,29
307,0,11,1,2,6,10,8,1,3,8,17,28
77,2,6,2,2,0,0,12,9,1,8,19,15
309,0,6,0,4,1,1,10,3,5,10,19,30
155,1,30,2,0,1,1,12,2,3,17,10,0
311,0,30,2,1,3,3,12,5,7,12,21,1
39,3,11,0,4,4,6,0,5,1,16,10,8
313,0,47,1,3,5,5,1,7,9,14,23,3
157,1,11,1,2,3,3,1,4,5,19,12,2
315,0,11,0,0,0,7,3,9,11,16,25,5
79,2,11,1,4,2,2,1,11,3,10,21,17
317,0,11,2,2,2,9,5,11,13,18,27,7
159,1,18,0,4,5,5,3,6,7,21,14,4
319,0,18,1,4,4,0,7,13,15,20,0,9
5,6,1,2,0,5,5,5,5,5,5,5,5
321,0,6,0,1,6,2,9,15,17,22,2,11
161,1,35,2,1,0,7,5,8,9,0,16,6
323,0,35,2,3,1,4,11,0,0,1,4,13
81,2,6,0,1,4,4,3,13,5,12,23,19
325,0,6,1,0,3,6,0,2,2,3,6,15
163,1,6,1,3,2,9,7,10,11,2,18,8
327,0,52,0,2,5,8,2,4,4,5,8,17
41,3,40,2,1,6,8,2,7,3,18,12,10
329,0,16,2,4,0,10,4,6,6,7,10,19
165,1,40,0,0,4,0,9,12,13,4,20,10
331,0,6,1,1,2,1,6,8,8,9,12,21
83,2,40,2,3,6,6,5,15,7,14,25,21
333,0,40,0,3,4,3,8,10,10,11,14,23
167,1,23,2,2,6,2,11,14,15,6,22,12
335,0,23,2,0,6,5,10,12,12,13,16,25
21,4,1,0,1,0,10,8,4,2,21,21,21
337,0,40,1,2,1,7,12,14,14,15,18,27
169,1,16,1,4,1,4,0,16,17,8,24,14
339,0,16,0,4,3,9,1,16,16,17,20,29
85,2,1,1,0,1,8,7,0,9,16,27,23
341,0,1,2,1,5,0,3,1,18,19,22,0
171,1,45,0,1,3,6,2,1,0,10,26,16
343,0,45,1,3,0,2,5,3,1,21,24,2
43,3,9,1,3,1,10,4,9,5,20,14,12
345,0,45,0,0,2,4,7,5,3,0,26,4
173,1,9,2,3,5,8,4,3,2,12,28,18
347,0,45,2,2,4,6,9,7,5,2,28,6
87,2,9,0,2,3,10,9,2,11,18,0,25
349,0,9,1,4,6,8,11,9,7,4,1,8
175,1,28,1,0,0,10,6,5,4,14,1,20
351,0,28,0,1,1,10,0,11,9,6,3,10
11,5,4,2,1,4,0,11,11,11,11,11,11
353,0,45,2,3,3,1,2,13,11,8,5,12
177,1,9,0,2,2,1,8,7,6,16,3,22
355,0,9,1,0,5,3,4,15,13,10,7,14
89,2,9,2,4,5,1,11,4,13,20,2,27
357,0,9,0,2,0,5,6,0,15,12,9,16
179,1,9,2,4,4,3,10,9,8,18,5,24
359,0,16,2,4,2,7,8,2,17,14,11,18
45,3,4,0,0,3,1,6,11,7,22,16,14
361,0,14,1,1,4,9,10,4,0,16,13,20
181,1,4,1,1,6,5,12,11,10,20,7,26
363,0,14,0,3,6,0,12,6,2,18,15,22
91,2,33,1,1,0,3,0,6,15,22,4,29
365,0,33,2,0,1,2,1,8,4,20,17,24
183,1,33,0,3,1,7,1,13,12,22,9,28
367,0,14,1,2,3,4,3,10,6,22,19,26
23,4,4,2,3,2,1,10,6,4,0,23,23
369,0,4,0,4,5,6,5,12,8,1,21,28
185,1,14,2,0,3,9,3,15,14,1,11,30
371,0,14,2,1,0,8,7,14,10,3,23,30
93,2,4,0,3,2,5,2,8,17,1,6,0
373,0,4,1,3,2,10,9,16,12,5,25,1
187,1,14,1,2,5,0,5,0,16,3,13,1
375,0,14,0,0,4,1,11,1,14,7,27,3
47,3,38,2,2,5,3,8,13,9,1,18,16
377,0,21,2,2,6,3,0,3,16,9,0,5
189,1,38,0,4,0,2,7,2,18,5,15,3
379,0,19,1,4,1,5,2,5,18,11,2,7
95,2,38,2,0,4,7,4,10,0,3,8,2
381,0,38,0,1,3,7,4,7,1,13,4,9
191,1,14,2,1,2,4,9,4,1,7,17,5
383,0,14,2,3,5,9,6,9,3,15,6,11
3,7,2,0,3,3,3,3,3,3,3,3,3
385,0,9,1,0,0,0,8,11,5,17,8,13
193,1,43,1,3,4,6,11,6,3,9,19,7
387,0,43,0,2,2,2,10,13,7,19,10,15
97,2,43,1,2,6,9,6,12,2,5,10,4
389,0,43,2,4,4,4,12,15,9,21,12,17
195,1,43,0,0,6,8,0,8,5,11,21,9
391,0,43,1,1,6,6,1,0,11,0,14,19
49,3,7,1,4,0,5,10,15,11,3,20,18
393,0,19,0,3,1,8,3,2,13,2,16,21
197,1,7,2,2,1,10,2,10,7,13,23,11
395,0,26,2,0,3,10,5,4,15,4,18,23
99,2,7,0,4,1,0,8,14,4,7,12,6
397,0,7,1,2,5,1,7,6,17,6,20,25
199,1,43,1,4,3,1,4,12,9,15,25,13
399,0,43,0,4,0,3,9,8,0,8,22,27
25,4,7,1,0,4,3,12,8,6,2,25,25
401,0,4,2,1,2,5,11,10,2,10,24,29
201,1,4,0,1,5,3,6,14,11,17,27,15
403,0,4,1,3,4,7,0,12,4,12,26,0
101,2,7,2,1,3,2,10,16,6,9,14,8
405,0,7,0,0,6,9,2,14,6,14,28,2
203,1,12,2,3,0,5,8,16,13,19,0,17
407,0,12,2,2,1,0,4,16,8,16,1,4
51,3,7,0,1,2,7,12,0,13,5,22,20
409,0,12,1,4,3,2,6,1,10,18,3,6
205,1,7,1,0,2,7,10,1,15,21,2,19
411,0,48,0,1,5,4,8,3,12,20,5,8
103,2,31,1,3,5,4,12,1,8,11,16,10
413,0,31,2,3,0,6,10,5,14,22,7,10
207,1,31,0,2,4,9,12,3,17,0,4,21
415,0,48,1,0,2,8,12,7,16,1,9,12
13,5,2,1,3,6,2,0,13,13,13,13,13
417,0,48,0,2,4,10,1,9,18,3,11,14
209,1,12,2,4,6,0,1,5,0,2,6,23
419,0,12,2,4,6,1,3,11,1,5,13,16
105,2,12,0,0,0,6,1,3,10,13,18,12
421,0,12,1,1,1,3,5,13,3,7,15,18
211,1,12,1,1,1,2,3,7,2,4,8,25
423,0,9,0,3,3,5,7,15,5,9,17,20
53,3,2,2,3,4,9,1,2,15,7,24,22
425,0,19,2,0,5,7,9,0,7,11,19,22
213,1,2,0,3,3,4,5,9,4,6,10,27
427,0,17,1,2,0,9,11,2,9,13,21,24
107,2,36,2,2,2,8,3,5,12,15,20,14
429,0,36,0,4,2,0,0,4,11,15,23,26
215,1,36,2,0,5,6,7,11,6,8,12,29
431,0,12,2,1,4,2,2,6,13,17,25,28
27,4,41,0,2,6,5,1,10,8,4,27,27
433,0,7,1,3,6,4,4,8,15,19,27,30
217,1,7,1,2,0,8,9,13,8,10,14,0
435,0,7,0,0,1,6,6,10,17,21,0,1
109,2,41,1,4,4,10,5,7,14,17,22,16
437,0,41,2,2,3,8,8,12,0,0,2,3
219,1,17,0,4,2,10,11,15,10,12,16,2
439,0,17,1,4,5,10,10,14,2,2,4,5
55,3,41,1,0,6,0,3,4,17,9,26,24
441,0,7,0,1,0,1,12,16,4,4,6,7
221,1,41,2,1,4,1,0,0,12,14,18,4
443,0,17,2,3,2,3,1,1,6,6,8,9
111,2,24,0,1,6,1,7,9,16,19,24,18
445,0,24,1,0,4,5,3,3,8,8,10,11
223,1,24,1,3,6,3,2,2,14,16,20,6
447,0,34,0,2,6,7,5,5,10,10,12,13
7,6,5,1,2,0,7,7,7,7,7,7,7
449,0,41,2,4,1,9,7,7,12,12,14,15
225,1,17,0,0,1,5,4,4,16,18,22,8
451,0,17,1,1,3,0,9,9,14,14,16,17
113,2,2,2,3,1,3,9,11,18,21,26,20
453,0,2,0,3,5,2,11,11,16,16,18,19
227,1,2,2,2,3,7,6,6,18,20,24,10
455,0,12,2,0,0,4,0,13,18,18,20,21
57,3,10,0,2,1,2,5,6,0,11,28,26
457,0,46,1,2,2,6,2,15,1,20,22,23
229,1,10,1,4,5,9,8,8,1,22,26,12
459,0,46,0,4,4,8,4,0,3,22,24,25
115,2,10,1,0,3,5,11,13,1,0,28,22
461,0,10,2,1,6,10,6,2,5,1,26,27
231,1,46,0,1,0,0,10,10,3,1,28,14
463,0,46,1,3,1,1,8,4,7,3,28,29
29,4,5,2,4,1,7,3,12,10,6,0,29
465,0,10,0,0,3,3,10,6,9,5,1,0
233,1,29,2,3,2,2,12,12,5,3,1,16
467,0,29,2,2,5,5,12,8,11,7,3,2
117,2,5,0,2,5,7,0,15,3,2,1,24
469,0,5,1,4,0,7,1,10,13,9,5,4
235,1,46,1,0,4,4,1,14,7,5,3,18
471,0,46,0,1,2,9,3,12,15,11,7,6
59,3,10,2,4,3,4,7,8,2,13,1,28
473,0,10,2,3,4,0,5,14,17,13,9,8
237,1,10,0,2,6,6,3,16,9,7,5,20
475,0,7,1,0,6,2,7,16,0,15,11,10
119,2,10,2,4,0,9,2,0,5,4,3,26
477,0,10,0,2,1,4,9,1,2,17,13,12
239,1,17,2,4,1,8,5,1,11,9,7,22
479,0,17,2,4,3,6,11,3,4,19,15,14
15,5,5,0,0,1,4,2,15,15,15,15,15
481,0,15,1,1,5,8,0,5,6,21,17,16
241,1,5,1,1,3,10,7,3,13,11,9,24
483,0,5,0,3,0,10,2,7,8,0,19,18
121,2,34,1,1,2,0,4,2,7,6,5,28
485,0,34,2,0,2,1,4,9,10,2,21,20
243,1,34,0,3,5,1,9,5,15,13,11,26
487,0,51,1,2,4,3,6,11,12,4,23,22
61,3,5,1,1,5,6,9,10,4,15,3,30
489,0,15,0,4,6,5,8,13,14,6,25,24
245,1,5,2,0,0,3,11,7,17,15,13,28
491,0,51,2,1,1,7,10,15,16,8,27,26
123,2,15,0,3,4,2,6,4,9,8,7,30
493,0,15,1,3,3,9,12,0,18,10,0,28
247,1,15,1,2,2,5,0,9,0,17,15,30
495,0,34,0,0,5,0,1,2,1,12,2,30
31,4,39,1,1,3,9,5,14,12,8,2,0
497,0,5,2,2,0,2,3,4,3,14,4,1
249,1,15,0,4,4,7,2,11,2,19,17,1
499,0,15,1,4,2,4,5,6,5,16,6,3
125,2,39,2,0,6,4,8,6,11,10,9,1
501,0,39,0,1,4,6,7,8,7,18,8,5
251,1,22,2,1,6,9,4,13,4,21,19,3
503,0,22,2,3,6,8,9,10,9,20,10,7
63,3,39,0,3,0,8,11,12,6,17,5,1
505,0,20,1,0,1,10,11,12,11,22,12,9
253,1,39,1,3,1,0,6,15,6,0,21,5
507,0,10,0,2,3,1,0,14,13,1,14,11
127,2,15,1,2,1,6,10,8,13,12,11,3
509,0,15,2,4,5,3,2,16,15,3,16,13
255,1,15,0,0,3,2,8,0,8,2,23,7
511,0,20,1,1,0,5,4,1,17,5,18,15
1,9,0,1,1,1,1,1,1,1,1,1,1
513,0,10,0,3,2,7,6,3,0,7,20,17
257,1,44,2,2,5,4,10,2,10,4,25,9
515,0,44,2,0,4,9,8,5,2,9,22,19
129,2,44,0,4,3,8,12,10,15,14,13,5
517,0,44,1,2,6,0,10,7,4,11,24,21
259,1,44,1,4,0,6,12,4,12,6,27,11
519,0,20,0,4,1,2,12,9,6,13,26,23
65,3,8,2,0,2,10,0,14,8,19,7,3
521,0,44,2,1,3,4,1,11,8,15,28,25
261,1,8,0,1,2,8,1,6,14,8,0,13
523,0,44,1,3,5,6,3,13,10,17,1,27
131,2,8,2,1,5,10,1,12,17,16,15,7
525,0,8,0,0,0,8,5,15,12,19,3,29
263,1,27,2,3,4,10,3,8,16,10,2,15
527,0,27,2,2,2,10,7,0,14,21,5,0
33,4,8,0,3,5,0,7,16,14,10,4,2
529,0,8,1,4,4,1,9,2,16,0,7,2
265,1,44,1,0,6,1,5,10,18,12,4,17
531,0,44,0,1,6,3,11,4,18,2,9,4
133,2,8,1,3,0,1,3,14,0,18,17,9
533,0,8,2,3,1,5,0,6,1,4,11,6
267,1,5,0,2,1,3,7,12,1,14,6,19
535,0,5,1,0,3,7,2,8,3,6,13,8
67,3,8,1,2,4,1,2,16,10,21,9,5
537,0,5,0,2,5,9,4,10,5,8,15,10
269,1,8,2,4,3,5,9,14,3,16,8,21
539,0,15,2,4,0,0,6,12,7,10,17,12
135,2,13,0,0,2,3,5,16,2,20,19,11
541,0,13,1,1,2,2,8,14,9,12,19,14
271,1,13,1,1,5,7,11,16,5,18,10,23
543,0,49,0,3,4,4,10,16,11,14,21,16
17,5,3,2,2,3,6,4,0,17,17,17,17
545,0,13,2,0,6,6,12,1,13,16,23,18
273,1,8,0,3,0,9,0,1,7,20,12,25
547,0,8,1,2,1,8,1,3,15,18,25,20
137,2,32,2,2,4,5,7,1,4,22,21,13
549,0,32,0,4,3,10,3,5,17,20,27,22
275,1,32,2,0,2,0,2,3,9,22,14,27
551,0,13,2,1,5,1,5,7,0,22,0,24
69,3,3,0,4,6,3,4,1,12,0,11,7
553,0,49,1,3,0,3,7,9,2,1,2,26
277,1,3,1,2,4,2,4,5,11,1,16,29
555,0,8,0,0,2,5,9,11,4,3,4,28
139,2,13,1,4,6,7,9,3,6,1,23,15
557,0,13,2,2,4,7,11,13,6,5,6,30
279,1,13,0,4,6,4,6,7,13,3,18,0
559,0,30,1,4,6,9,0,15,8,7,8,1
35,4,3,2,0,0,2,9,1,16,12,6,4
561,0,13,0,1,1,0,2,0,10,9,10,3
281,1,13,2,1,1,6,8,9,15,5,20,2
563,0,13,2,3,3,2,4,2,12,11,12,5
141,2,3,0,1,1,9,11,5,8,3,25,17
565,0,3,1,0,5,4,6,4,14,13,14,7
283,1,20,1,3,3,8,10,11,17,7,22,4
567,0,20,0,2,0,6,8,6,16,15,16,9
71,3,37,2,1,1,5,6,3,14,2,13,9
569,0,18,2,4,2,8,10,8,18,17,18,11
285,1,37,0,0,5,10,12,13,0,9,24,6
571,0,8,1,1,4,10,12,10,1,19,20,13
143,2,37,2,3,3,0,0,7,10,5,27,19
573,0,37,0,3,6,1,1,12,3,21,22,15
287,1,13,2,2,0,1,1,15,2,11,26,8
575,0,13,2,0,1,3,3,14,5,0,24,17
9,6,6,0,4,2,9,9,9,9,9,9,9
577,0,8,1,2,3,5,5,16,7,2,26,19
289,1,8,1,4,2,3,3,0,4,13,28,10
579,0,8,0,4,5,7,7,1,9,4,28,21
145,2,42,1,0,5,2,2,9,12,7,0,21
581,0,42,2,1,0,9,9,3,11,6,1,23
291,1,42,0,1,4,5,5,2,6,15,1,12
583,0,8,1,3,2,0,11,5,13,8,3,25
73,3,42,1,3,3,7,8,5,16,4,15,11
585,0,18,0,0,4,2,0,7,15,10,5,27
293,1,42,2,3,6,7,7,4,8,17,3,14
587,0,42,2,2,6,4,2,9,17,12,7,29
147,2,42,0,2,0,4,4,11,14,9,2,23
589,0,42,1,4,1,6,4,11,0,14,9,0
295,1,18,1,0,1,9,9,6,10,19,5,16
591,0,18,0,1,3,8,6,13,2,16,11,2
37,4,6,1,2,2,4,11,3,18,14,8,6
593,0,25,2,3,5,10,8,15,4,18,13,4
297,1,25,0,2,3,0,11,8,12,21,7,18
595,0,25,1,0,0,1,10,0,6,20,15,6
149,2,6,2,4,2,6,6,13,16,11,4,25
597,0,6,0,2,2,3,12,2,8,22,17,8
299,1,42,2,4,5,2,0,10,14,0,9,20
599,0,42,2,4,4,5,1,4,10,1,19,10
75,3,3,0,0,5,9,10,7,18,6,17,13
601,0,18,1,1,6,7,3,6,12,3,21,12
301,1,3,1,1,0,4,2,12,16,2,11,22
603,0,23,0,3,1,9,5,8,14,5,23,14
151,2,3,1,1,4,8,8,15,18,13,6,27
605,0,3,2,0,3,0,7,10,16,7,25,16
303,1,13,0,3,2,6,4,14,18,4,13,24
607,0,13,1,2,5,2,9,12,18,9,27,18
19,5,6,1,4,5,8,6,2,0,19,19,19
609,0,47,0,4,0,4,11,14,1,11,0,20
305,1,11,2,0,4,8,6,16,1,6,15,26
611,0,11,2,1,2,6,0,16,3,13,2,22
153,2,11,0,3,6,10,10,0,1,15,8,29
613,0,11,1,3,4,8,2,1,5,15,4,24
307,1,11,1,2,6,10,8,1,3,8,17,28
615,0,23,0,0,6,10,4,3,7,17,6,26
77,3,6,2,2,0,0,12,9,1,8,19,15
617,0,47,2,2,1,1,6,5,9,19,8,28
309,1,6,0,4,1,1,10,3,5,10,19,30
619,0,47,1,4,3,3,8,7,11,21,10,30
155,2,30,2,0,1,1,12,2,3,17,10,0
621,0,30,0,1,5,5,10,9,13,0,12,1
311,1,30,2,1,3,3,12,5,7,12,21,1
623,0,47,2,3,0,7,12,11,15,2,14,3
39,4,11,0,4,4,6,0,5,1,16,10,8
625,0,6,1,0,2,9,1,13,17,4,16,5
313,1,47,1,3,5,5,1,7,9,14,23,3
627,0,47,0,2,4,0,3,15,0,6,18,7
157,2,11,1,2,3,3,1,4,5,19,12,2
629,0,11,2,4,6,2,5,0,2,8,20,9
315,1,11,0,0,0,7,3,9,11,16,25,5
631,0,11,1,1,1,4,7,2,4,10,22,11
79,3,11,1,4,2,2,1,11,3,10,21,17
633,0,8,0,3,3,6,9,4,6,12,24,13
317,1,11,2,2,2,9,5,11,13,18,27,7
635,0,8,2,0,5,8,11,6,8,14,26,15
159,2,18,0,4,5,5,3,6,7,21,14,4
637,0,18,1,2,0,10,0,8,10,16,28,17
319,1,18,1,4,4,0,7,13,15,20,0,9
639,0,47,0,4,2,1,2,10,12,18,1,19
5,7,1,2,0,5,5,5,5,5,5,5,5
641,0,16,2,1,4,3,4,12,14,20,3,21
321,1,6,0,1,6,2,9,15,17,22,2,11
643,0,6,1,3,6,5,6,14,16,22,5,23
161,2,35,2,1,0,7,5,8,9,0,16,6
645,0,35,0,0,1,7,8,16,18,1,7,25
323,1,35,2,3,1,4,11,0,0,1,4,13
647,0,11,2,2,3,9,10,1,1,3,9,27
81,3,6,0,1,4,4,3,13,5,12,23,19
649,0,52,1,4,5,0,12,3,3,5,11,29
325,1,6,1,0,3,6,0,2,2,3,6,15
651,0,35,0,1,0,2,1,5,5,7,13,0
163,2,6,1,3,2,9,7,10,11,2,18,8
653,0,6,2,3,2,4,3,7,7,9,15,2
327,1,52,0,2,5,8,2,4,4,5,8,17
655,0,52,1,0,4,6,5,9,9,11,17,4
41,4,40,2,1,6,8,2,7,3,18,12,10
657,0,16,0,2,6,8,7,11,11,13,19,6
329,1,16,2,4,0,10,4,6,6,7,10,19
659,0,16,2,4,1,10,9,13,13,15,21,8
165,2,40,0,0,4,0,9,12,13,4,20,10
661,0,40,1,1,3,1,11,15,15,17,23,10
331,1,6,1,1,2,1,6,8,8,9,12,21
663,0,6,0,3,5,3,0,0,17,19,25,12
83,3,40,2,3,6,6,5,15,7,14,25,21
665,0,16,2,0,0,5,2,2,0,21,27,14
333,1,40,0,3,4,3,8,10,10,11,14,23
667,0,52,1,2,2,7,4,4,2,0,0,16
167,2,23,2,2,6,2,11,14,15,6,22,12
669,0,23,0,4,4,9,6,6,4,2,2,18
335,1,23,2,0,6,5,10,12,12,13,16,25
671,0,33,2,1,6,0,8,8,6,4,4,20
21,5,1,0,1,0,10,8,4,2,21,21,21
673,0,21,1,3,1,2,10,10,8,6,6,22
337,1,40,1,2,1,7,12,14,14,15,18,27
675,0,40,0,0,3,4,12,12,10,8,8,24
169,2,16,1,4,1,4,0,16,17,8,24,14
677,0,16,2,2,5,6,1,14,12,10,10,26
339,1,16,0,4,3,9,1,16,16,17,20,29
679,0,21,1,4,0,8,3,16,14,12,12,28
85,3,1,1,0,1,8,7,0,9,16,27,23
681,0,21,0,1,2,10,5,1,16,14,14,30
341,1,1,2,1,5,0,3,1,18,19,22,0
683,0,11,2,3,4,1,7,3,18,16,16,1
171,2,45,0,1,3,6,2,1,0,10,26,16
685,0,45,1,0,6,3,9,5,1,18,18,3
343,1,45,1,3,0,2,5,3,1,21,24,2
687,0,11,0,2,1,5,11,7,3,20,20,5
43,4,9,1,3,1,10,4,9,5,20,14,12
689,0,45,2,4,3,7,0,9,5,22,22,7
345,1,45,0,0,2,4,7,5,3,0,26,4
691,0,45,1,1,5,9,2,11,7,1,24,9
173,2,9,2,3,5,8,4,3,2,12,28,18
693,0,9,0,3,0,0,4,13,9,3,26,11
347,1,45,2,2,4,6,9,7,5,2,28,6
695,0,45,2,0,2,2,6,15,11,5,28,13
87,3,9,0,2,3,10,9,2,11,18,0,25
697,0,45,1,2,4,4,8,0,13,7,1,15
349,1,9,1,4,6,8,11,9,7,4,1,8
699,0,21,0,4,6,6,10,2,15,9,3,17
175,2,28,1,0,0,10,6,5,4,14,1,20
701,0,28,2,1,1,8,12,4,17,11,5,19
351,1,28,0,1,1,10,0,11,9,6,3,10
703,0,62,1,3,3,10,1,6,0,13,7,21
11,6,4,2,1,4,0,11,11,11,11,11,11
705,0,9,0,0,5,1,3,8,2,15,9,23
353,1,45,2,3,3,1,2,13,11,8,5,12
707,0,45,2,2,0,3,5,10,4,17,11,25
177,2,9,0,2,2,1,8,7,6,16,3,22
709,0,9,1,4,2,5,7,12,6,19,13,27
355,1,9,1,0,5,3,4,15,13,10,7,14
711,0,21,0,1,4,7,9,14,8,21,15,29
89,3,9,2,4,5,1,11,4,13,20,2,27
713,0,6,2,3,6,9,11,16,10,0,17,0
357,1,9,0,2,0,5,6,0,15,12,9,16
715,0,6,1,0,1,0,0,1,12,2,19,2
179,2,9,2,4,4,3,10,9,8,18,5,24
717,0,9,0,2,3,2,2,3,14,4,21,4
359,1,16,2,4,2,7,8,2,17,14,11,18
719,0,16,2,4,5,4,4,5,16,6,23,6
45,4,4,0,0,3,1,6,11,7,22,16,14
721,0,14,1,1,0,6,6,7,18,8,25,8
361,1,14,1,1,4,9,10,4,0,16,13,20
723,0,14,0,3,2,8,8,9,1,10,27,10
181,2,4,1,1,6,5,12,11,10,20,7,26
725,0,4,2,0,4,10,10,11,3,12,0,12
363,1,14,0,3,6,0,12,6,2,18,15,22
727,0,14,1,2,6,1,12,13,5,14,2,14
91,3,33,1,1,0,3,0,6,15,22,4,29
729,0,9,0,4,1,3,1,15,7,16,4,16
365,1,33,2,0,1,2,1,8,4,20,17,24
731,0,50,2,1,3,5,3,0,9,18,6,18
183,2,33,0,3,1,7,1,13,12,22,9,28
733,0,33,1,3,5,7,5,2,11,20,8,20
367,1,14,1,2,3,4,3,10,6,22,19,26
735,0,14,0,0,0,9,7,4,13,22,10,22
23,5,4,2,3,2,1,10,6,4,0,23,23
737,0,50,2,2,2,0,9,6,15,1,12,24
369,1,4,0,4,5,6,5,12,8,1,21,28
739,0,4,1,4,4,2,11,8,17,3,14,26
185,2,14,2,0,3,9,3,15,14,1,11,30
741,0,14,0,1,6,4,0,10,0,5,16,28
371,1,14,2,1,0,8,7,14,10,3,23,30
743,0,33,2,3,1,6,2,12,2,7,18,30
93,3,4,0,3,2,5,2,8,17,1,6,0
745,0,31,1,0,3,8,4,14,4,9,20,1
373,1,4,1,3,2,10,9,16,12,5,25,1
747,0,14,0,2,5,10,6,16,6,11,22,3
187,2,14,1,2,5,0,5,0,16,3,13,1
749,0,14,2,4,0,1,8,1,8,13,24,5
375,1,14,0,0,4,1,11,1,14,7,27,3
751,0,50,1,1,2,3,10,3,10,15,26,7
47,4,38,2,2,5,3,8,13,9,1,18,16
753,0,4,0,3,4,5,12,5,12,17,28,9
377,1,21,2,2,6,3,0,3,16,9,0,5
755,0,21,2,0,6,7,1,7,14,19,1,11
189,2,38,0,4,0,2,7,2,18,5,15,3
757,0,38,1,2,1,9,3,9,16,21,3,13
379,1,19,1,4,1,5,2,5,18,11,2,7
759,0,19,0,4,3,0,5,11,18,0,5,15
95,3,38,2,0,4,7,4,10,0,3,8,2
761,0,9,2,1,5,2,7,13,1,2,7,17
381,1,38,0,1,3,7,4,7,1,13,4,9
763,0,55,1,3,0,4,9,15,3,4,9,19
191,2,14,2,1,2,4,9,4,1,7,17,5
765,0,14,0,0,2,6,11,0,5,6,11,21
383,1,14,2,3,5,9,6,9,3,15,6,11
767,0,19,2,2,4,8,0,2,7,8,13,23
3,8,2,0,3,3,3,3,3,3,3,3,3
769,0,9,1,4,6,10,2,4,9,10,15,25
385,1,9,1,0,0,0,8,11,5,17,8,13
771,0,9,0,1,1,1,4,6,11,12,17,27
193,2,43,1,3,4,6,11,6,3,9,19,7
773,0,43,2,3,3,3,6,8,13,14,19,29
387,1,43,0,2,2,2,10,13,7,19,10,15
775,0,55,1,0,5,5,8,10,15,16,21,0
97,3,43,1,2,6,9,6,12,2,5,10,4
777,0,9,0,2,0,7,10,12,17,18,23,2
389,1,43,2,4,4,4,12,15,9,21,12,17
779,0,19,2,4,2,9,12,14,0,20,25,4
195,2,43,0,0,6,8,0,8,5,11,21,9
781,0,43,1,1,4,0,1,16,2,22,27,6
391,1,43,1,1,6,6,1,0,11,0,14,19
783,0,43,0,3,6,2,3,1,4,1,0,8
49,4,7,1,4,0,5,10,15,11,3,20,18
785,0,43,2,0,1,4,5,3,6,3,2,10
393,1,19,0,3,1,8,3,2,13,2,16,21
787,0,19,1,2,3,6,7,5,8,5,4,12
197,2,7,2,2,1,10,2,10,7,13,23,11
789,0,7,0,4,5,8,9,7,10,7,6,14
395,1,26,2,0,3,10,5,4,15,4,18,23
791,0,26,2,1,0,10,11,9,12,9,8,16
99,3,7,0,4,1,0,8,14,4,7,12,6
793,0,26,1,3,2,1,0,11,14,11,10,18
397,1,7,1,2,5,1,7,6,17,6,20,25
795,0,36,0,0,4,3,2,13,16,13,12,20
199,2,43,1,4,3,1,4,12,9,15,25,13
797,0,43,2,2,6,5,4,15,18,15,14,22
399,1,43,0,4,0,3,9,8,0,8,22,27
799,0,24,1,4,1,7,6,0,1,17,16,24
25,5,7,1,0,4,3,12,8,6,2,25,25
801,0,19,0,1,3,9,8,2,3,19,18,26
401,1,4,2,1,2,5,11,10,2,10,24,29
803,0,4,2,3,5,0,10,4,5,21,20,28
201,2,4,0,1,5,3,6,14,11,17,27,15
805,0,4,1,0,0,2,12,6,7,0,22,30
403,1,4,1,3,4,7,0,12,4,12,26,0
807,0,24,0,2,2,4,1,8,9,2,24,1
101,3,7,2,1,3,2,10,16,6,9,14,8
809,0,14,2,4,4,6,3,10,11,4,26,3
405,1,7,0,0,6,9,2,14,6,14,28,2
811,0,48,1,1,6,8,5,12,13,6,28,5
203,2,12,2,3,0,5,8,16,13,19,0,17
813,0,12,0,3,1,10,7,14,15,8,1,7
407,1,12,2,2,1,0,4,16,8,16,1,4
815,0,48,2,0,3,1,9,16,17,10,3,9
51,4,7,0,1,2,7,12,0,13,5,22,20
817,0,12,1,2,5,3,11,1,0,12,5,11
409,1,12,1,4,3,2,6,1,10,18,3,6
819,0,12,0,4,0,5,0,3,2,14,7,13
205,2,7,1,0,2,7,10,1,15,21,2,19
821,0,7,2,1,2,7,2,5,4,16,9,15
411,1,48,0,1,5,4,8,3,12,20,5,8
823,0,48,1,3,4,9,4,7,6,18,11,17
103,3,31,1,3,5,4,12,1,8,11,16,10
825,0,48,0,0,6,0,6,9,8,20,13,19
413,1,31,2,3,0,6,10,5,14,22,7,10
827,0,12,2,2,1,2,8,11,10,22,15,21
207,2,31,0,2,4,9,12,3,17,0,4,21
829,0,31,1,4,3,4,10,13,12,1,17,23
415,1,48,1,0,2,8,12,7,16,1,9,12
831,0,48,0,1,5,6,12,15,14,3,19,25
13,6,2,1,3,6,2,0,13,13,13,13,13
833,0,7,2,3,0,8,1,0,16,5,21,27
417,1,48,0,2,4,10,1,9,18,3,11,14
835,0,48,1,0,2,10,3,2,18,7,23,29
209,2,12,2,4,6,0,1,5,0,2,6,23
837,0,12,0,2,4,1,5,4,1,9,25,0
419,1,12,2,4,6,1,3,11,1,5,13,16
839,0,29,2,4,6,3,7,6,3,11,27,2
105,3,12,0,0,0,6,1,3,10,13,18,12
841,0,12,1,1,1,5,9,8,5,13,0,4
421,1,12,1,1,1,3,5,13,3,7,15,18
843,0,12,0,3,3,7,11,10,7,15,2,6
211,2,12,1,1,1,2,3,7,2,4,8,25
845,0,12,2,0,5,9,0,12,9,17,4,8
423,1,9,0,3,3,5,7,15,5,9,17,20
847,0,9,1,2,0,0,2,14,11,19,6,10
53,4,2,2,3,4,9,1,2,15,7,24,22
849,0,19,0,4,2,2,4,16,13,21,8,12
425,1,19,2,0,5,7,9,0,7,11,19,22
851,0,19,2,1,4,4,6,1,15,0,10,14
213,2,2,0,3,3,4,5,9,4,6,10,27
853,0,2,1,3,6,6,8,3,17,2,12,16
427,1,17,1,2,0,9,11,2,9,13,21,24
855,0,17,0,0,1,8,10,5,0,4,14,18
107,3,36,2,2,2,8,3,5,12,15,20,14
857,0,7,2,2,3,10,12,7,2,6,16,20
429,1,36,0,4,2,0,0,4,11,15,23,26
859,0,53,1,4,5,1,1,9,4,8,18,22
215,2,36,2,0,5,6,7,11,6,8,12,29
861,0,36,0,1,0,3,3,11,6,10,20,24
431,1,12,2,1,4,2,2,6,13,17,25,28
863,0,12,2,3,2,5,5,13,8,12,22,26
27,5,41,0,2,6,5,1,10,8,4,27,27
865,0,53,1,0,4,7,7,15,10,14,24,28
433,1,7,1,3,6,4,4,8,15,19,27,30
867,0,7,0,2,6,9,9,0,12,16,26,30
217,2,7,1,2,0,8,9,13,8,10,14,0
869,0,7,2,4,1,0,11,2,14,18,28,1
435,1,7,0,0,1,6,6,10,17,21,0,1
871,0,65,1,1,3,2,0,4,16,20,1,3
109,3,41,1,4,4,10,5,7,14,17,22,16
873,0,53,0,3,5,4,2,6,18,22,3,5
437,1,41,2,2,3,8,8,12,0,0,2,3
875,0,7,2,0,0,6,4,8,1,1,5,7
219,2,17,0,4,2,10,11,15,10,12,16,2
877,0,17,1,2,2,8,6,10,3,3,7,9
439,1,17,1,4,5,10,10,14,2,2,4,5
879,0,53,0,4,4,10,8,12,5,5,9,11
55,4,41,1,0,6,0,3,4,17,9,26,24
881,0,41,2,1,6,1,10,14,7,7,11,13
441,1,7,0,1,0,1,12,16,4,4,6,7
883,0,7,1,3,1,3,12,16,9,9,13,15
221,2,41,2,1,4,1,0,0,12,14,18,4
885,0,41,0,0,3,5,1,1,11,11,15,17
443,1,17,2,3,2,3,1,1,6,6,8,9
887,0,17,2,2,5,7,3,3,13,13,17,19
111,3,24,0,1,6,1,7,9,16,19,24,18
889,0,53,1,4,0,9,5,5,15,15,19,21
445,1,24,1,0,4,5,3,3,8,8,10,11
891,0,14,0,1,2,0,7,7,17,17,21,23
223,2,24,1,3,6,3,2,2,14,16,20,6
893,0,24,2,3,4,2,9,9,0,19,23,25
447,1,34,0,2,6,7,5,5,10,10,12,13
895,0,34,1,0,6,4,11,11,2,21,25,27
7,7,5,1,2,0,7,7,7,7,7,7,7
897,0,22,0,2,1,6,0,13,4,0,27,29
449,1,41,2,4,1,9,7,7,12,12,14,15
899,0,41,2,4,3,8,2,15,6,2,0,0
225,2,17,0,0,1,5,4,4,16,18,22,8
901,0,17,1,1,5,10,4,0,8,4,2,2
451,1,17,1,1,3,0,9,9,14,14,16,17
903,0,41,0,3,0,1,6,2,10,6,4,4
113,3,2,2,3,1,3,9,11,18,21,26,20
905,0,22,2,0,2,3,8,4,12,8,6,6
453,1,2,0,3,5,2,11,11,16,16,18,19
907,0,17,1,2,4,5,10,6,14,10,8,8
227,2,2,2,2,3,7,6,6,18,20,24,10
909,0,2,0,4,6,7,12,8,16,12,10,10
455,1,12,2,0,0,4,0,13,18,18,20,21
911,0,12,2,1,1,9,1,10,18,14,12,12
57,4,10,0,2,1,2,5,6,0,11,28,26
913,0,46,1,3,3,0,3,12,1,16,14,14
457,1,46,1,2,2,6,2,15,1,20,22,23
915,0,46,0,0,5,2,5,14,3,18,16,16
229,2,10,1,4,5,9,8,8,1,22,26,12
917,0,10,2,2,0,4,7,16,5,20,18,18
459,1,46,0,4,4,8,4,0,3,22,24,25
919,0,46,1,4,2,6,9,1,7,22,20,20
115,3,10,1,0,3,5,11,13,1,0,28,22
921,0,46,0,1,4,8,11,3,9,1,22,22
461,1,10,2,1,6,10,6,2,5,1,26,27
923,0,22,2,3,6,10,0,5,11,3,24,24
231,2,46,0,1,0,0,10,10,3,1,28,14
925,0,46,1,0,1,1,2,7,13,5,26,26
463,1,46,1,3,1,1,8,4,7,3,28,29
927,0,41,0,2,3,3,4,9,15,7,28,28
29,5,5,2,4,1,7,3,12,10,6,0,29
929,0,46,2,4,5,5,6,11,17,9,1,30
465,1,10,0,0,3,3,10,6,9,5,1,0
931,0,10,1,1,0,7,8,13,0,11,3,1
233,2,29,2,3,2,2,12,12,5,3,1,16
933,0,29,0,3,2,9,10,15,2,13,5,3
467,1,29,2,2,5,5,12,8,11,7,3,2
935,0,46,2,0,4,0,12,0,4,15,7,5
117,3,5,0,2,5,7,0,15,3,2,1,24
937,0,63,1,2,6,2,1,2,6,17,9,7
469,1,5,1,4,0,7,1,10,13,9,5,4
939,0,29,0,4,1,4,3,4,8,19,11,9
235,2,46,1,0,4,4,1,14,7,5,3,18
941,0,46,2,1,3,6,5,6,10,21,13,11
471,1,46,0,1,2,9,3,12,15,11,7,6
943,0,10,1,3,5,8,7,8,12,0,15,13
59,4,10,2,4,3,4,7,8,2,13,1,28
945,0,10,0,0,0,10,9,10,14,2,17,15
473,1,10,2,3,4,0,5,14,17,13,9,8
947,0,10,2,2,2,1,11,12,16,4,19,17
237,2,10,0,2,6,6,3,16,9,7,5,20
949,0,10,1,4,4,3,0,14,18,6,21,19
475,1,7,1,0,6,2,7,16,0,15,11,10
951,0,7,0,1,6,5,2,16,1,8,23,21
119,3,10,2,4,0,9,2,0,5,4,3,26
953,0,7,2,3,1,7,4,1,3,10,25,23
477,1,10,0,2,1,4,9,1,2,17,13,12
955,0,7,1,0,3,9,6,3,5,12,27,25
239,2,17,2,4,1,8,5,1,11,9,7,22
957,0,17,0,2,5,0,8,5,7,14,0,27
479,1,17,2,4,3,6,11,3,4,19,15,14
959,0,46,2,4,0,2,10,7,9,16,2,29
15,6,5,0,0,1,4,2,15,15,15,15,15
961,0,15,1,1,2,4,12,9,11,18,4,0
481,1,15,1,1,5,8,0,5,6,21,17,16
963,0,15,0,3,4,6,1,11,13,20,6,2
241,2,5,1,1,3,10,7,3,13,11,9,24
965,0,5,2,0,6,8,3,13,15,22,8,4
483,1,5,0,3,0,10,2,7,8,0,19,18
967,0,51,1,2,1,10,5,15,17,1,10,6
121,3,34,1,1,2,0,4,2,7,6,5,28
969,0,15,0,4,3,1,7,0,0,3,12,8
485,1,34,2,0,2,1,4,9,10,2,21,20
971,0,10,2,1,5,3,9,2,2,5,14,10
243,2,34,0,3,5,1,9,5,15,13,11,26
973,0,34,1,3,0,5,11,4,4,7,16,12
487,1,51,1,2,4,3,6,11,12,4,23,22
975,0,51,0,0,2,7,0,6,6,9,18,14
61,4,5,1,1,5,6,9,10,4,15,3,30
977,0,34,2,2,4,9,2,8,8,11,20,16
489,1,15,0,4,6,5,8,13,14,6,25,24
979,0,15,1,4,6,0,4,10,10,13,22,18
245,2,5,2,0,0,3,11,7,17,15,13,28
981,0,5,0,1,1,2,6,12,12,15,24,20
491,1,51,2,1,1,7,10,15,16,8,27,26
983,0,51,2,3,3,4,8,14,14,17,26,22
123,3,15,0,3,4,2,6,4,9,8,7,30
985,0,5,1,0,5,6,10,16,16,19,28,24
493,1,15,1,3,3,9,12,0,18,10,0,28
987,0,10,0,2,0,8,12,1,18,21,1,26
247,2,15,1,2,2,5,0,9,0,17,15,30
989,0,15,2,4,2,10,1,3,1,0,3,28
495,1,34,0,0,5,0,1,2,1,12,2,30
991,0,34,1,1,4,1,3,5,3,2,5,30
31,5,39,1,1,3,9,5,14,12,8,2,0
993,0,32,0,3,6,3,5,7,5,4,7,1
497,1,5,2,2,0,2,3,4,3,14,4,1
995,0,5,2,0,1,5,7,9,7,6,9,3
249,2,15,0,4,4,7,2,11,2,19,17,1
997,0,15,1,2,3,7,9,11,9,8,11,5
499,1,15,1,4,2,4,5,6,5,16,6,3
999,0,15,0,4,5,9,11,13,11,10,13,7
125,3,39,2,0,6,4,8,6,11,10,9,1
1001,0,51,2,1,0,0,0,15,13,12,15,9
501,1,39,0,1,4,6,7,8,7,18,8,5
1003,0,12,1,3,2,2,2,0,15,14,17,11
251,2,22,2,1,6,9,4,13,4,21,19,3
1005,0,22,0,0,4,4,4,2,17,16,19,13
503,1,22,2,3,6,8,9,10,9,20,10,7
1007,0,32,2,2,6,6,6,4,0,18,21,15
63,4,39,0,3,0,8,11,12,6,17,5,1
1009,0,39,1,4,1,8,8,6,2,20,23,17
505,1,20,1,0,1,10,11,12,11,22,12,9
1011,0,20,0,1,3,10,10,8,4,22,25,19
253,2,39,1,3,1,0,6,15,6,0,21,5
1013,0,39,2,3,5,1,12,10,6,1,27,21
507,1,10,0,2,3,1,0,14,13,1,14,11
1015,0,10,1,0,0,3,1,12,8,3,0,23
127,3,15,1,2,1,6,10,8,13,12,11,3
1017,0,56,0,2,2,5,3,14,10,5,2,25
509,1,15,2,4,5,3,2,16,15,3,16,13
1019,0,20,2,4,4,7,5,16,12,7,4,27
255,2,15,0,0,3,2,8,0,8,2,23,7
1021,0,15,1,1,6,9,7,1,14,9,6,29
511,1,20,1,1,0,5,4,1,17,5,18,15
1023,0,20,0,3,1,0,9,3,16,11,8,0
1,10,0,1,1,1,1,1,1,1,1,1,1
1025,0,10,2,0,3,2,11,5,18,13,10,2
513,1,10,0,3,2,7,6,3,0,7,20,17
1027,0,10,1,2,5,4,0,7,1,15,12,4
257,2,44,2,2,5,4,10,2,10,4,25,9
1029,0,44,0,4,0,6,2,9,3,17,14,6
515,1,44,2,0,4,9,8,5,2,9,22,19
1031,0,10,2,1,2,8,4,11,5,19,16,8
129,3,44,0,4,3,8,12,10,15,14,13,5
1033,0,56,1,3,4,10,6,13,7,21,18,10
517,1,44,1,2,6,0,10,7,4,11,24,21
1035,0,44,0,0,6,1,8,15,9,0,20,12
259,2,44,1,4,0,6,12,4,12,6,27,11
1037,0,44,2,2,1,3,10,0,11,2,22,14
519,1,20,0,4,1,2,12,9,6,13,26,23
1039,0,20,1,4,3,5,12,2,13,4,24,16
65,4,8,2,0,2,10,0,14,8,19,7,3
1041,0,44,0,1,5,7,1,4,15,6,26,18
521,1,44,2,1,3,4,1,11,8,15,28,25
1043,0,44,2,3,0,9,3,6,17,8,28,20
261,2,8,0,1,2,8,1,6,14,8,0,13
1045,0,8,1,0,2,0,5,8,0,10,1,22
523,1,44,1,3,5,6,3,13,10,17,1,27
1047,0,44,0,2,4,2,7,10,2,12,3,24
131,3,8,2,1,5,10,1,12,17,16,15,7
1049,0,20,2,4,6,4,9,12,4,14,5,26
525,1,8,0,0,0,8,5,15,12,19,3,29
1051,0,32,1,1,1,6,11,14,6,16,7,28
263,2,27,2,3,4,10,3,8,16,10,2,15
1053,0,27,0,3,3,8,0,16,8,18,9,30
527,1,27,2,2,2,10,7,0,14,21,5,0
1055,0,61,2,0,5,10,2,1,10,20,11,1
33,5,8,0,3,5,0,7,16,14,10,4,2
1057,0,27,1,2,0,1,4,3,12,22,13,3
529,1,8,1,4,4,1,9,2,16,0,7,2
1059,0,8,0,4,2,3,6,5,14,1,15,5
265,2,44,1,0,6,1,5,10,18,12,4,17
1061,0,44,2,1,4,5,8,7,16,3,17,7
531,1,44,0,1,6,3,11,4,18,2,9,4
1063,0,25,1,3,6,7,10,9,18,5,19,9
133,3,8,1,3,0,1,3,14,0,18,17,9
1065,0,25,0,0,1,9,12,11,1,7,21,11
533,1,8,2,3,1,5,0,6,1,4,11,6
1067,0,20,2,2,3,0,1,13,3,9,23,13
267,2,5,0,2,1,3,7,12,1,14,6,19
1069,0,5,1,4,5,2,3,15,5,11,25,15
535,1,5,1,0,3,7,2,8,3,6,13,8
1071,0,61,0,1,0,4,5,0,7,13,27,17
67,4,8,1,2,4,1,2,16,10,21,9,5
1073,0,5,2,3,2,6,7,2,9,15,0,19
537,1,5,0,2,5,9,4,10,5,8,15,10
1075,0,5,1,0,4,8,9,4,11,17,2,21
269,2,8,2,4,3,5,9,14,3,16,8,21
1077,0,8,0,2,6,10,11,6,13,19,4,23
539,1,15,2,4,0,0,6,12,7,10,17,12
1079,0,15,2,4,1,1,0,8,15,21,6,25
135,3,13,0,0,2,3,5,16,2,20,19,11
1081,0,49,1,1,3,3,2,10,17,0,8,27
541,1,13,1,1,2,2,8,14,9,12,19,14
1083,0,49,0,3,5,5,4,12,0,2,10,29
271,2,13,1,1,5,7,11,16,5,18,10,23
1085,0,13,2,0,0,7,6,14,2,4,12,0
543,1,49,0,3,4,4,10,16,11,14,21,16
1087,0,49,1,2,2,9,8,16,4,6,14,2
17,6,3,2,2,3,6,4,0,17,17,17,17
1089,0,13,0,4,4,0,10,1,6,8,16,4
545,1,13,2,0,6,6,12,1,13,16,23,18
1091,0,13,2,1,6,2,12,3,8,10,18,6
273,2,8,0,3,0,9,0,1,7,20,12,25
1093,0,8,1,3,1,4,1,5,10,12,20,8
547,1,8,1,2,1,8,1,3,15,18,25,20
1095,0,25,0,0,3,6,3,7,12,14,22,10
137,3,32,2,2,4,5,7,1,4,22,21,13
1097,0,49,2,2,5,8,5,9,14,16,24,12
549,1,32,0,4,3,10,3,5,17,20,27,22
1099,0,8,1,4,0,10,7,11,16,18,26,14
275,2,32,2,0,2,0,2,3,9,22,14,27
1101,0,32,0,1,2,1,9,13,18,20,28,16
551,1,13,2,1,5,1,5,7,0,22,0,24
1103,0,13,2,3,4,3,11,15,1,22,1,18
69,4,3,0,4,6,3,4,1,12,0,11,7
1105,0,32,1,0,6,5,0,0,3,1,3,20
553,1,49,1,3,0,3,7,9,2,1,2,26
1107,0,49,0,2,1,7,2,2,5,3,5,22
277,2,3,1,2,4,2,4,5,11,1,16,29
1109,0,3,2,4,3,9,4,4,7,5,7,24
555,1,8,0,0,2,5,9,11,4,3,4,28
1111,0,8,1,1,5,0,6,6,9,7,9,26
139,3,13,1,4,6,7,9,3,6,1,23,15
1113,0,49,0,3,0,2,8,8,11,9,11,28
557,1,13,2,2,4,7,11,13,6,5,6,30
1115,0,32,2,0,2,4,10,10,13,11,13,30
279,2,13,0,4,6,4,6,7,13,3,18,0
1117,0,13,1,2,4,6,12,12,15,13,15,1
559,1,30,1,4,6,9,0,15,8,7,8,1
1119,0,30,0,4,6,8,1,14,17,15,17,3
35,5,3,2,0,0,2,9,1,16,12,6,4
1121,0,13,2,1,1,10,3,16,0,17,19,5
561,1,13,0,1,1,0,2,0,10,9,10,3
1123,0,13,1,3,3,1,5,1,2,19,21,7
281,2,13,2,1,1,6,8,9,15,5,20,2
1125,0,13,0,0,5,3,7,3,4,21,23,9
563,1,13,2,3,3,2,4,2,12,11,12,5
1127,0,49,2,2,0,5,9,5,6,0,25,11
141,3,3,0,1,1,9,11,5,8,3,25,17
1129,0,10,1,4,2,7,11,7,8,2,27,13
565,1,3,1,0,5,4,6,4,14,13,14,7
1131,0,10,0,1,4,9,0,9,10,4,0,15
283,2,20,1,3,3,8,10,11,17,7,22,4
1133,0,20,2,3,6,0,2,11,12,6,2,17
567,1,20,0,2,0,6,8,6,16,15,16,9
1135,0,20,1,0,1,2,4,13,14,8,4,19
71,4,37,2,1,1,5,6,3,14,2,13,9
1137,0,3,0,2,3,4,6,15,16,10,6,21
569,1,18,2,4,2,8,10,8,18,17,18,11
1139,0,18,2,4,5,6,8,0,18,12,8,23
285,2,37,0,0,5,10,12,13,0,9,24,6
1141,0,37,1,1,0,8,10,2,1,14,10,25
571,1,8,1,1,4,10,12,10,1,19,20,13
1143,0,8,0,3,2,10,12,4,3,16,12,27
143,3,37,2,3,3,0,0,7,10,5,27,19
1145,0,54,2,0,4,1,1,6,5,18,14,29
573,1,37,0,3,6,1,1,12,3,21,22,15
1147,0,18,1,2,6,3,3,8,7,20,16,0
287,2,13,2,2,0,1,1,15,2,11,26,8
1149,0,13,0,4,1,5,5,10,9,22,18,2
575,1,13,2,0,1,3,3,14,5,0,24,17
1151,0,18,2,1,3,7,7,12,11,1,20,4
9,7,6,0,4,2,9,9,9,9,9,9,9
1153,0,54,1,3,5,9,9,14,13,3,22,6
577,1,8,1,2,3,5,5,16,7,2,26,19
1155,0,8,0,0,0,0,11,16,15,5,24,8
289,2,8,1,4,2,3,3,0,4,13,28,10
1157,0,8,2,2,2,2,0,1,17,7,26,10
579,1,8,0,4,5,7,7,1,9,4,28,21
1159,0,18,1,4,4,4,2,3,0,9,28,12
145,3,42,1,0,5,2,2,9,12,7,0,21
1161,0,66,0,1,6,6,4,5,2,11,1,14
581,1,42,2,1,0,9,9,3,11,6,1,23
1163,0,54,2,3,1,8,6,7,4,13,3,16
291,2,42,0,1,4,5,5,2,6,15,1,12
1165,0,42,1,0,3,10,8,9,6,15,5,18
583,1,8,1,3,2,0,11,5,13,8,3,25
1167,0,8,0,2,5,1,10,11,8,17,7,20
73,4,42,1,3,3,7,8,5,16,4,15,11
1169,0,18,2,4,0,3,12,13,10,19,9,22
585,1,18,0,0,4,2,0,7,15,10,5,27
1171,0,18,1,1,2,5,1,15,12,21,11,24
293,2,42,2,3,6,7,7,4,8,17,3,14
1173,0,42,0,3,4,7,3,0,14,0,13,26
587,1,42,2,2,6,4,2,9,17,12,7,29
1175,0,42,2,0,6,9,5,2,16,2,15,28
147,3,42,0,2,0,4,4,11,14,9,2,23
1177,0,8,1,2,1,0,7,4,18,4,17,30
589,1,42,1,4,1,6,4,11,0,14,9,0
1179,0,18,0,4,3,2,9,6,1,6,19,1
295,2,18,1,0,1,9,9,6,10,19,5,16
1181,0,18,2,1,5,4,11,8,3,8,21,3
591,1,18,0,1,3,8,6,13,2,16,11,2
1183,0,30,1,3,0,6,0,10,5,10,23,5
37,5,6,1,2,2,4,11,3,18,14,8,6
1185,0,54,0,0,2,8,2,12,7,12,25,7
593,1,25,2,3,5,10,8,15,4,18,13,4
1187,0,25,2,2,4,10,4,14,9,14,27,9
297,2,25,0,2,3,0,11,8,12,21,7,18
1189,0,25,1,4,6,1,6,16,11,16,0,11
595,1,25,1,0,0,1,10,0,6,20,15,6
1191,0,15,0,1,1,3,8,1,13,18,2,13
149,3,6,2,4,2,6,6,13,16,11,4,25
1193,0,35,2,3,3,5,10,3,15,20,4,15
597,1,6,0,2,2,3,12,2,8,22,17,8
1195,0,42,1,0,5,7,12,5,17,22,6,17
299,2,42,2,4,5,2,0,10,14,0,9,20
1197,0,42,0,2,0,9,1,7,0,1,8,19
599,1,42,2,4,4,5,1,4,10,1,19,10
1199,0,23,2,4,2,0,3,9,2,3,10,21
75,4,3,0,0,5,9,10,7,18,6,17,13
1201,0,18,1,1,4,2,5,11,4,5,12,23
601,1,18,1,1,6,7,3,6,12,3,21,12
1203,0,18,0,3,6,4,7,13,6,7,14,25
301,2,3,1,1,0,4,2,12,16,2,11,22
1205,0,3,2,0,1,6,9,15,8,9,16,27
603,1,23,0,3,1,9,5,8,14,5,23,14
1207,0,23,1,2,3,8,11,0,10,11,18,29
151,3,3,1,1,4,8,8,15,18,13,6,27
1209,0,18,0,4,5,10,0,2,12,13,20,0
605,1,3,2,0,3,0,7,10,16,7,25,16
1211,0,23,2,1,0,1,2,4,14,15,22,2
303,2,13,0,3,2,6,4,14,18,4,13,24
1213,0,13,1,3,2,3,4,6,16,17,24,4
607,1,13,1,2,5,2,9,12,18,9,27,18
1215,0,59,0,0,4,5,6,8,18,19,26,6
19,6,6,1,4,5,8,6,2,0,19,19,19
1217,0,47,2,2,6,7,8,10,1,21,28,8
609,1,47,0,4,0,4,11,14,1,11,0,20
1219,0,47,1,4,1,9,10,12,3,0,1,10
305,2,11,2,0,4,8,6,16,1,6,15,26
1221,0,11,0,1,3,0,12,14,5,2,3,12
611,1,11,2,1,2,6,0,16,3,13,2,22
1223,0,47,2,3,5,2,1,16,7,4,5,14
153,3,11,0,3,6,10,10,0,1,15,8,29
1225,0,47,1,0,0,4,3,1,9,6,7,16
613,1,11,1,3,4,8,2,1,5,15,4,24
1227,0,47,0,2,2,6,5,3,11,8,9,18
307,2,11,1,2,6,10,8,1,3,8,17,28
1229,0,11,2,4,4,8,7,5,13,10,11,20
615,1,23,0,0,6,10,4,3,7,17,6,26
1231,0,23,1,1,6,10,9,7,15,12,13,22
77,4,6,2,2,0,0,12,9,1,8,19,15
1233,0,47,0,3,1,1,11,9,17,14,15,24
617,1,47,2,2,1,1,6,5,9,19,8,28
1235,0,47,2,0,3,3,0,11,0,16,17,26
309,2,6,0,4,1,1,10,3,5,10,19,30
1237,0,6,1,2,5,5,2,13,2,18,19,28
619,1,47,1,4,3,3,8,7,11,21,10,30
1239,0,47,0,4,0,7,4,15,4,20,21,30
155,3,30,2,0,1,1,12,2,3,17,10,0
1241,0,11,2,1,2,9,6,0,6,22,23,1
621,1,30,0,1,5,5,10,9,13,0,12,1
1243,0,23,1,3,4,0,8,2,8,1,25,3
311,2,30,2,1,3,3,12,5,7,12,21,1
1245,0,30,0,0,6,2,10,4,10,3,27,5
623,1,47,2,3,0,7,12,11,15,2,14,3
1247,0,47,2,2,1,4,12,6,12,5,0,7
39,5,11,0,4,4,6,0,5,1,16,10,8
1249,0,64,1,4,3,6,1,8,14,7,2,9
625,1,6,1,0,2,9,1,13,17,4,16,5
1251,0,6,0,1,5,8,3,10,16,9,4,11
313,2,47,1,3,5,5,1,7,9,14,23,3
1253,0,47,2,3,0,10,5,12,18,11,6,13
627,1,47,0,2,4,0,3,15,0,6,18,7
1255,0,30,1,0,2,1,7,14,1,13,8,15
157,3,11,1,2,3,3,1,4,5,19,12,2
1257,0,11,0,2,4,3,9,16,3,15,10,17
629,1,11,2,4,6,2,5,0,2,8,20,9
1259,0,28,2,4,6,5,11,1,5,17,12,19
315,2,11,0,0,0,7,3,9,11,16,25,5
1261,0,11,1,1,1,7,0,3,7,19,14,21
631,1,11,1,1,1,4,7,2,4,10,22,11
1263,0,64,0,3,3,9,2,5,9,21,16,23
79,4,11,1,4,2,2,1,11,3,10,21,17
1265,0,11,2,0,5,0,4,7,11,0,18,25
633,1,8,0,3,3,6,9,4,6,12,24,13
1267,0,8,1,2,0,2,6,9,13,2,20,27
317,2,11,2,2,2,9,5,11,13,18,27,7
1269,0,11,0,4,2,4,8,11,15,4,22,29
635,1,8,2,0,5,8,11,6,8,14,26,15
1271,0,8,2,1,4,6,10,13,17,6,24,0
159,3,18,0,4,5,5,3,6,7,21,14,4
1273,0,8,1,3,6,8,12,15,0,8,26,2
637,1,18,1,2,0,10,0,8,10,16,28,17
1275,0,28,0,0,1,10,1,0,2,10,28,4
319,2,18,1,4,4,0,7,13,15,20,0,9
1277,0,18,2,2,3,1,3,2,4,12,1,6
639,1,47,0,4,2,1,2,10,12,18,1,19
1279,0,47,1,4,5,3,5,4,6,14,3,8
5,8,1,2,0,5,5,5,5,5,5,5,5
1281,0,16,0,1,0,5,7,6,8,16,5,10
641,1,16,2,1,4,3,4,12,14,20,3,21
1283,0,16,2,3,2,7,9,8,10,18,7,12
321,2,6,0,1,6,2,9,15,17,22,2,11
1285,0,6,1,0,4,9,11,10,12,20,9,14
643,1,6,1,3,6,5,6,14,16,22,5,23
1287,0,52,0,2,6,0,0,12,14,22,11,16
161,3,35,2,1,0,7,5,8,9,0,16,6
1289,0,52,2,4,1,2,2,14,16,1,13,18
645,1,35,0,0,1,7,8,16,18,1,7,25
1291,0,16,1,1,3,4,4,16,18,3,15,20
323,2,35,2,3,1,4,11,0,0,1,4,13
1293,0,35,0,3,5,6,6,1,1,5,17,22
647,1,11,2,2,3,9,10,1,1,3,9,27
1295,0,11,2,0,0,8,8,3,3,7,19,24
81,4,6,0,1,4,4,3,13,5,12,23,19
1297,0,35,1,2,2,10,10,5,5,9,21,26
649,1,52,1,4,5,0,12,3,3,5,11,29
1299,0,52,0,4,4,1,12,7,7,11,23,28
325,2,6,1,0,3,6,0,2,2,3,6,15
1301,0,6,2,1,6,3,1,9,9,13,25,30
651,1,35,0,1,0,2,1,5,5,7,13,0
1303,0,35,1,3,1,5,3,11,11,15,27,1
163,3,6,1,3,2,9,7,10,11,2,18,8
1305,0,16,0,0,3,7,5,13,13,17,0,3
653,1,6,2,3,2,4,3,7,7,9,15,2
1307,0,64,2,2,5,9,7,15,15,19,2,5
327,2,52,0,2,5,8,2,4,4,5,8,17
1309,0,52,1,4,0,0,9,0,17,21,4,7
655,1,52,1,0,4,6,5,9,9,11,17,4
1311,0,35,0,1,2,2,11,2,0,0,6,9
41,5,40,2,1,6,8,2,7,3,18,12,10
1313,0,6,2,3,4,4,0,4,2,2,8,11
657,1,16,0,2,6,8,7,11,11,13,19,6
1315,0,16,1,0,6,6,2,6,4,4,10,13
329,2,16,2,4,0,10,4,6,6,7,10,19
1317,0,16,0,2,1,8,4,8,6,6,12,15
659,1,16,2,4,1,10,9,13,13,15,21,8
1319,0,52,2,4,3,10,6,10,8,8,14,17
165,3,40,0,0,4,0,9,12,13,4,20,10
1321,0,35,1,1,5,1,8,12,10,10,16,19
661,1,40,1,1,3,1,11,15,15,17,23,10
1323,0,16,0,3,0,3,10,14,12,12,18,21
331,2,6,1,1,2,1,6,8,8,9,12,21
1325,0,6,2,0,2,5,12,16,14,14,20,23
663,1,6,0,3,5,3,0,0,17,19,25,12
1327,0,16,1,2,4,7,1,1,16,16,22,25
83,4,40,2,3,6,6,5,15,7,14,25,21
1329,0,16,0,4,6,9,3,3,18,18,24,27
665,1,16,2,0,0,5,2,2,0,21,27,14
1331,0,16,2,1,1,0,5,5,1,20,26,29
333,2,40,0,3,4,3,8,10,10,11,14,23
1333,0,40,1,3,3,2,7,7,3,22,28,0
667,1,52,1,2,2,7,4,4,2,0,0,16
1335,0,52,0,0,5,4,9,9,5,1,1,2
167,3,23,2,2,6,2,11,14,15,6,22,12
1337,0,13,2,2,0,6,11,11,7,3,3,4
669,1,23,0,4,4,9,6,6,4,2,2,18
1339,0,6,1,4,2,8,0,13,9,5,5,6
335,2,23,2,0,6,5,10,12,12,13,16,25
1341,0,23,0,1,4,10,2,15,11,7,7,8
671,1,33,2,1,6,0,8,8,6,4,4,20
1343,0,33,2,3,6,1,4,0,13,9,9,10
21,6,1,0,1,0,10,8,4,2,21,21,21
1345,0,40,1,0,1,3,6,2,15,11,11,12
673,1,21,1,3,1,2,10,10,8,6,6,22
1347,0,21,0,2,3,5,8,4,17,13,13,14
337,2,40,1,2,1,7,12,14,14,15,18,27
1349,0,40,2,4,5,7,10,6,0,15,15,16
675,1,40,0,0,3,4,12,12,10,8,8,24
1351,0,57,1,1,0,9,12,8,2,17,17,18
169,3,16,1,4,1,4,0,16,17,8,24,14
1353,0,11,0,3,2,0,1,10,4,19,19,20
677,1,16,2,2,5,6,1,14,12,10,10,26
1355,0,40,2,0,4,2,3,12,6,21,21,22
339,2,16,0,4,3,9,1,16,16,17,20,29
1357,0,16,1,2,6,4,5,14,8,0,23,24
679,1,21,1,4,0,8,3,16,14,12,12,28
1359,0,21,0,4,1,6,7,16,10,2,25,26
85,4,1,1,0,1,8,7,0,9,16,27,23
1361,0,16,2,1,3,8,9,1,12,4,27,28
681,1,21,0,1,2,10,5,1,16,14,14,30
1363,0,21,1,3,5,10,11,3,14,6,0,30
341,2,1,2,1,5,0,3,1,18,19,22,0
1365,0,1,0,0,0,1,0,5,16,8,2,1
683,1,11,2,3,4,1,7,3,18,16,16,1
1367,0,11,2,2,2,3,2,7,18,10,4,3
171,3,45,0,1,3,6,2,1,0,10,26,16
1369,0,11,1,4,4,5,4,9,1,12,6,5
685,1,45,1,0,6,3,9,5,1,18,18,3
1371,0,40,0,1,6,7,6,11,3,14,8,7
343,2,45,1,3,0,2,5,3,1,21,24,2
1373,0,45,2,3,1,9,8,13,5,16,10,9
687,1,11,0,2,1,5,11,7,3,20,20,5
1375,0,11,1,0,3,0,10,15,7,18,12,11
43,5,9,1,3,1,10,4,9,5,20,14,12
1377,0,57,0,2,5,2,12,0,9,20,14,13
689,1,45,2,4,3,7,0,9,5,22,22,7
1379,0,45,2,4,0,4,1,2,11,22,16,15
345,2,45,0,0,2,4,7,5,3,0,26,4
1381,0,45,1,1,2,6,3,4,13,1,18,17
691,1,45,1,1,5,9,2,11,7,1,24,9
1383,0,33,0,3,4,8,5,6,15,3,20,19
173,3,9,2,3,5,8,4,3,2,12,28,18
1385,0,21,2,0,6,10,7,8,17,5,22,21
693,1,9,0,3,0,0,4,13,9,3,26,11
1387,0,21,1,2,1,1,9,10,0,7,24,23
347,2,45,2,2,4,6,9,7,5,2,28,6
1389,0,45,0,4,3,3,11,12,2,9,26,25
695,1,45,2,0,2,2,6,15,11,5,28,13
1391,0,40,2,1,5,5,0,14,4,11,28,27
87,4,9,0,2,3,10,9,2,11,18,0,25
1393,0,9,1,3,0,7,2,16,6,13,1,29
697,1,45,1,2,4,4,8,0,13,7,1,15
1395,0,45,0,0,2,9,4,1,8,15,3,0
349,2,9,1,4,6,8,11,9,7,4,1,8
1397,0,9,2,2,4,0,6,3,10,17,5,2
699,1,21,0,4,6,6,10,2,15,9,3,17
1399,0,21,1,4,6,2,8,5,12,19,7,4
175,3,28,1,0,0,10,6,5,4,14,1,20
1401,0,33,0,1,1,4,10,7,14,21,9,6
701,1,28,2,1,1,8,12,4,17,11,5,19
1403,0,45,2,3,3,6,12,9,16,0,11,8
351,2,28,0,1,1,10,0,11,9,6,3,10
1405,0,28,1,0,5,8,1,11,18,2,13,10
703,1,62,1,3,3,10,1,6,0,13,7,21
1407,0,62,0,2,0,10,3,13,1,4,15,12
11,7,4,2,1,4,0,11,11,11,11,11,11
1409,0,28,2,4,2,1,5,15,3,6,17,14
705,1,9,0,0,5,1,3,8,2,15,9,23
1411,0,9,1,1,4,3,7,0,5,8,19,16
353,2,45,2,3,3,1,2,13,11,8,5,12
1413,0,45,0,3,6,5,9,2,7,10,21,18
707,1,45,2,2,0,3,5,10,4,17,11,25
1415,0,9,2,0,1,7,11,4,9,12,23,20
177,3,9,0,2,2,1,8,7,6,16,3,22
1417,0,26,1,2,3,9,0,6,11,14,25,22
709,1,9,1,4,2,5,7,12,6,19,13,27
1419,0,45,0,4,5,0,2,8,13,16,27,24
355,2,9,1,0,5,3,4,15,13,10,7,14
1421,0,9,2,1,0,2,4,10,15,18,0,26
711,1,21,0,1,4,7,9,14,8,21,15,29
1423,0,21,1,3,2,4,6,12,17,20,2,28
89,4,9,2,4,5,1,11,4,13,20,2,27
1425,0,6,0,0,4,6,8,14,0,22,4,30
713,1,6,2,3,6,9,11,16,10,0,17,0
1427,0,6,2,2,6,8,10,16,2,1,6,1
357,2,9,0,2,0,5,6,0,15,12,9,16
1429,0,9,1,4,1,10,12,1,4,3,8,3
715,1,6,1,0,1,0,0,1,12,2,19,2
1431,0,6,0,1,3,1,1,3,6,5,10,5
179,3,9,2,4,4,3,10,9,8,18,5,24
1433,0,6,2,3,5,3,3,5,8,7,12,7
717,1,9,0,2,3,2,2,3,14,4,21,4
1435,0,26,1,0,0,5,5,7,10,9,14,9
359,2,16,2,4,2,7,8,2,17,14,11,18
1437,0,16,0,2,2,7,7,9,12,11,16,11
719,1,16,2,4,5,4,4,5,16,6,23,6
1439,0,45,2,4,4,9,9,11,14,13,18,13
45,5,4,0,0,3,1,6,11,7,22,16,14
1441,0,50,1,1,6,0,11,13,16,15,20,15
721,1,14,1,1,0,6,6,7,18,8,25,8
1443,0,14,0,3,1,2,0,15,18,17,22,17
361,2,14,1,1,4,9,10,4,0,16,13,20
1445,0,14,2,0,3,4,2,0,1,19,24,19
723,1,14,0,3,2,8,8,9,1,10,27,10
1447,0,16,1,2,5,6,4,2,3,21,26,21
181,3,4,1,1,6,5,12,11,10,20,7,26
1449,0,50,0,4,0,8,6,4,5,0,28,23
725,1,4,2,0,4,10,10,11,3,12,0,12
1451,0,50,2,1,2,10,8,6,7,2,1,25
363,2,14,0,3,6,0,12,6,2,18,15,22
1453,0,14,1,3,4,1,10,8,9,4,3,27
727,1,14,1,2,6,1,12,13,5,14,2,14
1455,0,50,0,0,6,3,12,10,11,6,5,29
91,4,33,1,1,0,3,0,6,15,22,4,29
1457,0,9,2,2,1,5,1,12,13,8,7,0
729,1,9,0,4,1,3,1,15,7,16,4,16
1459,0,9,1,4,3,7,3,14,15,10,9,2
365,2,33,2,0,1,2,1,8,4,20,17,24
1461,0,33,0,1,5,9,5,16,17,12,11,4
731,1,50,2,1,3,5,3,0,9,18,6,18
1463,0,50,2,3,0,0,7,1,0,14,13,6
183,3,33,0,3,1,7,1,13,12,22,9,28
1465,0,9,1,0,2,2,9,3,2,16,15,8
733,1,33,1,3,5,7,5,2,11,20,8,20
1467,0,50,0,2,4,4,11,5,4,18,17,10
367,2,14,1,2,3,4,3,10,6,22,19,26
1469,0,14,2,4,6,6,0,7,6,20,19,12
735,1,14,0,0,0,9,7,4,13,22,10,22
1471,0,62,1,1,1,8,2,9,8,22,21,14
23,6,4,2,3,2,1,10,6,4,0,23,23
1473,0,33,0,3,3,10,4,11,10,1,23,16
737,1,50,2,2,2,0,9,6,15,1,12,24
1475,0,50,2,0,5,1,6,13,12,3,25,18
369,2,4,0,4,5,6,5,12,8,1,21,28
1477,0,4,1,2,0,3,8,15,14,5,27,20
739,1,4,1,4,4,2,11,8,17,3,14,26
1479,0,33,0,4,2,5,10,0,16,7,0,22
185,3,14,2,0,3,9,3,15,14,1,11,30
1481,0,9,2,1,4,7,12,2,18,9,2,24
741,1,14,0,1,6,4,0,10,0,5,16,28
1483,0,50,1,3,6,9,1,4,1,11,4,26
371,2,14,2,1,0,8,7,14,10,3,23,30
1485,0,14,0,0,1,0,3,6,3,13,6,28
743,1,33,2,3,1,6,2,12,2,7,18,30
1487,0,33,2,2,3,2,5,8,5,15,8,30
93,4,4,0,3,2,5,2,8,17,1,6,0
1489,0,14,1,4,5,4,7,10,7,17,10,1
745,1,31,1,0,3,8,4,14,4,9,20,1
1491,0,31,0,1,0,6,9,12,9,19,12,3
373,2,4,1,3,2,10,9,16,12,5,25,1
1493,0,4,2,3,2,8,11,14,11,21,14,5
747,1,14,0,2,5,10,6,16,6,11,22,3
1495,0,14,1,0,4,10,0,16,13,0,16,7
187,3,14,1,2,5,0,5,0,16,3,13,1
1497,0,14,0,2,6,1,2,1,15,2,18,9
749,1,14,2,4,0,1,8,1,8,13,24,5
1499,0,14,2,4,1,3,4,3,17,4,20,11
375,2,14,0,0,4,1,11,1,14,7,27,3
1501,0,14,1,1,3,5,6,5,0,6,22,13
751,1,50,1,1,2,3,10,3,10,15,26,7
1503,0,50,0,3,5,7,8,7,2,8,24,15
47,5,38,2,2,5,3,8,13,9,1,18,16
1505,0,11,2,0,0,9,10,9,4,10,26,17
753,1,4,0,3,4,5,12,5,12,17,28,9
1507,0,4,1,2,2,0,12,11,6,12,28,19
377,2,21,2,2,6,3,0,3,16,9,0,5
1509,0,21,0,4,4,2,1,13,8,14,1,21
755,1,21,2,0,6,7,1,7,14,19,1,11
1511,0,31,2,1,6,4,3,15,10,16,3,23
189,3,38,0,4,0,2,7,2,18,5,15,3
1513,0,21,1,3,1,6,5,0,12,18,5,25
757,1,38,1,2,1,9,3,9,16,21,3,13
1515,0,50,0,0,3,8,7,2,14,20,7,27
379,2,19,1,4,1,5,2,5,18,11,2,7
1517,0,19,2,2,5,10,9,4,16,22,9,29
759,1,19,0,4,3,0,5,11,18,0,5,15
1519,0,55,1,4,0,1,11,6,18,1,11,0
95,4,38,2,0,4,7,4,10,0,3,8,2
1521,0,38,0,1,2,3,0,8,1,3,13,2
761,1,9,2,1,5,2,7,13,1,2,7,17
1523,0,9,2,3,4,5,2,10,3,5,15,4
381,2,38,0,1,3,7,4,7,1,13,4,9
1525,0,38,1,0,6,7,4,12,5,7,17,6
763,1,55,1,3,0,4,9,15,3,4,9,19
1527,0,55,0,2,1,9,6,14,7,9,19,8
191,3,14,2,1,2,4,9,4,1,7,17,5
1529,0,19,2,4,3,0,8,16,9,11,21,10
765,1,14,0,0,2,6,11,0,5,6,11,21
1531,0,19,1,1,5,2,10,1,11,13,23,12
383,2,14,2,3,5,9,6,9,3,15,6,11
1533,0,14,0,3,0,4,12,3,13,15,25,14
767,1,19,2,2,4,8,0,2,7,8,13,23
1535,0,19,2,0,2,6,1,5,15,17,27,16
3,9,2,0,3,3,3,3,3,3,3,3,3
1537,0,55,1,2,4,8,3,7,17,19,0,18
769,1,9,1,4,6,10,2,4,9,10,15,25
1539,0,9,0,4,6,10,5,9,0,21,2,20
385,2,9,1,0,0,0,8,11,5,17,8,13
1541,0,9,2,1,1,1,7,11,2,0,4,22
771,1,9,0,1,1,1,4,6,11,12,17,27
1543,0,38,1,3,3,3,9,13,4,2,6,24
193,3,43,1,3,4,6,11,6,3,9,19,7
1545,0,19,0,0,5,5,11,15,6,4,8,26
773,1,43,2,3,3,3,6,8,13,14,19,29
1547,0,9,2,2,0,7,0,0,8,6,10,28
387,2,43,0,2,2,2,10,13,7,19,10,15
1549,0,43,1,4,2,9,2,2,10,8,12,30
775,1,55,1,0,5,5,8,10,15,16,21,0
1551,0,55,0,1,4,0,4,4,12,10,14,1
97,4,43,1,2,6,9,6,12,2,5,10,4
1553,0,43,2,3,6,2,6,6,14,12,16,3
777,1,9,0,2,0,7,10,12,17,18,23,2
1555,0,9,1,0,1,4,8,8,16,14,18,5
389,2,43,2,4,4,4,12,15,9,21,12,17
1557,0,43,0,2,3,6,10,10,18,16,20,7
779,1,19,2,4,2,9,12,14,0,20,25,4
1559,0,19,2,4,5,8,12,12,1,18,22,9
195,3,43,0,0,6,8,0,8,5,11,21,9
1561,0,19,1,1,0,10,1,14,3,20,24,11
781,1,43,1,1,4,0,1,16,2,22,27,6
1563,0,55,0,3,2,1,3,16,5,22,26,13
391,2,43,1,1,6,6,1,0,11,0,14,19
1565,0,43,2,0,4,3,5,1,7,1,28,15
783,1,43,0,3,6,2,3,1,4,1,0,8
1567,0,19,1,2,6,5,7,3,9,3,1,17
49,5,7,1,4,0,5,10,15,11,3,20,18
1569,0,9,0,4,1,7,9,5,11,5,3,19
785,1,43,2,0,1,4,5,3,6,3,2,10
1571,0,43,2,1,3,9,11,7,13,7,5,21
393,2,19,0,3,1,8,3,2,13,2,16,21
1573,0,19,1,3,5,0,0,9,15,9,7,23
787,1,19,1,2,3,6,7,5,8,5,4,12
1575,0,19,0,0,0,2,2,11,17,11,9,25
197,3,7,2,2,1,10,2,10,7,13,23,11
1577,0,31,2,2,2,4,4,13,0,13,11,27
789,1,7,0,4,5,8,9,7,10,7,6,14
1579,0,43,1,4,4,6,6,15,2,15,13,29
395,2,26,2,0,3,10,5,4,15,4,18,23
1581,0,26,0,1,6,8,8,0,4,17,15,0
791,1,26,2,1,0,10,11,9,12,9,8,16
1583,0,60,2,3,1,10,10,2,6,19,17,2
99,4,7,0,4,1,0,8,14,4,7,12,6
1585,0,26,1,0,3,1,12,4,8,21,19,4
793,1,26,1,3,2,1,0,11,14,11,10,18
1587,0,26,0,2,5,3,1,6,10,0,21,6
397,2,7,1,2,5,1,7,6,17,6,20,25
1589,0,7,2,4,0,5,3,8,12,2,23,8
795,1,36,0,0,4,3,2,13,16,13,12,20
1591,0,36,1,1,2,7,5,10,14,4,25,10
199,3,43,1,4,3,1,4,12,9,15,25,13
1593,0,43,0,3,4,9,7,12,16,6,27,12
797,1,43,2,2,6,5,4,15,18,15,14,22
1595,0,24,2,0,6,0,9,14,18,8,0,14
399,2,43,0,4,0,3,9,8,0,8,22,27
1597,0,43,1,2,1,2,11,16,1,10,2,16
799,1,24,1,4,1,7,6,0,1,17,16,24
1599,0,24,0,4,3,4,0,1,3,12,4,18
25,6,7,1,0,4,3,12,8,6,2,25,25
1601,0,19,2,1,5,6,2,3,5,14,6,20
801,1,19,0,1,3,9,8,2,3,19,18,26
1603,0,19,1,3,0,8,4,5,7,16,8,22
401,2,4,2,1,2,5,11,10,2,10,24,29
1605,0,4,0,0,2,10,6,7,9,18,10,24
803,1,4,2,3,5,0,10,4,5,21,20,28
1607,0,60,2,2,4,1,8,9,11,20,12,26
201,3,4,0,1,5,3,6,14,11,17,27,15
1609,0,24,1,4,6,3,10,11,13,22,14,28
805,1,4,1,0,0,2,12,6,7,0,22,30
1611,0,4,0,1,1,5,12,13,15,1,16,30
403,2,4,1,3,4,7,0,12,4,12,26,0
1613,0,4,2,3,3,7,1,15,17,3,18,1
807,1,24,0,2,2,4,1,8,9,2,24,1
1615,0,24,1,0,5,9,3,0,0,5,20,3
101,4,7,2,1,3,2,10,16,6,9,14,8
1617,0,14,0,2,0,0,5,2,2,7,22,5
809,1,14,2,4,4,6,3,10,11,4,26,3
1619,0,14,2,4,2,2,7,4,4,9,24,7
405,2,7,0,0,6,9,2,14,6,14,28,2
1621,0,7,1,1,4,4,9,6,6,11,26,9
811,1,48,1,1,6,8,5,12,13,6,28,5
1623,0,48,0,3,6,6,11,8,8,13,28,11
203,3,12,2,3,0,5,8,16,13,19,0,17
1625,0,48,2,0,1,8,0,10,10,15,1,13
813,1,12,0,3,1,10,7,14,15,8,1,7
1627,0,24,1,2,3,10,2,12,12,17,3,15
407,2,12,2,2,1,0,4,16,8,16,1,4
1629,0,12,0,4,5,1,4,14,14,19,5,17
815,1,48,2,0,3,1,9,16,17,10,3,9
1631,0,48,2,1,0,3,6,16,16,21,7,19
51,5,7,0,1,2,7,12,0,13,5,22,20
1633,0,48,1,3,2,5,8,1,18,0,9,21
817,1,12,1,2,5,3,11,1,0,12,5,11
1635,0,12,0,0,4,7,10,3,1,2,11,23
409,2,12,1,4,3,2,6,1,10,18,3,6
1637,0,12,2,2,6,9,12,5,3,4,13,25
819,1,12,0,4,0,5,0,3,2,14,7,13
1639,0,36,1,4,1,0,1,7,5,6,15,27
205,3,7,1,0,2,7,10,1,15,21,2,19
1641,0,24,0,1,3,2,3,9,7,8,17,29
821,1,7,2,1,2,7,2,5,4,16,9,15
1643,0,24,2,3,5,4,5,11,9,10,19,0
411,2,48,0,1,5,4,8,3,12,20,5,8
1645,0,48,1,0,0,6,7,13,11,12,21,2
823,1,48,1,3,4,9,4,7,6,18,11,17
1647,0,48,0,2,2,8,9,15,13,14,23,4
103,4,31,1,3,5,4,12,1,8,11,16,10
1649,0,7,2,4,4,10,11,0,15,16,25,6
825,1,48,0,0,6,0,6,9,8,20,13,19
1651,0,48,1,1,6,1,0,2,17,18,27,8
413,2,31,2,3,0,6,10,5,14,22,7,10
1653,0,31,0,3,1,3,2,4,0,20,0,10
827,1,12,2,2,1,2,8,11,10,22,15,21
1655,0,12,2,0,3,5,4,6,2,22,2,12
207,3,31,0,2,4,9,12,3,17,0,4,21
1657,0,24,1,2,5,7,6,8,4,1,4,14
829,1,31,1,4,3,4,10,13,12,1,17,23
1659,0,12,0,4,0,9,8,10,6,3,6,16
415,2,48,1,0,2,8,12,7,16,1,9,12
1661,0,48,2,1,2,0,10,12,8,5,8,18
831,1,48,0,1,5,6,12,15,14,3,19,25
1663,0,24,1,3,4,2,12,14,10,7,10,20
13,7,2,1,3,6,2,0,13,13,13,13,13
1665,0,65,0,0,6,4,1,16,12,9,12,22
833,1,7,2,3,0,8,1,0,16,5,21,27
1667,0,7,2,2,1,6,3,1,14,11,14,24
417,2,48,0,2,4,10,1,9,18,3,11,14
1669,0,48,1,4,3,8,5,3,16,13,16,26
835,1,48,1,0,2,10,3,2,18,7,23,29
1671,0,12,0,1,5,10,7,5,18,15,18,28
209,3,12,2,4,6,0,1,5,0,2,6,23
1673,0,31,2,3,0,1,9,7,1,17,20,30
837,1,12,0,2,4,1,5,4,1,9,25,0
1675,0,48,1,0,2,3,11,9,3,19,22,1
419,2,12,2,4,6,1,3,11,1,5,13,16
1677,0,12,0,2,4,5,0,11,5,21,24,3
839,1,29,2,4,6,3,7,6,3,11,27,2
1679,0,29,2,4,6,7,2,13,7,0,26,5
105,4,12,0,0,0,6,1,3,10,13,18,12
1681,0,12,1,1,1,9,4,15,9,2,28,7
841,1,12,1,1,1,5,9,8,5,13,0,4
1683,0,12,0,3,3,0,6,0,11,4,1,9
421,2,12,1,1,1,3,5,13,3,7,15,18
1685,0,12,2,0,5,2,8,2,13,6,3,11
843,1,12,0,3,3,7,11,10,7,15,2,6
1687,0,12,1,2,0,4,10,4,15,8,5,13
211,3,12,1,1,1,2,3,7,2,4,8,25
1689,0,9,0,4,2,6,12,6,17,10,7,15
845,1,12,2,0,5,9,0,12,9,17,4,8
1691,0,48,2,1,4,8,1,8,0,12,9,17
423,2,9,0,3,3,5,7,15,5,9,17,20
1693,0,9,1,3,6,10,3,10,2,14,11,19
847,1,9,1,2,0,0,2,14,11,19,6,10
1695,0,65,0,0,1,1,5,12,4,16,13,21
53,5,2,2,3,4,9,1,2,15,7,24,22
1697,0,9,2,2,3,3,7,14,6,18,15,23
849,1,19,0,4,2,2,4,16,13,21,8,12
1699,0,19,1,4,5,5,9,16,8,20,17,25
425,2,19,2,0,5,7,9,0,7,11,19,22
1701,0,19,0,1,0,7,11,1,10,22,19,27
851,1,19,2,1,4,4,6,1,15,0,10,14
1703,0,19,2,3,2,9,0,3,12,1,21,29
213,3,2,0,3,3,4,5,9,4,6,10,27
1705,0,48,1,0,4,0,2,5,14,3,23,0
853,1,2,1,3,6,6,8,3,17,2,12,16
1707,0,53,0,2,6,2,4,7,16,5,25,2
427,2,17,1,2,0,9,11,2,9,13,21,24
1709,0,17,2,4,1,4,6,9,18,7,27,4
855,1,17,0,0,1,8,10,5,0,4,14,18
1711,0,53,1,1,3,6,8,11,1,9,0,6
107,4,36,2,2,2,8,3,5,12,15,20,14
1713,0,7,0,3,5,8,10,13,3,11,2,8
857,1,7,2,2,3,10,12,7,2,6,16,20
1715,0,7,2,0,0,10,12,15,5,13,4,10
429,2,36,0,4,2,0,0,4,11,15,23,26
1717,0,36,1,2,2,1,1,0,7,15,6,12
859,1,53,1,4,5,1,1,9,4,8,18,22
1719,0,53,0,4,4,3,3,2,9,17,8,14
215,3,36,2,0,5,6,7,11,6,8,12,29
1721,0,17,2,1,6,5,5,4,11,19,10,16
861,1,36,0,1,0,3,3,11,6,10,20,24
1723,0,17,1,3,1,7,7,6,13,21,12,18
431,2,12,2,1,4,2,2,6,13,17,25,28
1725,0,12,0,0,3,9,9,8,15,0,14,20
863,1,12,2,3,2,5,5,13,8,12,22,26
1727,0,17,2,2,5,0,11,10,17,2,16,22
27,6,41,0,2,6,5,1,10,8,4,27,27
1729,0,36,1,4,0,2,0,12,0,4,18,24
865,1,53,1,0,4,7,7,15,10,14,24,28
1731,0,53,0,1,2,4,2,14,2,6,20,26
433,2,7,1,3,6,4,4,8,15,19,27,30
1733,0,7,2,3,4,6,4,16,4,8,22,28
867,1,7,0,2,6,9,9,0,12,16,26,30
1735,0,36,1,0,6,8,6,1,6,10,24,30
217,3,7,1,2,0,8,9,13,8,10,14,0
1737,0,36,0,2,1,10,8,3,8,12,26,1
869,1,7,2,4,1,0,11,2,14,18,28,1
1739,0,17,2,4,3,1,10,5,10,14,28,3
435,2,7,0,0,1,6,6,10,17,21,0,1
1741,0,7,1,1,5,3,12,7,12,16,1,5
871,1,65,1,1,3,2,0,4,16,20,1,3
1743,0,65,0,3,0,5,1,9,14,18,3,7
109,4,41,1,4,4,10,5,7,14,17,22,16
1745,0,53,2,0,2,7,3,11,16,20,5,9
873,1,53,0,3,5,4,2,6,18,22,3,5
1747,0,53,1,2,4,9,5,13,18,22,7,11
437,2,41,2,2,3,8,8,12,0,0,2,3
1749,0,41,0,4,6,0,7,15,1,1,9,13
875,1,7,2,0,0,6,4,8,1,1,5,7
1751,0,7,2,1,1,2,9,0,3,3,11,15
219,3,17,0,4,2,10,11,15,10,12,16,2
1753,0,17,1,3,3,4,11,2,5,5,13,17
877,1,17,1,2,2,8,6,10,3,3,7,9
1755,0,12,0,0,5,6,0,4,7,7,15,19
439,2,17,1,4,5,10,10,14,2,2,4,5
1757,0,17,2,2,0,8,2,6,9,9,17,21
879,1,53,0,4,4,10,8,12,5,5,9,11
1759,0,53,1,4,2,10,4,8,11,11,19,23
55,5,41,1,0,6,0,3,4,17,9,26,24
1761,0,36,0,1,4,1,6,10,13,13,21,25
881,1,41,2,1,6,1,10,14,7,7,11,13
1763,0,41,2,3,6,3,8,12,15,15,23,27
441,2,7,0,1,0,1,12,16,4,4,6,7
1765,0,7,1,0,1,5,10,14,17,17,25,29
883,1,7,1,3,1,3,12,16,9,9,13,15
1767,0,53,0,2,3,7,12,16,0,19,27,0
221,3,41,2,1,4,1,0,0,12,14,18,4
1769,0,17,2,4,5,9,1,1,2,21,0,2
885,1,41,0,0,3,5,1,1,11,11,15,17
1771,0,17,1,1,0,0,3,3,4,0,2,4
443,2,17,2,3,2,3,1,1,6,6,8,9
1773,0,17,0,3,2,2,5,5,6,2,4,6
887,1,17,2,2,5,7,3,3,13,13,17,19
1775,0,29,2,0,4,4,7,7,8,4,6,8
111,4,24,0,1,6,1,7,9,16,19,24,18
1777,0,41,1,2,6,6,9,9,10,6,8,10
889,1,53,1,4,0,9,5,5,15,15,19,21
1779,0,53,0,4,1,8,11,11,12,8,10,12
445,2,24,1,0,4,5,3,3,8,8,10,11
1781,0,24,2,1,3,10,0,13,14,10,12,14
891,1,14,0,1,2,0,7,7,17,17,21,23
1783,0,14,1,3,5,1,2,15,16,12,14,16
223,3,24,1,3,6,3,2,2,14,16,20,6
1785,0,7,0,0,0,3,4,0,18,14,16,18
893,1,24,2,3,4,2,9,9,0,19,23,25
1787,0,14,2,2,2,5,6,2,1,16,18,20
447,2,34,0,2,6,7,5,5,10,10,12,13
1789,0,34,1,4,4,7,8,4,3,18,20,22
895,1,34,1,0,6,4,11,11,2,21,25,27
1791,0,34,0,1,6,9,10,6,5,20,22,24
7,8,5,1,2,0,7,7,7,7,7,7,7
1793,0,41,2,3,1,0,12,8,7,22,24,26
897,1,22,0,2,1,6,0,13,4,0,27,29
1795,0,22,1,0,3,2,1,10,9,1,26,28
449,2,41,2,4,1,9,7,7,12,12,14,15
1797,0,41,0,2,5,4,3,12,11,3,28,30
899,1,41,2,4,3,8,2,15,6,2,0,0
1799,0,22,2,4,0,6,5,14,13,5,1,1
225,3,17,0,0,1,5,4,4,16,18,22,8
1801,0,58,1,1,2,8,7,16,15,7,3,3
901,1,17,1,1,5,10,4,0,8,4,2,2
1803,0,12,0,3,4,10,9,1,17,9,5,5
451,2,17,1,1,3,0,9,9,14,14,16,17
1805,0,17,2,0,6,1,11,3,0,11,7,7
903,1,41,0,3,0,1,6,2,10,6,4,4
1807,0,41,1,2,1,3,0,5,2,13,9,9
113,4,2,2,3,1,3,9,11,18,21,26,20
1809,0,17,0,4,3,5,2,7,4,15,11,11
905,1,22,2,0,2,3,8,4,12,8,6,6
1811,0,22,2,1,5,7,4,9,6,17,13,13
453,2,2,0,3,5,2,11,11,16,16,18,19
1813,0,2,1,3,0,9,6,11,8,19,15,15
907,1,17,1,2,4,5,10,6,14,10,8,8
1815,0,17,0,0,2,0,8,13,10,21,17,17
227,3,2,2,2,3,7,6,6,18,20,24,10
1817,0,22,2,2,4,2,10,15,12,0,19,19
909,1,2,0,4,6,7,12,8,16,12,10,10
1819,0,58,1,4,6,4,12,0,14,2,21,21
455,2,12,2,0,0,4,0,13,18,18,20,21
1821,0,12,0,1,1,6,1,2,16,4,23,23
911,1,12,2,1,1,9,1,10,18,14,12,12
1823,0,58,2,3,3,8,3,4,18,6,25,25
57,5,10,0,2,1,2,5,6,0,11,28,26
1825,0,12,1,0,5,10,5,6,1,8,27,27
913,1,46,1,3,3,0,3,12,1,16,14,14
1827,0,46,0,2,0,1,7,8,3,10,0,29
457,2,46,1,2,2,6,2,15,1,20,22,23
1829,0,46,2,4,2,3,9,10,5,12,2,0
915,1,46,0,0,5,2,5,14,3,18,16,16
1831,0,22,1,1,4,5,11,12,7,14,4,2
229,3,10,1,4,5,9,8,8,1,22,26,12
1833,0,12,0,3,6,7,0,14,9,16,6,4
917,1,10,2,2,0,4,7,16,5,20,18,18
1835,0,46,2,0,1,9,2,16,11,18,8,6
459,2,46,0,4,4,8,4,0,3,22,24,25
1837,0,46,1,2,3,0,4,1,13,20,10,8
919,1,46,1,4,2,6,9,1,7,22,20,20
1839,0,58,0,4,5,2,6,3,15,22,12,10
115,4,10,1,0,3,5,11,13,1,0,28,22
1841,0,46,2,1,0,4,8,5,17,1,14,12
921,1,46,0,1,4,8,11,3,9,1,22,22
1843,0,46,1,3,2,6,10,7,0,3,16,14
461,2,10,2,1,6,10,6,2,5,1,26,27
1845,0,10,0,0,4,8,12,9,2,5,18,16
923,1,22,2,3,6,10,0,5,11,3,24,24
1847,0,22,2,2,6,10,1,11,4,7,20,18
231,3,46,0,1,0,0,10,10,3,1,28,14
1849,0,22,1,4,1,1,3,13,6,9,22,20
925,1,46,1,0,1,1,2,7,13,5,26,26
1851,0,46,0,1,3,3,5,15,8,11,24,22
463,2,46,1,3,1,1,8,4,7,3,28,29
1853,0,46,2,3,5,5,7,0,10,13,26,24
927,1,41,0,2,3,3,4,9,15,7,28,28
1855,0,41,1,0,0,7,9,2,12,15,28,26
29,6,5,2,4,1,7,3,12,10,6,0,29
1857,0,10,0,2,2,9,11,4,14,17,1,28
929,1,46,2,4,5,5,6,11,17,9,1,30
1859,0,46,2,4,4,0,0,6,16,19,3,30
465,2,10,0,0,3,3,10,6,9,5,1,0
1861,0,10,1,1,6,2,2,8,18,21,5,1
931,1,10,1,1,0,7,8,13,0,11,3,1
1863,0,22,0,3,1,4,4,10,1,0,7,3
233,3,29,2,3,2,2,12,12,5,3,1,16
1865,0,22,2,0,3,6,6,12,3,2,9,5
933,1,29,0,3,2,9,10,15,2,13,5,3
1867,0,10,1,2,5,8,8,14,5,4,11,7
467,2,29,2,2,5,5,12,8,11,7,3,2
1869,0,29,0,4,0,10,10,16,7,6,13,9
935,1,46,2,0,4,0,12,0,4,15,7,5
1871,0,46,2,1,2,1,12,1,9,8,15,11
117,4,5,0,2,5,7,0,15,3,2,1,24
1873,0,29,1,3,4,3,1,3,11,10,17,13
937,1,63,1,2,6,2,1,2,6,17,9,7
1875,0,63,0,0,6,5,3,5,13,12,19,15
469,2,5,1,4,0,7,1,10,13,9,5,4
1877,0,5,2,2,1,7,5,7,15,14,21,17
939,1,29,0,4,1,4,3,4,8,19,11,9
1879,0,29,1,4,3,9,7,9,17,16,23,19
235,3,46,1,0,4,4,1,14,7,5,3,18
1881,0,10,0,1,5,0,9,11,0,18,25,21
941,1,46,2,1,3,6,5,6,10,21,13,11
1883,0,29,2,3,0,2,11,13,2,20,27,23
471,2,46,0,1,2,9,3,12,15,11,7,6
1885,0,46,1,0,2,4,0,15,4,22,0,25
943,1,10,1,3,5,8,7,8,12,0,15,13
1887,0,10,0,2,4,6,2,0,6,1,2,27
59,5,10,2,4,3,4,7,8,2,13,1,28
1889,0,27,2,4,6,8,4,2,8,3,4,29
945,1,10,0,0,0,10,9,10,14,2,17,15
1891,0,10,1,1,1,10,6,4,10,5,6,0
473,2,10,2,3,4,0,5,14,17,13,9,8
1893,0,10,0,3,3,1,8,6,12,7,8,2
947,1,10,2,2,2,1,11,12,16,4,19,17
1895,0,63,2,0,5,3,10,8,14,9,10,4
237,3,10,0,2,6,6,3,16,9,7,5,20
1897,0,22,1,2,0,5,12,10,16,11,12,6
949,1,10,1,4,4,3,0,14,18,6,21,19
1899,0,22,0,4,2,7,1,12,18,13,14,8
475,2,7,1,0,6,2,7,16,0,15,11,10
1901,0,7,2,1,4,9,3,14,1,15,16,10
951,1,7,0,1,6,5,2,16,1,8,23,21
1903,0,46,1,3,6,0,5,16,3,17,18,12
119,4,10,2,4,0,9,2,0,5,4,3,26
1905,0,10,0,0,1,2,7,1,5,19,20,14
953,1,7,2,3,1,7,4,1,3,10,25,23
1907,0,7,2,2,3,4,9,3,7,21,22,16
477,2,10,0,2,1,4,9,1,2,17,13,12
1909,0,10,1,4,5,6,11,5,9,0,24,18
955,1,7,1,0,3,9,6,3,5,12,27,25
1911,0,7,0,1,0,8,0,7,11,2,26,20
239,3,17,2,4,1,8,5,1,11,9,7,22
1913,0,27,2,3,2,10,2,9,13,4,28,22
957,1,17,0,2,5,0,8,5,7,14,0,27
1915,0,63,1,0,4,1,4,11,15,6,1,24
479,2,17,2,4,3,6,11,3,4,19,15,14
1917,0,17,0,2,6,3,6,13,17,8,3,26
959,1,46,2,4,0,2,10,7,9,16,2,29
1919,0,46,2,4,1,5,8,15,0,10,5,28
15,7,5,0,0,1,4,2,15,15,15,15,15
1921,0,51,1,1,3,7,10,0,2,12,7,30
961,1,15,1,1,2,4,12,9,11,18,4,0
1923,0,15,0,3,5,9,12,2,4,14,9,1
481,2,15,1,1,5,8,0,5,6,21,17,16
1925,0,15,2,0,0,0,1,4,6,16,11,3
963,1,15,0,3,4,6,1,11,13,20,6,2
1927,0,15,1,2,2,2,3,6,8,18,13,5
241,3,5,1,1,3,10,7,3,13,11,9,24
1929,0,17,0,4,4,4,5,8,10,20,15,7
965,1,5,2,0,6,8,3,13,15,22,8,4
1931,0,51,2,1,6,6,7,10,12,22,17,9
483,2,5,0,3,0,10,2,7,8,0,19,18
1933,0,5,1,3,1,8,9,12,14,1,19,11
967,1,51,1,2,1,10,5,15,17,1,10,6
1935,0,51,0,0,3,10,11,14,16,3,21,13
121,4,34,1,1,2,0,4,2,7,6,5,28
1937,0,15,2,2,5,1,0,16,18,5,23,15
969,1,15,0,4,3,1,7,0,0,3,12,8
1939,0,15,1,4,0,3,2,1,1,7,25,17
485,2,34,2,0,2,1,4,9,10,2,21,20
1941,0,34,0,1,2,5,4,3,3,9,27,19
971,1,10,2,1,5,3,9,2,2,5,14,10
1943,0,10,2,3,4,7,6,5,5,11,0,21
243,3,34,0,3,5,1,9,5,15,13,11,26
1945,0,10,1,0,6,9,8,7,7,13,2,23
973,1,34,1,3,0,5,11,4,4,7,16,12
1947,0,27,0,2,1,0,10,9,9,15,4,25
487,2,51,1,2,4,3,6,11,12,4,23,22
1949,0,51,2,4,3,2,12,11,11,17,6,27
975,1,51,0,0,2,7,0,6,6,9,18,14
1951,0,63,1,1,5,4,1,13,13,19,8,29
61,5,5,1,1,5,6,9,10,4,15,3,30
1953,0,10,0,3,0,6,3,15,15,21,10,0
977,1,34,2,2,4,9,2,8,8,11,20,16
1955,0,34,2,0,2,8,5,0,17,0,12,2
489,2,15,0,4,6,5,8,13,14,6,25,24
1957,0,15,1,2,4,10,7,2,0,2,14,4
979,1,15,1,4,6,0,4,10,10,13,22,18
1959,0,27,0,4,6,1,9,4,2,4,16,6
245,3,5,2,0,0,3,11,7,17,15,13,28
1961,0,63,2,1,1,3,11,6,4,6,18,8
981,1,5,0,1,1,2,6,12,12,15,24,20
1963,0,27,1,3,3,5,0,8,6,8,20,10
491,2,51,2,1,1,7,10,15,16,8,27,26
1965,0,51,0,0,5,7,2,10,8,10,22,12
983,1,51,2,3,3,4,8,14,14,17,26,22
1967,0,34,2,2,0,9,4,12,10,12,24,14
123,4,15,0,3,4,2,6,4,9,8,7,30
1969,0,5,1,4,2,0,6,14,12,14,26,16
985,1,5,1,0,5,6,10,16,16,19,28,24
1971,0,5,0,1,4,2,8,16,14,16,28,18
493,2,15,1,3,3,9,12,0,18,10,0,28
1973,0,15,2,3,6,4,10,1,16,18,1,20
987,1,10,0,2,0,8,12,1,18,21,1,26
1975,0,10,1,0,1,6,12,3,18,20,3,22
247,3,15,1,2,2,5,0,9,0,17,15,30
1977,0,51,0,2,3,8,1,5,1,22,5,24
989,1,15,2,4,2,10,1,3,1,0,3,28
1979,0,51,2,4,5,10,3,7,3,1,7,26
495,2,34,0,0,5,0,1,2,1,12,2,30
1981,0,34,1,1,0,1,5,9,5,3,9,28
991,1,34,1,1,4,1,3,5,3,2,5,30
1983,0,15,0,3,2,3,7,11,7,5,11,30
31,6,39,1,1,3,9,5,14,12,8,2,0
1985,0,15,2,0,4,5,9,13,9,7,13,1
993,1,32,0,3,6,3,5,7,5,4,7,1
1987,0,32,1,2,6,7,11,15,11,9,15,3
497,2,5,2,2,0,2,3,4,3,14,4,1
1989,0,5,0,4,1,9,0,0,13,11,17,5
995,1,5,2,0,1,5,7,9,7,6,9,3
1991,0,15,2,1,3,0,2,2,15,13,19,7
249,3,15,0,4,4,7,2,11,2,19,17,1
1993,0,15,1,3,5,2,4,4,17,15,21,9
997,1,15,1,2,3,7,9,11,9,8,11,5
1995,0,15,0,0,0,4,6,6,0,17,23,11
499,2,15,1,4,2,4,5,6,5,16,6,3
1997,0,15,2,2,2,6,8,8,2,19,25,13
999,1,15,0,4,5,9,11,13,11,10,13,7
1999,0,15,1,4,4,8,10,10,4,21,27,15
125,4,39,2,0,6,4,8,6,11,10,9,1
