This is a focused 2-adic view of the first 5000 integers in consecutive order, without residues. Use this to confirm patterns seen in smaller numbers and also to search for extended structure.

For every integer n:
- oc is the 2-adic "odd core" of the number, after removing all factors of 2. For odd numbers, oc is the number itself.
- k is the 2-adic exponent, the number of halvings (n = oc * 2^k). For odd numbers, k is always 0, so is omitted here.
- dist is the odd-to-odd Collatz stopping distance of oc

oc,k,dist
1,,0
1,1,0
3,,2
1,2,0
5,,1
3,1,2
7,,5
1,3,0
9,,6
5,1,1
11,,4
3,2,2
13,,2
7,1,5
15,,5
1,4,0
17,,3
9,1,6
19,,6
5,2,1
21,,1
11,1,4
23,,4
3,3,2
25,,7
13,1,2
27,,41
7,2,5
29,,5
15,1,5
31,,39
1,5,0
33,,8
17,1,3
35,,3
9,2,6
37,,6
19,1,6
39,,11
5,3,1
41,,40
21,1,1
43,,9
11,2,4
45,,4
23,1,4
47,,38
3,4,2
49,,7
25,1,7
51,,7
13,2,2
53,,2
27,1,41
55,,41
7,3,5
57,,10
29,1,5
59,,10
15,2,5
61,,5
31,1,39
63,,39
1,6,0
65,,8
33,1,8
67,,8
17,2,3
69,,3
35,1,3
71,,37
9,3,6
73,,42
37,1,6
75,,3
19,2,6
77,,6
39,1,11
79,,11
5,4,1
81,,6
41,1,40
83,,40
21,2,1
85,,1
43,1,9
87,,9
11,3,4
89,,9
45,1,4
91,,33
23,2,4
93,,4
47,1,38
95,,38
3,5,2
97,,43
49,1,7
99,,7
25,2,7
101,,7
51,1,7
103,,31
13,3,2
105,,12
53,1,2
107,,36
27,2,41
109,,41
55,1,41
111,,24
7,4,5
113,,2
57,1,10
115,,10
29,2,5
117,,5
59,1,10
119,,10
15,3,5
121,,34
61,1,5
123,,15
31,2,39
125,,39
63,1,39
127,,15
1,7,0
129,,44
65,1,8
131,,8
33,2,8
133,,8
67,1,8
135,,13
17,3,3
137,,32
69,1,3
139,,13
35,2,3
141,,3
71,1,37
143,,37
9,4,6
145,,42
73,1,42
147,,42
37,2,6
149,,6
75,1,3
151,,3
19,3,6
153,,11
77,1,6
155,,30
39,2,11
157,,11
79,1,11
159,,18
5,5,1
161,,35
81,1,6
163,,6
41,2,40
165,,40
83,1,40
167,,23
21,3,1
169,,16
85,1,1
171,,45
43,2,9
173,,9
87,1,9
175,,28
11,4,4
177,,9
89,1,9
179,,9
45,2,4
181,,4
91,1,33
183,,33
23,3,4
185,,14
93,1,4
187,,14
47,2,38
189,,38
95,1,38
191,,14
3,6,2
193,,43
97,1,43
195,,43
49,2,7
197,,7
99,1,7
199,,43
25,3,7
201,,4
101,1,7
203,,12
51,2,7
205,,7
103,1,31
207,,31
13,4,2
209,,12
105,1,12
211,,12
53,2,2
213,,2
107,1,36
215,,36
27,3,41
217,,7
109,1,41
219,,17
55,2,41
221,,41
111,1,24
223,,24
7,5,5
225,,17
113,1,2
227,,2
57,2,10
229,,10
115,1,10
231,,46
29,3,5
233,,29
117,1,5
235,,46
59,2,10
237,,10
119,1,10
239,,17
15,4,5
241,,5
121,1,34
243,,34
61,2,5
245,,5
123,1,15
247,,15
31,3,39
249,,15
125,1,39
251,,22
63,2,39
253,,39
127,1,15
255,,15
1,8,0
257,,44
129,1,44
259,,44
65,2,8
261,,8
131,1,8
263,,27
33,3,8
265,,44
133,1,8
267,,5
67,2,8
269,,8
135,1,13
271,,13
17,4,3
273,,8
137,1,32
275,,32
69,2,3
277,,3
139,1,13
279,,13
35,3,3
281,,13
141,1,3
283,,20
71,2,37
285,,37
143,1,37
287,,13
9,5,6
289,,8
145,1,42
291,,42
73,2,42
293,,42
147,1,42
295,,18
37,3,6
297,,25
149,1,6
299,,42
75,2,3
301,,3
151,1,3
303,,13
19,4,6
305,,11
153,1,11
307,,11
77,2,6
309,,6
155,1,30
311,,30
39,3,11
313,,47
157,1,11
315,,11
79,2,11
317,,11
159,1,18
319,,18
5,6,1
321,,6
161,1,35
323,,35
81,2,6
325,,6
163,1,6
327,,52
41,3,40
329,,16
165,1,40
331,,6
83,2,40
333,,40
167,1,23
335,,23
21,4,1
337,,40
169,1,16
339,,16
85,2,1
341,,1
171,1,45
343,,45
43,3,9
345,,45
173,1,9
347,,45
87,2,9
349,,9
175,1,28
351,,28
11,5,4
353,,45
177,1,9
355,,9
89,2,9
357,,9
179,1,9
359,,16
45,3,4
361,,14
181,1,4
363,,14
91,2,33
365,,33
183,1,33
367,,14
23,4,4
369,,4
185,1,14
371,,14
93,2,4
373,,4
187,1,14
375,,14
47,3,38
377,,21
189,1,38
379,,19
95,2,38
381,,38
191,1,14
383,,14
3,7,2
385,,9
193,1,43
387,,43
97,2,43
389,,43
195,1,43
391,,43
49,3,7
393,,19
197,1,7
395,,26
99,2,7
397,,7
199,1,43
399,,43
25,4,7
401,,4
201,1,4
403,,4
101,2,7
405,,7
203,1,12
407,,12
51,3,7
409,,12
205,1,7
411,,48
103,2,31
413,,31
207,1,31
415,,48
13,5,2
417,,48
209,1,12
419,,12
105,2,12
421,,12
211,1,12
423,,9
53,3,2
425,,19
213,1,2
427,,17
107,2,36
429,,36
215,1,36
431,,12
27,4,41
433,,7
217,1,7
435,,7
109,2,41
437,,41
219,1,17
439,,17
55,3,41
441,,7
221,1,41
443,,17
111,2,24
445,,24
223,1,24
447,,34
7,6,5
449,,41
225,1,17
451,,17
113,2,2
453,,2
227,1,2
455,,12
57,3,10
457,,46
229,1,10
459,,46
115,2,10
461,,10
231,1,46
463,,46
29,4,5
465,,10
233,1,29
467,,29
117,2,5
469,,5
235,1,46
471,,46
59,3,10
473,,10
237,1,10
475,,7
119,2,10
477,,10
239,1,17
479,,17
15,5,5
481,,15
241,1,5
483,,5
121,2,34
485,,34
243,1,34
487,,51
61,3,5
489,,15
245,1,5
491,,51
123,2,15
493,,15
247,1,15
495,,34
31,4,39
497,,5
249,1,15
499,,15
125,2,39
501,,39
251,1,22
503,,22
63,3,39
505,,20
253,1,39
507,,10
127,2,15
509,,15
255,1,15
511,,20
1,9,0
513,,10
257,1,44
515,,44
129,2,44
517,,44
259,1,44
519,,20
65,3,8
521,,44
261,1,8
523,,44
131,2,8
525,,8
263,1,27
527,,27
33,4,8
529,,8
265,1,44
531,,44
133,2,8
533,,8
267,1,5
535,,5
67,3,8
537,,5
269,1,8
539,,15
135,2,13
541,,13
271,1,13
543,,49
17,5,3
545,,13
273,1,8
547,,8
137,2,32
549,,32
275,1,32
551,,13
69,3,3
553,,49
277,1,3
555,,8
139,2,13
557,,13
279,1,13
559,,30
35,4,3
561,,13
281,1,13
563,,13
141,2,3
565,,3
283,1,20
567,,20
71,3,37
569,,18
285,1,37
571,,8
143,2,37
573,,37
287,1,13
575,,13
9,6,6
577,,8
289,1,8
579,,8
145,2,42
581,,42
291,1,42
583,,8
73,3,42
585,,18
293,1,42
587,,42
147,2,42
589,,42
295,1,18
591,,18
37,4,6
593,,25
297,1,25
595,,25
149,2,6
597,,6
299,1,42
599,,42
75,3,3
601,,18
301,1,3
603,,23
151,2,3
605,,3
303,1,13
607,,13
19,5,6
609,,47
305,1,11
611,,11
153,2,11
613,,11
307,1,11
615,,23
77,3,6
617,,47
309,1,6
619,,47
155,2,30
621,,30
311,1,30
623,,47
39,4,11
625,,6
313,1,47
627,,47
157,2,11
629,,11
315,1,11
631,,11
79,3,11
633,,8
317,1,11
635,,8
159,2,18
637,,18
319,1,18
639,,47
5,7,1
641,,16
321,1,6
643,,6
161,2,35
645,,35
323,1,35
647,,11
81,3,6
649,,52
325,1,6
651,,35
163,2,6
653,,6
327,1,52
655,,52
41,4,40
657,,16
329,1,16
659,,16
165,2,40
661,,40
331,1,6
663,,6
83,3,40
665,,16
333,1,40
667,,52
167,2,23
669,,23
335,1,23
671,,33
21,5,1
673,,21
337,1,40
675,,40
169,2,16
677,,16
339,1,16
679,,21
85,3,1
681,,21
341,1,1
683,,11
171,2,45
685,,45
343,1,45
687,,11
43,4,9
689,,45
345,1,45
691,,45
173,2,9
693,,9
347,1,45
695,,45
87,3,9
697,,45
349,1,9
699,,21
175,2,28
701,,28
351,1,28
703,,62
11,6,4
705,,9
353,1,45
707,,45
177,2,9
709,,9
355,1,9
711,,21
89,3,9
713,,6
357,1,9
715,,6
179,2,9
717,,9
359,1,16
719,,16
45,4,4
721,,14
361,1,14
723,,14
181,2,4
725,,4
363,1,14
727,,14
91,3,33
729,,9
365,1,33
731,,50
183,2,33
733,,33
367,1,14
735,,14
23,5,4
737,,50
369,1,4
739,,4
185,2,14
741,,14
371,1,14
743,,33
93,3,4
745,,31
373,1,4
747,,14
187,2,14
749,,14
375,1,14
751,,50
47,4,38
753,,4
377,1,21
755,,21
189,2,38
757,,38
379,1,19
759,,19
95,3,38
761,,9
381,1,38
763,,55
191,2,14
765,,14
383,1,14
767,,19
3,8,2
769,,9
385,1,9
771,,9
193,2,43
773,,43
387,1,43
775,,55
97,3,43
777,,9
389,1,43
779,,19
195,2,43
781,,43
391,1,43
783,,43
49,4,7
785,,43
393,1,19
787,,19
197,2,7
789,,7
395,1,26
791,,26
99,3,7
793,,26
397,1,7
795,,36
199,2,43
797,,43
399,1,43
799,,24
25,5,7
801,,19
401,1,4
803,,4
201,2,4
805,,4
403,1,4
807,,24
101,3,7
809,,14
405,1,7
811,,48
203,2,12
813,,12
407,1,12
815,,48
51,4,7
817,,12
409,1,12
819,,12
205,2,7
821,,7
411,1,48
823,,48
103,3,31
825,,48
413,1,31
827,,12
207,2,31
829,,31
415,1,48
831,,48
13,6,2
833,,7
417,1,48
835,,48
209,2,12
837,,12
419,1,12
839,,29
105,3,12
841,,12
421,1,12
843,,12
211,2,12
845,,12
423,1,9
847,,9
53,4,2
849,,19
425,1,19
851,,19
213,2,2
853,,2
427,1,17
855,,17
107,3,36
857,,7
429,1,36
859,,53
215,2,36
861,,36
431,1,12
863,,12
27,5,41
865,,53
433,1,7
867,,7
217,2,7
869,,7
435,1,7
871,,65
109,3,41
873,,53
437,1,41
875,,7
219,2,17
877,,17
439,1,17
879,,53
55,4,41
881,,41
441,1,7
883,,7
221,2,41
885,,41
443,1,17
887,,17
111,3,24
889,,53
445,1,24
891,,14
223,2,24
893,,24
447,1,34
895,,34
7,7,5
897,,22
449,1,41
899,,41
225,2,17
901,,17
451,1,17
903,,41
113,3,2
905,,22
453,1,2
907,,17
227,2,2
909,,2
455,1,12
911,,12
57,4,10
913,,46
457,1,46
915,,46
229,2,10
917,,10
459,1,46
919,,46
115,3,10
921,,46
461,1,10
923,,22
231,2,46
925,,46
463,1,46
927,,41
29,5,5
929,,46
465,1,10
931,,10
233,2,29
933,,29
467,1,29
935,,46
117,3,5
937,,63
469,1,5
939,,29
235,2,46
941,,46
471,1,46
943,,10
59,4,10
945,,10
473,1,10
947,,10
237,2,10
949,,10
475,1,7
951,,7
119,3,10
953,,7
477,1,10
955,,7
239,2,17
957,,17
479,1,17
959,,46
15,6,5
961,,15
481,1,15
963,,15
241,2,5
965,,5
483,1,5
967,,51
121,3,34
969,,15
485,1,34
971,,10
243,2,34
973,,34
487,1,51
975,,51
61,4,5
977,,34
489,1,15
979,,15
245,2,5
981,,5
491,1,51
983,,51
123,3,15
985,,5
493,1,15
987,,10
247,2,15
989,,15
495,1,34
991,,34
31,5,39
993,,32
497,1,5
995,,5
249,2,15
997,,15
499,1,15
999,,15
125,3,39
1001,,51
501,1,39
1003,,12
251,2,22
1005,,22
503,1,22
1007,,32
63,4,39
1009,,39
505,1,20
1011,,20
253,2,39
1013,,39
507,1,10
1015,,10
127,3,15
1017,,56
509,1,15
1019,,20
255,2,15
1021,,15
511,1,20
1023,,20
1,10,0
1025,,10
513,1,10
1027,,10
257,2,44
1029,,44
515,1,44
1031,,10
129,3,44
1033,,56
517,1,44
1035,,44
259,2,44
1037,,44
519,1,20
1039,,20
65,4,8
1041,,44
521,1,44
1043,,44
261,2,8
1045,,8
523,1,44
1047,,44
131,3,8
1049,,20
525,1,8
1051,,32
263,2,27
1053,,27
527,1,27
1055,,61
33,5,8
1057,,27
529,1,8
1059,,8
265,2,44
1061,,44
531,1,44
1063,,25
133,3,8
1065,,25
533,1,8
1067,,20
267,2,5
1069,,5
535,1,5
1071,,61
67,4,8
1073,,5
537,1,5
1075,,5
269,2,8
1077,,8
539,1,15
1079,,15
135,3,13
1081,,49
541,1,13
1083,,49
271,2,13
1085,,13
543,1,49
1087,,49
17,6,3
1089,,13
545,1,13
1091,,13
273,2,8
1093,,8
547,1,8
1095,,25
137,3,32
1097,,49
549,1,32
1099,,8
275,2,32
1101,,32
551,1,13
1103,,13
69,4,3
1105,,32
553,1,49
1107,,49
277,2,3
1109,,3
555,1,8
1111,,8
139,3,13
1113,,49
557,1,13
1115,,32
279,2,13
1117,,13
559,1,30
1119,,30
35,5,3
1121,,13
561,1,13
1123,,13
281,2,13
1125,,13
563,1,13
1127,,49
141,3,3
1129,,10
565,1,3
1131,,10
283,2,20
1133,,20
567,1,20
1135,,20
71,4,37
1137,,3
569,1,18
1139,,18
285,2,37
1141,,37
571,1,8
1143,,8
143,3,37
1145,,54
573,1,37
1147,,18
287,2,13
1149,,13
575,1,13
1151,,18
9,7,6
1153,,54
577,1,8
1155,,8
289,2,8
1157,,8
579,1,8
1159,,18
145,3,42
1161,,66
581,1,42
1163,,54
291,2,42
1165,,42
583,1,8
1167,,8
73,4,42
1169,,18
585,1,18
1171,,18
293,2,42
1173,,42
587,1,42
1175,,42
147,3,42
1177,,8
589,1,42
1179,,18
295,2,18
1181,,18
591,1,18
1183,,30
37,5,6
1185,,54
593,1,25
1187,,25
297,2,25
1189,,25
595,1,25
1191,,15
149,3,6
1193,,35
597,1,6
1195,,42
299,2,42
1197,,42
599,1,42
1199,,23
75,4,3
1201,,18
601,1,18
1203,,18
301,2,3
1205,,3
603,1,23
1207,,23
151,3,3
1209,,18
605,1,3
1211,,23
303,2,13
1213,,13
607,1,13
1215,,59
19,6,6
1217,,47
609,1,47
1219,,47
305,2,11
1221,,11
611,1,11
1223,,47
153,3,11
1225,,47
613,1,11
1227,,47
307,2,11
1229,,11
615,1,23
1231,,23
77,4,6
1233,,47
617,1,47
1235,,47
309,2,6
1237,,6
619,1,47
1239,,47
155,3,30
1241,,11
621,1,30
1243,,23
311,2,30
1245,,30
623,1,47
1247,,47
39,5,11
1249,,64
625,1,6
1251,,6
313,2,47
1253,,47
627,1,47
1255,,30
157,3,11
1257,,11
629,1,11
1259,,28
315,2,11
1261,,11
631,1,11
1263,,64
79,4,11
1265,,11
633,1,8
1267,,8
317,2,11
1269,,11
635,1,8
1271,,8
159,3,18
1273,,8
637,1,18
1275,,28
319,2,18
1277,,18
639,1,47
1279,,47
5,8,1
1281,,16
641,1,16
1283,,16
321,2,6
1285,,6
643,1,6
1287,,52
161,3,35
1289,,52
645,1,35
1291,,16
323,2,35
1293,,35
647,1,11
1295,,11
81,4,6
1297,,35
649,1,52
1299,,52
325,2,6
1301,,6
651,1,35
1303,,35
163,3,6
1305,,16
653,1,6
1307,,64
327,2,52
1309,,52
655,1,52
1311,,35
41,5,40
1313,,6
657,1,16
1315,,16
329,2,16
1317,,16
659,1,16
1319,,52
165,3,40
1321,,35
661,1,40
1323,,16
331,2,6
1325,,6
663,1,6
1327,,16
83,4,40
1329,,16
665,1,16
1331,,16
333,2,40
1333,,40
667,1,52
1335,,52
167,3,23
1337,,13
669,1,23
1339,,6
335,2,23
1341,,23
671,1,33
1343,,33
21,6,1
1345,,40
673,1,21
1347,,21
337,2,40
1349,,40
675,1,40
1351,,57
169,3,16
1353,,11
677,1,16
1355,,40
339,2,16
1357,,16
679,1,21
1359,,21
85,4,1
1361,,16
681,1,21
1363,,21
341,2,1
1365,,1
683,1,11
1367,,11
171,3,45
1369,,11
685,1,45
1371,,40
343,2,45
1373,,45
687,1,11
1375,,11
43,5,9
1377,,57
689,1,45
1379,,45
345,2,45
1381,,45
691,1,45
1383,,33
173,3,9
1385,,21
693,1,9
1387,,21
347,2,45
1389,,45
695,1,45
1391,,40
87,4,9
1393,,9
697,1,45
1395,,45
349,2,9
1397,,9
699,1,21
1399,,21
175,3,28
1401,,33
701,1,28
1403,,45
351,2,28
1405,,28
703,1,62
1407,,62
11,7,4
1409,,28
705,1,9
1411,,9
353,2,45
1413,,45
707,1,45
1415,,9
177,3,9
1417,,26
709,1,9
1419,,45
355,2,9
1421,,9
711,1,21
1423,,21
89,4,9
1425,,6
713,1,6
1427,,6
357,2,9
1429,,9
715,1,6
1431,,6
179,3,9
1433,,6
717,1,9
1435,,26
359,2,16
1437,,16
719,1,16
1439,,45
45,5,4
1441,,50
721,1,14
1443,,14
361,2,14
1445,,14
723,1,14
1447,,16
181,3,4
1449,,50
725,1,4
1451,,50
363,2,14
1453,,14
727,1,14
1455,,50
91,4,33
1457,,9
729,1,9
1459,,9
365,2,33
1461,,33
731,1,50
1463,,50
183,3,33
1465,,9
733,1,33
1467,,50
367,2,14
1469,,14
735,1,14
1471,,62
23,6,4
1473,,33
737,1,50
1475,,50
369,2,4
1477,,4
739,1,4
1479,,33
185,3,14
1481,,9
741,1,14
1483,,50
371,2,14
1485,,14
743,1,33
1487,,33
93,4,4
1489,,14
745,1,31
1491,,31
373,2,4
1493,,4
747,1,14
1495,,14
187,3,14
1497,,14
749,1,14
1499,,14
375,2,14
1501,,14
751,1,50
1503,,50
47,5,38
1505,,11
753,1,4
1507,,4
377,2,21
1509,,21
755,1,21
1511,,31
189,3,38
1513,,21
757,1,38
1515,,50
379,2,19
1517,,19
759,1,19
1519,,55
95,4,38
1521,,38
761,1,9
1523,,9
381,2,38
1525,,38
763,1,55
1527,,55
191,3,14
1529,,19
765,1,14
1531,,19
383,2,14
1533,,14
767,1,19
1535,,19
3,9,2
1537,,55
769,1,9
1539,,9
385,2,9
1541,,9
771,1,9
1543,,38
193,3,43
1545,,19
773,1,43
1547,,9
387,2,43
1549,,43
775,1,55
1551,,55
97,4,43
1553,,43
777,1,9
1555,,9
389,2,43
1557,,43
779,1,19
1559,,19
195,3,43
1561,,19
781,1,43
1563,,55
391,2,43
1565,,43
783,1,43
1567,,19
49,5,7
1569,,9
785,1,43
1571,,43
393,2,19
1573,,19
787,1,19
1575,,19
197,3,7
1577,,31
789,1,7
1579,,43
395,2,26
1581,,26
791,1,26
1583,,60
99,4,7
1585,,26
793,1,26
1587,,26
397,2,7
1589,,7
795,1,36
1591,,36
199,3,43
1593,,43
797,1,43
1595,,24
399,2,43
1597,,43
799,1,24
1599,,24
25,6,7
1601,,19
801,1,19
1603,,19
401,2,4
1605,,4
803,1,4
1607,,60
201,3,4
1609,,24
805,1,4
1611,,4
403,2,4
1613,,4
807,1,24
1615,,24
101,4,7
1617,,14
809,1,14
1619,,14
405,2,7
1621,,7
811,1,48
1623,,48
203,3,12
1625,,48
813,1,12
1627,,24
407,2,12
1629,,12
815,1,48
1631,,48
51,5,7
1633,,48
817,1,12
1635,,12
409,2,12
1637,,12
819,1,12
1639,,36
205,3,7
1641,,24
821,1,7
1643,,24
411,2,48
1645,,48
823,1,48
1647,,48
103,4,31
1649,,7
825,1,48
1651,,48
413,2,31
1653,,31
827,1,12
1655,,12
207,3,31
1657,,24
829,1,31
1659,,12
415,2,48
1661,,48
831,1,48
1663,,24
13,7,2
1665,,65
833,1,7
1667,,7
417,2,48
1669,,48
835,1,48
1671,,12
209,3,12
1673,,31
837,1,12
1675,,48
419,2,12
1677,,12
839,1,29
1679,,29
105,4,12
1681,,12
841,1,12
1683,,12
421,2,12
1685,,12
843,1,12
1687,,12
211,3,12
1689,,9
845,1,12
1691,,48
423,2,9
1693,,9
847,1,9
1695,,65
53,5,2
1697,,9
849,1,19
1699,,19
425,2,19
1701,,19
851,1,19
1703,,19
213,3,2
1705,,48
853,1,2
1707,,53
427,2,17
1709,,17
855,1,17
1711,,53
107,4,36
1713,,7
857,1,7
1715,,7
429,2,36
1717,,36
859,1,53
1719,,53
215,3,36
1721,,17
861,1,36
1723,,17
431,2,12
1725,,12
863,1,12
1727,,17
27,6,41
1729,,36
865,1,53
1731,,53
433,2,7
1733,,7
867,1,7
1735,,36
217,3,7
1737,,36
869,1,7
1739,,17
435,2,7
1741,,7
871,1,65
1743,,65
109,4,41
1745,,53
873,1,53
1747,,53
437,2,41
1749,,41
875,1,7
1751,,7
219,3,17
1753,,17
877,1,17
1755,,12
439,2,17
1757,,17
879,1,53
1759,,53
55,5,41
1761,,36
881,1,41
1763,,41
441,2,7
1765,,7
883,1,7
1767,,53
221,3,41
1769,,17
885,1,41
1771,,17
443,2,17
1773,,17
887,1,17
1775,,29
111,4,24
1777,,41
889,1,53
1779,,53
445,2,24
1781,,24
891,1,14
1783,,14
223,3,24
1785,,7
893,1,24
1787,,14
447,2,34
1789,,34
895,1,34
1791,,34
7,8,5
1793,,41
897,1,22
1795,,22
449,2,41
1797,,41
899,1,41
1799,,22
225,3,17
1801,,58
901,1,17
1803,,12
451,2,17
1805,,17
903,1,41
1807,,41
113,4,2
1809,,17
905,1,22
1811,,22
453,2,2
1813,,2
907,1,17
1815,,17
227,3,2
1817,,22
909,1,2
1819,,58
455,2,12
1821,,12
911,1,12
1823,,58
57,5,10
1825,,12
913,1,46
1827,,46
457,2,46
1829,,46
915,1,46
1831,,22
229,3,10
1833,,12
917,1,10
1835,,46
459,2,46
1837,,46
919,1,46
1839,,58
115,4,10
1841,,46
921,1,46
1843,,46
461,2,10
1845,,10
923,1,22
1847,,22
231,3,46
1849,,22
925,1,46
1851,,46
463,2,46
1853,,46
927,1,41
1855,,41
29,6,5
1857,,10
929,1,46
1859,,46
465,2,10
1861,,10
931,1,10
1863,,22
233,3,29
1865,,22
933,1,29
1867,,10
467,2,29
1869,,29
935,1,46
1871,,46
117,4,5
1873,,29
937,1,63
1875,,63
469,2,5
1877,,5
939,1,29
1879,,29
235,3,46
1881,,10
941,1,46
1883,,29
471,2,46
1885,,46
943,1,10
1887,,10
59,5,10
1889,,27
945,1,10
1891,,10
473,2,10
1893,,10
947,1,10
1895,,63
237,3,10
1897,,22
949,1,10
1899,,22
475,2,7
1901,,7
951,1,7
1903,,46
119,4,10
1905,,10
953,1,7
1907,,7
477,2,10
1909,,10
955,1,7
1911,,7
239,3,17
1913,,27
957,1,17
1915,,63
479,2,17
1917,,17
959,1,46
1919,,46
15,7,5
1921,,51
961,1,15
1923,,15
481,2,15
1925,,15
963,1,15
1927,,15
241,3,5
1929,,17
965,1,5
1931,,51
483,2,5
1933,,5
967,1,51
1935,,51
121,4,34
1937,,15
969,1,15
1939,,15
485,2,34
1941,,34
971,1,10
1943,,10
243,3,34
1945,,10
973,1,34
1947,,27
487,2,51
1949,,51
975,1,51
1951,,63
61,5,5
1953,,10
977,1,34
1955,,34
489,2,15
1957,,15
979,1,15
1959,,27
245,3,5
1961,,63
981,1,5
1963,,27
491,2,51
1965,,51
983,1,51
1967,,34
123,4,15
1969,,5
985,1,5
1971,,5
493,2,15
1973,,15
987,1,10
1975,,10
247,3,15
1977,,51
989,1,15
1979,,51
495,2,34
1981,,34
991,1,34
1983,,15
31,6,39
1985,,15
993,1,32
1987,,32
497,2,5
1989,,5
995,1,5
1991,,15
249,3,15
1993,,15
997,1,15
1995,,15
499,2,15
1997,,15
999,1,15
1999,,15
125,4,39
2001,,15
1001,1,51
2003,,51
501,2,39
2005,,39
1003,1,12
2007,,12
251,3,22
2009,,5
1005,1,22
2011,,12
503,2,22
2013,,22
1007,1,32
2015,,32
63,5,39
2017,,22
1009,1,39
2019,,39
505,2,20
2021,,20
1011,1,20
2023,,56
253,3,39
2025,,56
1013,1,39
2027,,56
507,2,10
2029,,10
1015,1,10
2031,,20
127,4,15
2033,,39
1017,1,56
2035,,56
509,2,15
2037,,15
1019,1,20
2039,,20
255,3,15
2041,,20
1021,1,15
2043,,56
511,2,20
2045,,20
1023,1,20
2047,,56
1,11,0
2049,,56
1025,1,10
2051,,10
513,2,10
2053,,10
1027,1,10
2055,,10
257,3,44
2057,,39
1029,1,44
2059,,10
515,2,44
2061,,44
1031,1,10
2063,,10
129,4,44
2065,,44
1033,1,56
2067,,56
517,2,44
2069,,44
1035,1,44
2071,,44
259,3,44
2073,,10
1037,1,44
2075,,32
519,2,20
2077,,20
1039,1,20
2079,,15
65,5,8
2081,,20
1041,1,44
2083,,44
521,2,44
2085,,44
1043,1,44
2087,,39
261,3,8
2089,,20
1045,1,8
2091,,10
523,2,44
2093,,44
1047,1,44
2095,,37
131,4,8
2097,,20
1049,1,20
2099,,20
525,2,8
2101,,8
1051,1,32
2103,,32
263,3,27
2105,,44
1053,1,27
2107,,56
527,2,27
2109,,27
1055,1,61
2111,,61
33,6,8
2113,,27
1057,1,27
2115,,27
529,2,8
2117,,8
1059,1,8
2119,,27
265,3,44
2121,,37
1061,1,44
2123,,8
531,2,44
2125,,44
1063,1,25
2127,,25
133,4,8
2129,,44
1065,1,25
2131,,25
533,2,8
2133,,8
1067,1,20
2135,,20
267,3,5
2137,,20
1069,1,5
2139,,25
535,2,5
2141,,5
1071,1,61
2143,,61
67,5,8
2145,,25
1073,1,5
2147,,5
537,2,5
2149,,5
1075,1,5
2151,,37
269,3,8
2153,,25
1077,1,8
2155,,61
539,2,15
2157,,15
1079,1,15
2159,,44
135,4,13
2161,,8
1081,1,49
2163,,49
541,2,13
2165,,13
1083,1,49
2167,,49
271,3,13
2169,,25
1085,1,13
2171,,15
543,2,49
2173,,49
1087,1,49
2175,,25
17,7,3
2177,,49
1089,1,13
2179,,13
545,2,13
2181,,13
1091,1,13
2183,,49
273,3,8
2185,,37
1093,1,8
2187,,25
547,2,8
2189,,8
1095,1,25
2191,,25
137,4,32
2193,,49
1097,1,49
2195,,49
549,2,32
2197,,32
1099,1,8
2199,,8
275,3,32
2201,,49
1101,1,32
2203,,15
551,2,13
2205,,13
1103,1,13
2207,,61
69,5,3
2209,,25
1105,1,32
2211,,32
553,2,49
2213,,49
1107,1,49
2215,,42
277,3,3
2217,,25
1109,1,3
2219,,32
555,2,8
2221,,8
1111,1,8
2223,,66
139,4,13
2225,,49
1113,1,49
2227,,49
557,2,13
2229,,13
1115,1,32
2231,,32
279,3,13
2233,,49
1117,1,13
2235,,13
559,2,30
2237,,30
1119,1,30
2239,,49
35,6,3
2241,,13
1121,1,13
2243,,13
561,2,13
2245,,13
1123,1,13
2247,,25
281,3,13
2249,,13
1125,1,13
2251,,10
563,2,13
2253,,13
1127,1,49
2255,,49
141,4,3
2257,,10
1129,1,10
2259,,10
565,2,3
2261,,3
1131,1,10
2263,,10
283,3,20
2265,,20
1133,1,20
2267,,30
567,2,20
2269,,20
1135,1,20
2271,,20
71,5,37
2273,,49
1137,1,3
2275,,3
569,2,18
2277,,18
1139,1,18
2279,,54
285,3,37
2281,,54
1141,1,37
2283,,18
571,2,8
2285,,8
1143,1,8
2287,,42
143,4,37
2289,,37
1145,1,54
2291,,54
573,2,37
2293,,37
1147,1,18
2295,,18
287,3,13
2297,,18
1149,1,13
2299,,54
575,2,13
2301,,13
1151,1,18
2303,,18
9,8,6
2305,,37
1153,1,54
2307,,54
577,2,8
2309,,8
1155,1,8
2311,,54
289,3,8
2313,,37
1157,1,8
2315,,37
579,2,8
2317,,8
1159,1,18
2319,,18
145,4,42
2321,,8
1161,1,66
2323,,66
581,2,42
2325,,42
1163,1,54
2327,,54
291,3,42
2329,,54
1165,1,42
2331,,37
583,2,8
2333,,8
1167,1,8
2335,,30
73,5,42
2337,,18
1169,1,18
2339,,18
585,2,18
2341,,18
1171,1,18
2343,,54
293,3,42
2345,,54
1173,1,42
2347,,37
587,2,42
2349,,42
1175,1,42
2351,,18
147,4,42
2353,,8
1177,1,8
2355,,8
589,2,42
2357,,42
1179,1,18
2359,,18
295,3,18
2361,,18
1181,1,18
2363,,18
591,2,18
2365,,18
1183,1,30
2367,,30
37,6,6
2369,,42
1185,1,54
2371,,54
593,2,25
2373,,25
1187,1,25
2375,,59
297,3,25
2377,,15
1189,1,25
2379,,25
595,2,25
2381,,25
1191,1,15
2383,,15
149,4,6
2385,,35
1193,1,35
2387,,35
597,2,6
2389,,6
1195,1,42
2391,,42
299,3,42
2393,,23
1197,1,42
2395,,8
599,2,42
2397,,42
1199,1,23
2399,,23
75,5,3
2401,,59
1201,1,18
2403,,18
601,2,18
2405,,18
1203,1,18
2407,,23
301,3,3
2409,,42
1205,1,3
2411,,59
603,2,23
2413,,23
1207,1,23
2415,,42
151,4,3
2417,,3
1209,1,18
2419,,18
605,2,3
2421,,3
1211,1,23
2423,,23
303,3,13
2425,,59
1213,1,13
2427,,42
607,2,13
2429,,13
1215,1,59
2431,,59
19,7,6
2433,,13
1217,1,47
2435,,47
609,2,47
2437,,47
1219,1,47
2439,,47
305,3,11
2441,,23
1221,1,11
2443,,13
611,2,11
2445,,11
1223,1,47
2447,,47
153,4,11
2449,,47
1225,1,47
2451,,47
613,2,11
2453,,11
1227,1,47
2455,,47
307,3,11
2457,,47
1229,1,11
2459,,35
615,2,23
2461,,23
1231,1,23
2463,,76
77,5,6
2465,,23
1233,1,47
2467,,47
617,2,47
2469,,47
1235,1,47
2471,,47
309,3,6
2473,,42
1237,1,6
2475,,23
619,2,47
2477,,47
1239,1,47
2479,,13
155,4,30
2481,,11
1241,1,11
2483,,11
621,2,30
2485,,30
1243,1,23
2487,,23
311,3,30
2489,,11
1245,1,30
2491,,35
623,2,47
2493,,47
1247,1,47
2495,,23
39,6,11
2497,,30
1249,1,64
2499,,64
625,2,6
2501,,6
1251,1,6
2503,,20
313,3,47
2505,,30
1253,1,47
2507,,11
627,2,47
2509,,47
1255,1,30
2511,,30
157,4,11
2513,,47
1257,1,11
2515,,11
629,2,11
2517,,11
1259,1,28
2519,,28
315,3,11
2521,,11
1261,1,11
2523,,47
631,2,11
2525,,11
1263,1,64
2527,,64
79,5,11
2529,,23
1265,1,11
2531,,11
633,2,8
2533,,8
1267,1,8
2535,,28
317,3,11
2537,,47
1269,1,11
2539,,64
635,2,8
2541,,8
1271,1,8
2543,,64
159,4,18
2545,,11
1273,1,8
2547,,8
637,2,18
2549,,18
1275,1,28
2551,,28
319,3,18
2553,,64
1277,1,18
2555,,18
639,2,47
2557,,47
1279,1,47
2559,,40
5,9,1
2561,,52
1281,1,16
2563,,16
641,2,16
2565,,16
1283,1,16
2567,,52
321,3,6
2569,,16
1285,1,6
2571,,16
643,2,6
2573,,6
1287,1,52
2575,,52
161,4,35
2577,,6
1289,1,52
2579,,52
645,2,35
2581,,35
1291,1,16
2583,,16
323,3,35
2585,,16
1293,1,35
2587,,52
647,2,11
2589,,11
1295,1,11
2591,,16
81,5,6
2593,,11
1297,1,35
2595,,35
649,2,52
2597,,52
1299,1,52
2599,,52
325,3,6
2601,,64
1301,1,6
2603,,35
651,2,35
2605,,35
1303,1,35
2607,,28
163,4,6
2609,,16
1305,1,16
2611,,16
653,2,6
2613,,6
1307,1,64
2615,,64
327,3,52
2617,,28
1309,1,52
2619,,35
655,2,52
2621,,52
1311,1,35
2623,,35
41,6,40
2625,,6
1313,1,6
2627,,6
657,2,16
2629,,16
1315,1,16
2631,,69
329,3,16
2633,,11
1317,1,16
2635,,16
659,2,16
2637,,16
1319,1,52
2639,,52
165,4,40
2641,,35
1321,1,35
2643,,35
661,2,40
2645,,40
1323,1,16
2647,,16
331,3,6
2649,,33
1325,1,6
2651,,52
663,2,6
2653,,6
1327,1,16
2655,,16
83,5,40
2657,,16
1329,1,16
2659,,16
665,2,16
2661,,16
1331,1,16
2663,,28
333,3,40
2665,,16
1333,1,40
2667,,13
667,2,52
2669,,52
1335,1,52
2671,,13
167,4,23
2673,,40
1337,1,13
2675,,13
669,2,23
2677,,23
1339,1,6
2679,,6
335,3,23
2681,,13
1341,1,23
2683,,23
671,2,33
2685,,33
1343,1,33
2687,,33
21,7,1
2689,,23
1345,1,40
2691,,40
673,2,21
2693,,21
1347,1,21
2695,,6
337,3,40
2697,,57
1349,1,40
2699,,21
675,2,40
2701,,40
1351,1,57
2703,,57
169,4,16
2705,,11
1353,1,11
2707,,11
677,2,16
2709,,16
1355,1,40
2711,,40
339,3,16
2713,,57
1357,1,16
2715,,33
679,2,21
2717,,21
1359,1,21
2719,,21
85,5,1
2721,,21
1361,1,16
2723,,16
681,2,21
2725,,21
1363,1,21
2727,,45
341,3,1
2729,,57
1365,1,1
2731,,40
683,2,11
2733,,11
1367,1,11
2735,,57
171,4,45
2737,,11
1369,1,11
2739,,11
685,2,45
2741,,45
1371,1,40
2743,,40
343,3,45
2745,,11
1373,1,45
2747,,21
687,2,11
2749,,11
1375,1,11
2751,,62
43,6,9
2753,,45
1377,1,57
2755,,57
689,2,45
2757,,45
1379,1,45
2759,,57
345,3,45
2761,,45
1381,1,45
2763,,11
691,2,45
2765,,45
1383,1,33
2767,,33
173,4,9
2769,,21
1385,1,21
2771,,21
693,2,9
2773,,9
1387,1,21
2775,,21
347,3,45
2777,,45
1389,1,45
2779,,57
695,2,45
2781,,45
1391,1,40
2783,,40
87,5,9
2785,,21
1393,1,9
2787,,9
697,2,45
2789,,45
1395,1,45
2791,,21
349,3,9
2793,,38
1397,1,9
2795,,21
699,2,21
2797,,21
1399,1,21
2799,,21
175,4,28
2801,,9
1401,1,33
2803,,33
701,2,28
2805,,28
1403,1,45
2807,,45
351,3,28
2809,,57
1405,1,28
2811,,18
703,2,62
2813,,62
1407,1,62
2815,,57
11,8,4
2817,,28
1409,1,28
2819,,28
705,2,9
2821,,9
1411,1,9
2823,,18
353,3,45
2825,,28
1413,1,45
2827,,38
707,2,45
2829,,45
1415,1,9
2831,,9
177,4,9
2833,,45
1417,1,26
2835,,26
709,2,9
2837,,9
1419,1,45
2839,,45
355,3,9
2841,,26
1421,1,9
2843,,62
711,2,21
2845,,21
1423,1,21
2847,,62
89,5,9
2849,,21
1425,1,6
2851,,6
713,2,6
2853,,6
1427,1,6
2855,,45
357,3,9
2857,,62
1429,1,9
2859,,26
715,2,6
2861,,6
1431,1,6
2863,,26
179,4,9
2865,,6
1433,1,6
2867,,6
717,2,9
2869,,9
1435,1,26
2871,,26
359,3,16
2873,,62
1437,1,16
2875,,16
719,2,16
2877,,16
1439,1,45
2879,,45
45,6,4
2881,,9
1441,1,50
2883,,50
721,2,14
2885,,14
1443,1,14
2887,,45
361,3,14
2889,,50
1445,1,14
2891,,14
723,2,14
2893,,14
1447,1,16
2895,,16
181,4,4
2897,,50
1449,1,50
2899,,50
725,2,4
2901,,4
1451,1,50
2903,,50
363,3,14
2905,,14
1453,1,14
2907,,50
727,2,14
2909,,14
1455,1,50
2911,,50
91,5,33
2913,,38
1457,1,9
2915,,9
729,2,9
2917,,9
1459,1,9
2919,,79
365,3,33
2921,,26
1461,1,33
2923,,50
731,2,50
2925,,50
1463,1,50
2927,,62
183,4,33
2929,,33
1465,1,9
2931,,9
733,2,33
2933,,33
1467,1,50
2935,,50
367,3,14
2937,,16
1469,1,14
2939,,26
735,2,14
2941,,14
1471,1,62
2943,,62
23,7,4
2945,,26
1473,1,33
2947,,33
737,2,50
2949,,50
1475,1,50
2951,,33
369,3,4
2953,,43
1477,1,4
2955,,50
739,2,4
2957,,4
1479,1,33
2959,,33
185,4,14
2961,,9
1481,1,9
2963,,9
741,2,14
2965,,14
1483,1,50
2967,,50
371,3,14
2969,,50
1485,1,14
2971,,14
743,2,33
2973,,33
1487,1,33
2975,,14
93,5,4
2977,,50
1489,1,14
2979,,14
745,2,31
2981,,31
1491,1,31
2983,,50
373,3,4
2985,,50
1493,1,4
2987,,14
747,2,14
2989,,14
1495,1,14
2991,,14
187,4,14
2993,,14
1497,1,14
2995,,14
749,2,14
2997,,14
1499,1,14
2999,,14
375,3,14
3001,,11
1501,1,14
3003,,11
751,2,50
3005,,50
1503,1,50
3007,,55
47,6,38
3009,,11
1505,1,11
3011,,11
753,2,4
3013,,4
1507,1,4
3015,,31
377,3,21
3017,,11
1509,1,21
3019,,21
755,2,21
3021,,21
1511,1,31
3023,,31
189,4,38
3025,,21
1513,1,21
3027,,21
757,2,38
3029,,38
1515,1,50
3031,,50
379,3,19
3033,,4
1517,1,19
3035,,55
759,2,19
3037,,19
1519,1,55
3039,,55
95,5,38
3041,,55
1521,1,38
3043,,38
761,2,9
3045,,9
1523,1,9
3047,,19
381,3,38
3049,,43
1525,1,38
3051,,55
763,2,55
3053,,55
1527,1,55
3055,,31
191,4,14
3057,,38
1529,1,19
3059,,19
765,2,14
3061,,14
1531,1,19
3063,,19
383,3,14
3065,,55
1533,1,14
3067,,19
767,2,19
3069,,19
1535,1,19
3071,,55
3,10,2
3073,,38
1537,1,55
3075,,55
769,2,9
3077,,9
1539,1,9
3079,,55
385,3,9
3081,,55
1541,1,9
3083,,9
771,2,9
3085,,9
1543,1,38
3087,,38
193,4,43
3089,,9
1545,1,19
3091,,19
773,2,43
3093,,43
1547,1,9
3095,,9
387,3,43
3097,,67
1549,1,43
3099,,48
775,2,55
3101,,55
1551,1,55
3103,,31
97,5,43
3105,,55
1553,1,43
3107,,43
777,2,9
3109,,9
1555,1,9
3111,,9
389,3,43
3113,,31
1557,1,43
3115,,19
779,2,19
3117,,19
1559,1,19
3119,,14
195,4,43
3121,,19
1561,1,19
3123,,19
781,2,43
3125,,43
1563,1,55
3127,,55
391,3,43
3129,,38
1565,1,43
3131,,38
783,2,43
3133,,43
1567,1,19
3135,,19
49,6,7
3137,,9
1569,1,9
3139,,9
785,2,43
3141,,43
1571,1,43
3143,,36
393,3,19
3145,,19
1573,1,19
3147,,43
787,2,19
3149,,19
1575,1,19
3151,,19
197,4,7
3153,,19
1577,1,31
3155,,31
789,2,7
3157,,7
1579,1,43
3159,,43
395,3,26
3161,,55
1581,1,26
3163,,16
791,2,26
3165,,26
1583,1,60
3167,,60
99,5,7
3169,,16
1585,1,26
3171,,26
793,2,26
3173,,26
1587,1,26
3175,,72
397,3,7
3177,,16
1589,1,7
3179,,26
795,2,36
3181,,36
1591,1,36
3183,,19
199,4,43
3185,,7
1593,1,43
3187,,43
797,2,43
3189,,43
1595,1,24
3191,,24
399,3,43
3193,,9
1597,1,43
3195,,24
799,2,24
3197,,24
1599,1,24
3199,,60
25,7,7
3201,,60
1601,1,19
3203,,19
801,2,19
3205,,19
1603,1,19
3207,,14
401,3,4
3209,,24
1605,1,4
3211,,43
803,2,4
3213,,4
1607,1,60
3215,,60
201,4,4
3217,,24
1609,1,24
3219,,24
805,2,4
3221,,4
1611,1,4
3223,,4
403,3,4
3225,,19
1613,1,4
3227,,36
807,2,24
3229,,24
1615,1,24
3231,,60
101,5,7
3233,,60
1617,1,14
3235,,14
809,2,14
3237,,14
1619,1,14
3239,,43
405,3,7
3241,,60
1621,1,7
3243,,14
811,2,48
3245,,48
1623,1,48
3247,,14
203,4,12
3249,,48
1625,1,48
3251,,48
813,2,12
3253,,12
1627,1,24
3255,,24
407,3,12
3257,,14
1629,1,12
3259,,14
815,2,48
3261,,48
1631,1,48
3263,,24
51,6,7
3265,,48
1633,1,48
3267,,48
817,2,12
3269,,12
1635,1,12
3271,,48
409,3,12
3273,,48
1637,1,12
3275,,48
819,2,12
3277,,12
1639,1,36
3279,,36
205,4,7
3281,,24
1641,1,24
3283,,24
821,2,7
3285,,7
1643,1,24
3287,,24
411,3,48
3289,,48
1645,1,48
3291,,48
823,2,48
3293,,48
1647,1,48
3295,,48
103,5,31
3297,,43
1649,1,7
3299,,7
825,2,48
3301,,48
1651,1,48
3303,,24
413,3,31
3305,,14
1653,1,31
3307,,24
827,2,12
3309,,12
1655,1,12
3311,,60
207,4,31
3313,,31
1657,1,24
3315,,24
829,2,31
3317,,31
1659,1,12
3319,,12
415,3,48
3321,,36
1661,1,48
3323,,41
831,2,48
3325,,48
1663,1,24
3327,,24
13,8,2
3329,,31
1665,1,65
3331,,65
833,2,7
3333,,7
1667,1,7
3335,,65
417,3,48
3337,,21
1669,1,48
3339,,31
835,2,48
3341,,48
1671,1,12
3343,,12
209,4,12
3345,,48
1673,1,31
3347,,31
837,2,12
3349,,12
1675,1,48
3351,,48
419,3,12
3353,,12
1677,1,12
3355,,31
839,2,29
3357,,29
1679,1,29
3359,,48
105,5,12
3361,,12
1681,1,12
3363,,12
841,2,12
3365,,12
1683,1,12
3367,,29
421,3,12
3369,,65
1685,1,12
3371,,24
843,2,12
3373,,12
1687,1,12
3375,,48
211,4,12
3377,,9
1689,1,9
3379,,9
845,2,12
3381,,12
1691,1,48
3383,,48
423,3,9
3385,,65
1693,1,9
3387,,12
847,2,9
3389,,9
1695,1,65
3391,,65
53,6,2
3393,,12
1697,1,9
3395,,9
849,2,19
3397,,19
1699,1,19
3399,,41
425,3,19
3401,,29
1701,1,19
3403,,19
851,2,19
3405,,19
1703,1,19
3407,,19
213,4,2
3409,,48
1705,1,48
3411,,48
853,2,2
3413,,2
1707,1,53
3415,,53
427,3,17
3417,,17
1709,1,17
3419,,53
855,2,17
3421,,17
1711,1,53
3423,,53
107,5,36
3425,,17
1713,1,7
3427,,7
857,2,7
3429,,7
1715,1,7
3431,,41
429,3,36
3433,,53
1717,1,36
3435,,53
859,2,53
3437,,53
1719,1,53
3439,,53
215,4,36
3441,,36
1721,1,17
3443,,17
861,2,36
3445,,36
1723,1,17
3447,,17
431,3,12
3449,,53
1725,1,12
3451,,17
863,2,12
3453,,12
1727,1,17
3455,,17
27,7,41
3457,,12
1729,1,36
3459,,36
865,2,53
3461,,53
1731,1,53
3463,,36
433,3,7
3465,,53
1733,1,7
3467,,53
867,2,7
3469,,7
1735,1,36
3471,,36
217,4,7
3473,,36
1737,1,36
3475,,36
869,2,7
3477,,7
1739,1,17
3479,,17
435,3,7
3481,,17
1741,1,7
3483,,29
871,2,65
3485,,65
1743,1,65
3487,,46
109,5,41
3489,,29
1745,1,53
3491,,53
873,2,53
3493,,53
1747,1,53
3495,,17
437,3,41
3497,,36
1749,1,41
3499,,46
875,2,7
3501,,7
1751,1,7
3503,,29
219,4,17
3505,,17
1753,1,17
3507,,17
877,2,17
3509,,17
1755,1,12
3511,,12
439,3,17
3513,,17
1757,1,17
3515,,53
879,2,53
3517,,53
1759,1,53
3519,,26
55,6,41
3521,,36
1761,1,36
3523,,36
881,2,41
3525,,41
1763,1,41
3527,,17
441,3,7
3529,,17
1765,1,7
3531,,34
883,2,7
3533,,7
1767,1,53
3535,,53
221,4,41
3537,,7
1769,1,17
3539,,17
885,2,41
3541,,41
1771,1,17
3543,,17
443,3,17
3545,,17
1773,1,17
3547,,17
887,2,17
3549,,17
1775,1,29
3551,,29
111,5,24
3553,,17
1777,1,41
3555,,41
889,2,53
3557,,53
1779,1,53
3559,,14
445,3,24
3561,,14
1781,1,24
3563,,58
891,2,14
3565,,14
1783,1,14
3567,,70
223,4,24
3569,,24
1785,1,7
3571,,7
893,2,24
3573,,24
1787,1,14
3575,,14
447,3,34
3577,,24
1789,1,34
3579,,24
895,2,34
3581,,34
1791,1,34
3583,,34
7,9,5
3585,,24
1793,1,41
3587,,41
897,2,22
3589,,22
1795,1,22
3591,,53
449,3,41
3593,,7
1797,1,41
3595,,22
899,2,41
3597,,41
1799,1,22
3599,,22
225,4,17
3601,,41
1801,1,58
3603,,58
901,2,17
3605,,17
1803,1,12
3607,,12
451,3,17
3609,,12
1805,1,17
3611,,22
903,2,41
3613,,41
1807,1,41
3615,,22
113,5,2
3617,,58
1809,1,17
3619,,17
905,2,22
3621,,22
1811,1,22
3623,,41
453,3,2
3625,,22
1813,1,2
3627,,17
907,2,17
3629,,17
1815,1,17
3631,,34
227,4,2
3633,,22
1817,1,22
3635,,22
909,2,2
3637,,2
1819,1,58
3639,,58
455,3,12
3641,,41
1821,1,12
3643,,58
911,2,12
3645,,12
1823,1,58
3647,,58
57,6,10
3649,,12
1825,1,12
3651,,12
913,2,46
3653,,46
1827,1,46
3655,,41
457,3,46
3657,,41
1829,1,46
3659,,46
915,2,46
3661,,46
1831,1,22
3663,,22
229,4,10
3665,,12
1833,1,12
3667,,12
917,2,10
3669,,10
1835,1,46
3671,,46
459,3,46
3673,,58
1837,1,46
3675,,34
919,2,46
3677,,46
1839,1,58
3679,,58
115,5,10
3681,,46
1841,1,46
3683,,46
921,2,46
3685,,46
1843,1,46
3687,,12
461,3,10
3689,,34
1845,1,10
3691,,22
923,2,22
3693,,22
1847,1,22
3695,,75
231,4,46
3697,,10
1849,1,22
3699,,22
925,2,46
3701,,46
1851,1,46
3703,,46
463,3,46
3705,,58
1853,1,46
3707,,46
927,2,41
3709,,41
1855,1,41
3711,,87
29,7,5
3713,,22
1857,1,10
3715,,10
929,2,46
3717,,46
1859,1,46
3719,,12
465,3,10
3721,,22
1861,1,10
3723,,46
931,2,10
3725,,10
1863,1,22
3727,,22
233,4,29
3729,,22
1865,1,22
3731,,22
933,2,29
3733,,29
1867,1,10
3735,,10
467,3,29
3737,,34
1869,1,29
3739,,39
935,2,46
3741,,46
1871,1,46
3743,,22
117,5,5
3745,,58
1873,1,29
3747,,29
937,2,63
3749,,63
1875,1,63
3751,,19
469,3,5
3753,,58
1877,1,5
3755,,19
939,2,29
3757,,29
1879,1,29
3759,,29
235,4,46
3761,,10
1881,1,10
3763,,10
941,2,46
3765,,46
1883,1,29
3767,,29
471,3,46
3769,,39
1885,1,46
3771,,39
943,2,10
3773,,10
1887,1,10
3775,,29
59,6,10
3777,,46
1889,1,27
3779,,27
945,2,10
3781,,10
1891,1,10
3783,,46
473,3,10
3785,,46
1893,1,10
3787,,27
947,2,10
3789,,10
1895,1,63
3791,,63
237,4,10
3793,,22
1897,1,22
3795,,22
949,2,10
3797,,10
1899,1,22
3799,,22
475,3,7
3801,,7
1901,1,7
3803,,27
951,2,7
3805,,7
1903,1,46
3807,,46
119,5,10
3809,,63
1905,1,10
3811,,10
953,2,7
3813,,7
1907,1,7
3815,,63
477,3,10
3817,,27
1909,1,10
3819,,7
955,2,7
3821,,7
1911,1,7
3823,,63
239,4,17
3825,,10
1913,1,27
3827,,27
957,2,17
3829,,17
1915,1,63
3831,,63
479,3,17
3833,,17
1917,1,17
3835,,46
959,2,46
3837,,46
1919,1,46
3839,,39
15,8,5
3841,,10
1921,1,51
3843,,51
961,2,15
3845,,15
1923,1,15
3847,,51
481,3,15
3849,,46
1925,1,15
3851,,51
963,2,15
3853,,15
1927,1,15
3855,,15
241,4,5
3857,,15
1929,1,17
3859,,17
965,2,5
3861,,5
1931,1,51
3863,,51
483,3,5
3865,,51
1933,1,5
3867,,27
967,2,51
3869,,51
1935,1,51
3871,,39
121,5,34
3873,,15
1937,1,15
3875,,15
969,2,15
3877,,15
1939,1,15
3879,,51
485,3,34
3881,,51
1941,1,34
3883,,15
971,2,10
3885,,10
1943,1,10
3887,,15
243,4,34
3889,,10
1945,1,10
3891,,10
973,2,34
3893,,34
1947,1,27
3895,,27
487,3,51
3897,,51
1949,1,51
3899,,51
975,2,51
3901,,51
1951,1,63
3903,,63
61,6,5
3905,,34
1953,1,10
3907,,10
977,2,34
3909,,34
1955,1,34
3911,,27
489,3,15
3913,,51
1957,1,15
3915,,34
979,2,15
3917,,15
1959,1,27
3919,,27
245,4,5
3921,,15
1961,1,63
3923,,63
981,2,5
3925,,5
1963,1,27
3927,,27
491,3,51
3929,,34
1965,1,51
3931,,27
983,2,51
3933,,51
1967,1,34
3935,,34
123,5,15
3937,,44
1969,1,5
3939,,5
985,2,5
3941,,5
1971,1,5
3943,,63
493,3,15
3945,,34
1973,1,15
3947,,68
987,2,10
3949,,10
1975,1,10
3951,,24
247,4,15
3953,,15
1977,1,51
3955,,51
989,2,15
3957,,15
1979,1,51
3959,,51
495,3,34
3961,,15
1981,1,34
3963,,15
991,2,34
3965,,34
1983,1,15
3967,,15
31,7,39
3969,,51
1985,1,15
3971,,15
993,2,32
3973,,32
1987,1,32
3975,,15
497,3,5
3977,,51
1989,1,5
3979,,32
995,2,5
3981,,5
1991,1,15
3983,,15
249,4,15
3985,,15
1993,1,15
3987,,15
997,2,15
3989,,15
1995,1,15
3991,,15
499,3,15
3993,,15
1997,1,15
3995,,27
999,2,15
3997,,15
1999,1,15
3999,,68
125,5,39
4001,,12
2001,1,15
4003,,15
1001,2,51
4005,,51
2003,1,51
4007,,12
501,3,39
4009,,56
2005,1,39
4011,,68
1003,2,12
4013,,12
2007,1,12
4015,,12
251,4,22
4017,,5
2009,1,5
4019,,5
1005,2,22
4021,,22
2011,1,12
4023,,12
503,3,22
4025,,22
2013,1,22
4027,,22
1007,2,32
4029,,32
2015,1,32
4031,,32
63,6,39
4033,,22
2017,1,22
4035,,22
1009,2,39
4037,,39
2019,1,39
4039,,51
505,3,20
4041,,51
2021,1,20
4043,,5
1011,2,20
4045,,20
2023,1,56
4047,,56
253,4,39
4049,,20
2025,1,56
4051,,56
1013,2,39
4053,,39
2027,1,56
4055,,56
507,3,10
4057,,39
2029,1,10
4059,,20
1015,2,10
4061,,10
2031,1,20
4063,,20
127,5,15
4065,,44
2033,1,39
4067,,39
1017,2,56
4069,,56
2035,1,56
4071,,56
509,3,15
4073,,32
2037,1,15
4075,,56
1019,2,20
4077,,20
2039,1,20
4079,,20
255,4,15
4081,,15
2041,1,20
4083,,20
1021,2,15
4085,,15
2043,1,56
4087,,56
511,3,20
4089,,20
2045,1,20
4091,,44
1023,2,20
4093,,20
2047,1,56
4095,,56
1,12,0
4097,,39
2049,1,56
4099,,56
1025,2,10
4101,,10
2051,1,10
4103,,56
513,3,10
4105,,56
2053,1,10
4107,,10
1027,2,10
4109,,10
2055,1,10
4111,,10
257,4,44
4113,,10
2057,1,39
4115,,39
1029,2,44
4117,,44
2059,1,10
4119,,10
515,3,44
4121,,20
2061,1,44
4123,,32
1031,2,10
4125,,10
2063,1,10
4127,,61
129,5,44
4129,,68
2065,1,44
4131,,44
1033,2,56
4133,,56
2067,1,56
4135,,32
517,3,44
4137,,32
2069,1,44
4139,,56
1035,2,44
4141,,44
2071,1,44
4143,,20
259,4,44
4145,,10
2073,1,10
4147,,10
1037,2,44
4149,,44
2075,1,32
4151,,32
519,3,20
4153,,20
2077,1,20
4155,,20
1039,2,20
4157,,20
2079,1,15
4159,,15
65,6,8
4161,,20
2081,1,20
4163,,20
1041,2,44
4165,,44
2083,1,44
4167,,39
521,3,44
4169,,56
2085,1,44
4171,,44
1043,2,44
4173,,44
2087,1,39
4175,,39
261,4,8
4177,,44
2089,1,20
4179,,20
1045,2,8
4181,,8
2091,1,10
4183,,10
523,3,44
4185,,10
2093,1,44
4187,,20
1047,2,44
4189,,44
2095,1,37
4191,,37
131,5,8
4193,,20
2097,1,20
4195,,20
1049,2,20
4197,,20
2099,1,20
4199,,20
525,3,8
4201,,20
2101,1,8
4203,,20
1051,2,32
4205,,32
2103,1,32
4207,,37
263,4,27
4209,,8
2105,1,44
4211,,44
1053,2,27
4213,,27
2107,1,56
4215,,56
527,3,27
4217,,17
2109,1,27
4219,,56
1055,2,61
4221,,61
2111,1,61
4223,,56
33,7,8
4225,,17
2113,1,27
4227,,27
1057,2,27
4229,,27
2115,1,27
4231,,10
529,3,8
4233,,73
2117,1,8
4235,,17
1059,2,8
4237,,8
2119,1,27
4239,,27
265,4,44
4241,,37
2121,1,37
4243,,37
1061,2,44
4245,,44
2123,1,8
4247,,8
531,3,44
4249,,44
2125,1,44
4251,,27
1063,2,25
4253,,25
2127,1,25
4255,,73
133,5,8
4257,,10
2129,1,44
4259,,44
1065,2,25
4261,,25
2131,1,25
4263,,44
533,3,8
4265,,61
2133,1,8
4267,,44
1067,2,20
4269,,20
2135,1,20
4271,,61
267,4,5
4273,,20
2137,1,20
4275,,20
1069,2,5
4277,,5
2139,1,25
4279,,25
535,3,5
4281,,44
2141,1,5
4283,,44
1071,2,61
4285,,61
2143,1,61
4287,,44
67,6,8
4289,,25
2145,1,25
4291,,25
1073,2,5
4293,,5
2147,1,5
4295,,25
537,3,5
4297,,5
2149,1,5
4299,,20
1075,2,5
4301,,5
2151,1,37
4303,,37
269,4,8
4305,,25
2153,1,25
4307,,25
1077,2,8
4309,,8
2155,1,61
4311,,61
539,3,15
4313,,15
2157,1,15
4315,,44
1079,2,15
4317,,15
2159,1,44
4319,,44
135,5,13
4321,,61
2161,1,8
4323,,8
1081,2,49
4325,,49
2163,1,49
4327,,61
541,3,13
4329,,15
2165,1,13
4331,,44
1083,2,49
4333,,49
2167,1,49
4335,,20
271,4,13
4337,,13
2169,1,25
4339,,25
1085,2,13
4341,,13
2171,1,15
4343,,15
543,3,49
4345,,15
2173,1,49
4347,,66
1087,2,49
4349,,49
2175,1,25
4351,,25
17,8,3
4353,,49
2177,1,49
4355,,49
1089,2,13
4357,,13
2179,1,13
4359,,61
545,3,13
4361,,49
2181,1,13
4363,,49
1091,2,13
4365,,13
2183,1,49
4367,,49
273,4,8
4369,,13
2185,1,37
4371,,37
1093,2,8
4373,,8
2187,1,25
4375,,25
547,3,8
4377,,25
2189,1,8
4379,,78
1095,2,25
4381,,25
2191,1,25
4383,,25
137,5,32
4385,,49
2193,1,49
4387,,49
1097,2,49
4389,,49
2195,1,49
4391,,61
549,3,32
4393,,49
2197,1,32
4395,,44
1099,2,8
4397,,8
2199,1,8
4399,,34
275,4,32
4401,,49
2201,1,49
4403,,49
1101,2,32
4405,,32
2203,1,15
4407,,15
551,3,13
4409,,25
2205,1,13
4411,,13
1103,2,13
4413,,13
2207,1,61
4415,,61
69,6,3
4417,,32
2209,1,25
4419,,25
1105,2,32
4421,,32
2211,1,32
4423,,25
553,3,49
4425,,13
2213,1,49
4427,,32
1107,2,49
4429,,49
2215,1,42
4431,,42
277,4,3
4433,,49
2217,1,25
4435,,25
1109,2,3
4437,,3
2219,1,32
4439,,32
555,3,8
4441,,66
2221,1,8
4443,,32
1111,2,8
4445,,8
2223,1,66
4447,,66
139,5,13
4449,,22
2225,1,49
4451,,49
1113,2,49
4453,,49
2227,1,49
4455,,32
557,3,13
4457,,13
2229,1,13
4459,,13
1115,2,32
4461,,32
2231,1,32
4463,,13
279,4,13
4465,,13
2233,1,49
4467,,49
1117,2,13
4469,,13
2235,1,13
4471,,13
559,3,30
4473,,32
2237,1,30
4475,,49
1119,2,30
4477,,30
2239,1,49
4479,,49
35,7,3
4481,,13
2241,1,13
4483,,13
1121,2,13
4485,,13
2243,1,13
4487,,13
561,3,13
4489,,30
2245,1,13
4491,,66
1123,2,13
4493,,13
2247,1,25
4495,,25
281,4,13
4497,,13
2249,1,13
4499,,13
1125,2,13
4501,,13
2251,1,10
4503,,10
563,3,13
4505,,10
2253,1,13
4507,,30
1127,2,49
4509,,49
2255,1,49
4511,,54
141,5,3
4513,,66
2257,1,10
4515,,10
1129,2,10
4517,,10
2259,1,10
4519,,30
565,3,3
4521,,66
2261,1,3
4523,,30
1131,2,10
4525,,10
2263,1,10
4527,,10
283,4,20
4529,,20
2265,1,20
4531,,20
1133,2,20
4533,,20
2267,1,30
4535,,30
567,3,20
4537,,20
2269,1,20
4539,,66
1135,2,20
4541,,20
2271,1,20
4543,,66
71,6,37
4545,,49
2273,1,49
4547,,49
1137,2,3
4549,,3
2275,1,3
4551,,66
569,3,18
4553,,54
2277,1,18
4555,,18
1139,2,18
4557,,18
2279,1,54
4559,,54
285,4,37
4561,,18
2281,1,54
4563,,54
1141,2,37
4565,,37
2283,1,18
4567,,18
571,3,8
4569,,8
2285,1,8
4571,,18
1143,2,8
4573,,8
2287,1,42
4575,,42
143,5,37
4577,,54
2289,1,37
4579,,37
1145,2,54
4581,,54
2291,1,54
4583,,30
573,3,37
4585,,54
2293,1,37
4587,,42
1147,2,18
4589,,18
2295,1,18
4591,,61
287,4,13
4593,,37
2297,1,18
4595,,18
1149,2,13
4597,,13
2299,1,54
4599,,54
575,3,13
4601,,18
2301,1,13
4603,,42
1151,2,18
4605,,18
2303,1,18
4607,,54
9,9,6
4609,,13
2305,1,37
4611,,37
1153,2,54
4613,,54
2307,1,54
4615,,30
577,3,8
4617,,37
2309,1,8
4619,,54
1155,2,8
4621,,8
2311,1,54
4623,,54
289,4,8
4625,,8
2313,1,37
4627,,37
1157,2,8
4629,,8
2315,1,37
4631,,37
579,3,8
4633,,37
2317,1,8
4635,,30
1159,2,18
4637,,18
2319,1,18
4639,,30
145,5,42
4641,,18
2321,1,8
4643,,8
1161,2,66
4645,,66
2323,1,66
4647,,18
581,3,42
4649,,47
2325,1,42
4651,,8
1163,2,54
4653,,54
2327,1,54
4655,,30
291,4,42
4657,,54
2329,1,54
4659,,54
1165,2,42
4661,,42
2331,1,37
4663,,37
583,3,8
4665,,47
2333,1,8
4667,,8
1167,2,8
4669,,8
2335,1,30
4671,,30
73,6,42
4673,,18
2337,1,18
4675,,18
1169,2,18
4677,,18
2339,1,18
4679,,13
585,3,18
4681,,13
2341,1,18
4683,,18
1171,2,18
4685,,18
2343,1,54
4687,,54
293,4,42
4689,,54
2345,1,54
4691,,54
1173,2,42
4693,,42
2347,1,37
4695,,37
587,3,42
4697,,37
2349,1,42
4699,,27
1175,2,42
4701,,42
2351,1,18
4703,,18
147,5,42
4705,,18
2353,1,8
4707,,8
1177,2,8
4709,,8
2355,1,8
4711,,18
589,3,42
4713,,54
2357,1,42
4715,,35
1179,2,18
4717,,18
2359,1,18
4719,,35
295,4,18
4721,,42
2361,1,18
4723,,18
1181,2,18
4725,,18
2363,1,18
4727,,18
591,3,18
4729,,18
2365,1,18
4731,,18
1183,2,30
4733,,30
2367,1,30
4735,,54
37,7,6
4737,,18
2369,1,42
4739,,42
1185,2,54
4741,,54
2371,1,54
4743,,18
593,3,25
4745,,15
2373,1,25
4747,,54
1187,2,25
4749,,25
2375,1,59
4751,,59
297,4,25
4753,,15
2377,1,15
4755,,15
1189,2,25
4757,,25
2379,1,25
4759,,25
595,3,25
4761,,8
2381,1,25
4763,,71
1191,2,15
4765,,15
2383,1,15
4767,,35
149,5,6
4769,,25
2385,1,35
4771,,35
1193,2,35
4773,,35
2387,1,35
4775,,18
597,3,6
4777,,35
2389,1,6
4779,,25
1195,2,42
4781,,42
2391,1,42
4783,,25
299,4,42
4785,,23
2393,1,23
4787,,23
1197,2,42
4789,,42
2395,1,8
4791,,8
599,3,42
4793,,23
2397,1,42
4795,,59
1199,2,23
4797,,23
2399,1,23
4799,,59
75,6,3
4801,,42
2401,1,59
4803,,59
1201,2,18
4805,,18
2403,1,18
4807,,42
601,3,18
4809,,13
2405,1,18
4811,,13
1203,2,18
4813,,18
2407,1,23
4815,,23
301,4,3
4817,,42
2409,1,42
4819,,42
1205,2,3
4821,,3
2411,1,59
4823,,59
603,3,23
4825,,18
2413,1,23
4827,,35
1207,2,23
4829,,23
2415,1,42
4831,,42
151,5,3
4833,,23
2417,1,3
4835,,3
1209,2,18
4837,,18
2419,1,18
4839,,59
605,3,3
4841,,35
2421,1,3
4843,,59
1211,2,23
4845,,23
2423,1,23
4847,,59
303,4,13
4849,,3
2425,1,59
4851,,59
1213,2,13
4853,,13
2427,1,42
4855,,42
607,3,13
4857,,59
2429,1,13
4859,,42
1215,2,59
4861,,59
2431,1,59
4863,,30
19,8,6
4865,,13
2433,1,13
4867,,13
1217,2,47
4869,,47
2435,1,47
4871,,13
609,3,47
4873,,42
2437,1,47
4875,,42
1219,2,47
4877,,47
2439,1,47
4879,,47
305,4,11
4881,,47
2441,1,23
4883,,23
1221,2,11
4885,,11
2443,1,13
4887,,13
611,3,11
4889,,13
2445,1,11
4891,,64
1223,2,47
4893,,47
2447,1,47
4895,,23
153,5,11
4897,,59
2449,1,47
4899,,47
1225,2,47
4901,,47
2451,1,47
4903,,35
613,3,11
4905,,59
2453,1,11
4907,,47
1227,2,47
4909,,47
2455,1,47
4911,,42
307,4,11
4913,,47
2457,1,47
4915,,47
1229,2,11
4917,,11
2459,1,35
4919,,35
615,3,23
4921,,23
2461,1,23
4923,,23
1231,2,23
4925,,23
2463,1,76
4927,,76
77,6,6
4929,,11
2465,1,23
4931,,23
1233,2,47
4933,,47
2467,1,47
4935,,71
617,3,47
4937,,47
2469,1,47
4939,,47
1235,2,47
4941,,47
2471,1,47
4943,,47
309,4,6
4945,,42
2473,1,42
4947,,42
1237,2,6
4949,,6
2475,1,23
4951,,23
619,3,47
4953,,11
2477,1,47
4955,,23
1239,2,47
4957,,47
2479,1,13
4959,,13
155,5,30
4961,,23
2481,1,11
4963,,11
1241,2,11
4965,,11
2483,1,11
4967,,59
621,3,30
4969,,23
2485,1,30
4971,,23
1243,2,23
4973,,23
2487,1,23
4975,,23
311,4,30
4977,,30
2489,1,11
4979,,11
1245,2,30
4981,,30
2491,1,35
4983,,35
623,3,47
4985,,40
2493,1,47
4987,,59
1247,2,47
4989,,47
2495,1,23
4991,,23
39,7,11
4993,,59
2497,1,30
4995,,30
1249,2,64
4997,,64
2499,1,64
4999,,30
625,3,6
