This is a focused 2-adic view of the first 5000 integers in consecutive order, without residues. Use this to confirm patterns seen in smaller numbers and also to search for extended structure.

For every integer n:
- oc is the 2-adic "odd core" of the number, after removing all factors of 2. For odd numbers, oc is the number itself.
- k is the 2-adic exponent, the number of halvings (n = oc * 2^k). For odd numbers, k is always 0, so is omitted here.
- dist is the odd-to-odd Collatz stopping distance of odd numbers. For even numbers, it is omitted here too.


oc,k,dist
1,,0
1,1,
3,,2
1,2,
5,,1
3,1,
7,,5
1,3,
9,,6
5,1,
11,,4
3,2,
13,,2
7,1,
15,,5
1,4,
17,,3
9,1,
19,,6
5,2,
21,,1
11,1,
23,,4
3,3,
25,,7
13,1,
27,,41
7,2,
29,,5
15,1,
31,,39
1,5,
33,,8
17,1,
35,,3
9,2,
37,,6
19,1,
39,,11
5,3,
41,,40
21,1,
43,,9
11,2,
45,,4
23,1,
47,,38
3,4,
49,,7
25,1,
51,,7
13,2,
53,,2
27,1,
55,,41
7,3,
57,,10
29,1,
59,,10
15,2,
61,,5
31,1,
63,,39
1,6,
65,,8
33,1,
67,,8
17,2,
69,,3
35,1,
71,,37
9,3,
73,,42
37,1,
75,,3
19,2,
77,,6
39,1,
79,,11
5,4,
81,,6
41,1,
83,,40
21,2,
85,,1
43,1,
87,,9
11,3,
89,,9
45,1,
91,,33
23,2,
93,,4
47,1,
95,,38
3,5,
97,,43
49,1,
99,,7
25,2,
101,,7
51,1,
103,,31
13,3,
105,,12
53,1,
107,,36
27,2,
109,,41
55,1,
111,,24
7,4,
113,,2
57,1,
115,,10
29,2,
117,,5
59,1,
119,,10
15,3,
121,,34
61,1,
123,,15
31,2,
125,,39
63,1,
127,,15
1,7,
129,,44
65,1,
131,,8
33,2,
133,,8
67,1,
135,,13
17,3,
137,,32
69,1,
139,,13
35,2,
141,,3
71,1,
143,,37
9,4,
145,,42
73,1,
147,,42
37,2,
149,,6
75,1,
151,,3
19,3,
153,,11
77,1,
155,,30
39,2,
157,,11
79,1,
159,,18
5,5,
161,,35
81,1,
163,,6
41,2,
165,,40
83,1,
167,,23
21,3,
169,,16
85,1,
171,,45
43,2,
173,,9
87,1,
175,,28
11,4,
177,,9
89,1,
179,,9
45,2,
181,,4
91,1,
183,,33
23,3,
185,,14
93,1,
187,,14
47,2,
189,,38
95,1,
191,,14
3,6,
193,,43
97,1,
195,,43
49,2,
197,,7
99,1,
199,,43
25,3,
201,,4
101,1,
203,,12
51,2,
205,,7
103,1,
207,,31
13,4,
209,,12
105,1,
211,,12
53,2,
213,,2
107,1,
215,,36
27,3,
217,,7
109,1,
219,,17
55,2,
221,,41
111,1,
223,,24
7,5,
225,,17
113,1,
227,,2
57,2,
229,,10
115,1,
231,,46
29,3,
233,,29
117,1,
235,,46
59,2,
237,,10
119,1,
239,,17
15,4,
241,,5
121,1,
243,,34
61,2,
245,,5
123,1,
247,,15
31,3,
249,,15
125,1,
251,,22
63,2,
253,,39
127,1,
255,,15
1,8,
257,,44
129,1,
259,,44
65,2,
261,,8
131,1,
263,,27
33,3,
265,,44
133,1,
267,,5
67,2,
269,,8
135,1,
271,,13
17,4,
273,,8
137,1,
275,,32
69,2,
277,,3
139,1,
279,,13
35,3,
281,,13
141,1,
283,,20
71,2,
285,,37
143,1,
287,,13
9,5,
289,,8
145,1,
291,,42
73,2,
293,,42
147,1,
295,,18
37,3,
297,,25
149,1,
299,,42
75,2,
301,,3
151,1,
303,,13
19,4,
305,,11
153,1,
307,,11
77,2,
309,,6
155,1,
311,,30
39,3,
313,,47
157,1,
315,,11
79,2,
317,,11
159,1,
319,,18
5,6,
321,,6
161,1,
323,,35
81,2,
325,,6
163,1,
327,,52
41,3,
329,,16
165,1,
331,,6
83,2,
333,,40
167,1,
335,,23
21,4,
337,,40
169,1,
339,,16
85,2,
341,,1
171,1,
343,,45
43,3,
345,,45
173,1,
347,,45
87,2,
349,,9
175,1,
351,,28
11,5,
353,,45
177,1,
355,,9
89,2,
357,,9
179,1,
359,,16
45,3,
361,,14
181,1,
363,,14
91,2,
365,,33
183,1,
367,,14
23,4,
369,,4
185,1,
371,,14
93,2,
373,,4
187,1,
375,,14
47,3,
377,,21
189,1,
379,,19
95,2,
381,,38
191,1,
383,,14
3,7,
385,,9
193,1,
387,,43
97,2,
389,,43
195,1,
391,,43
49,3,
393,,19
197,1,
395,,26
99,2,
397,,7
199,1,
399,,43
25,4,
401,,4
201,1,
403,,4
101,2,
405,,7
203,1,
407,,12
51,3,
409,,12
205,1,
411,,48
103,2,
413,,31
207,1,
415,,48
13,5,
417,,48
209,1,
419,,12
105,2,
421,,12
211,1,
423,,9
53,3,
425,,19
213,1,
427,,17
107,2,
429,,36
215,1,
431,,12
27,4,
433,,7
217,1,
435,,7
109,2,
437,,41
219,1,
439,,17
55,3,
441,,7
221,1,
443,,17
111,2,
445,,24
223,1,
447,,34
7,6,
449,,41
225,1,
451,,17
113,2,
453,,2
227,1,
455,,12
57,3,
457,,46
229,1,
459,,46
115,2,
461,,10
231,1,
463,,46
29,4,
465,,10
233,1,
467,,29
117,2,
469,,5
235,1,
471,,46
59,3,
473,,10
237,1,
475,,7
119,2,
477,,10
239,1,
479,,17
15,5,
481,,15
241,1,
483,,5
121,2,
485,,34
243,1,
487,,51
61,3,
489,,15
245,1,
491,,51
123,2,
493,,15
247,1,
495,,34
31,4,
497,,5
249,1,
499,,15
125,2,
501,,39
251,1,
503,,22
63,3,
505,,20
253,1,
507,,10
127,2,
509,,15
255,1,
511,,20
1,9,
513,,10
257,1,
515,,44
129,2,
517,,44
259,1,
519,,20
65,3,
521,,44
261,1,
523,,44
131,2,
525,,8
263,1,
527,,27
33,4,
529,,8
265,1,
531,,44
133,2,
533,,8
267,1,
535,,5
67,3,
537,,5
269,1,
539,,15
135,2,
541,,13
271,1,
543,,49
17,5,
545,,13
273,1,
547,,8
137,2,
549,,32
275,1,
551,,13
69,3,
553,,49
277,1,
555,,8
139,2,
557,,13
279,1,
559,,30
35,4,
561,,13
281,1,
563,,13
141,2,
565,,3
283,1,
567,,20
71,3,
569,,18
285,1,
571,,8
143,2,
573,,37
287,1,
575,,13
9,6,
577,,8
289,1,
579,,8
145,2,
581,,42
291,1,
583,,8
73,3,
585,,18
293,1,
587,,42
147,2,
589,,42
295,1,
591,,18
37,4,
593,,25
297,1,
595,,25
149,2,
597,,6
299,1,
599,,42
75,3,
601,,18
301,1,
603,,23
151,2,
605,,3
303,1,
607,,13
19,5,
609,,47
305,1,
611,,11
153,2,
613,,11
307,1,
615,,23
77,3,
617,,47
309,1,
619,,47
155,2,
621,,30
311,1,
623,,47
39,4,
625,,6
313,1,
627,,47
157,2,
629,,11
315,1,
631,,11
79,3,
633,,8
317,1,
635,,8
159,2,
637,,18
319,1,
639,,47
5,7,
641,,16
321,1,
643,,6
161,2,
645,,35
323,1,
647,,11
81,3,
649,,52
325,1,
651,,35
163,2,
653,,6
327,1,
655,,52
41,4,
657,,16
329,1,
659,,16
165,2,
661,,40
331,1,
663,,6
83,3,
665,,16
333,1,
667,,52
167,2,
669,,23
335,1,
671,,33
21,5,
673,,21
337,1,
675,,40
169,2,
677,,16
339,1,
679,,21
85,3,
681,,21
341,1,
683,,11
171,2,
685,,45
343,1,
687,,11
43,4,
689,,45
345,1,
691,,45
173,2,
693,,9
347,1,
695,,45
87,3,
697,,45
349,1,
699,,21
175,2,
701,,28
351,1,
703,,62
11,6,
705,,9
353,1,
707,,45
177,2,
709,,9
355,1,
711,,21
89,3,
713,,6
357,1,
715,,6
179,2,
717,,9
359,1,
719,,16
45,4,
721,,14
361,1,
723,,14
181,2,
725,,4
363,1,
727,,14
91,3,
729,,9
365,1,
731,,50
183,2,
733,,33
367,1,
735,,14
23,5,
737,,50
369,1,
739,,4
185,2,
741,,14
371,1,
743,,33
93,3,
745,,31
373,1,
747,,14
187,2,
749,,14
375,1,
751,,50
47,4,
753,,4
377,1,
755,,21
189,2,
757,,38
379,1,
759,,19
95,3,
761,,9
381,1,
763,,55
191,2,
765,,14
383,1,
767,,19
3,8,
769,,9
385,1,
771,,9
193,2,
773,,43
387,1,
775,,55
97,3,
777,,9
389,1,
779,,19
195,2,
781,,43
391,1,
783,,43
49,4,
785,,43
393,1,
787,,19
197,2,
789,,7
395,1,
791,,26
99,3,
793,,26
397,1,
795,,36
199,2,
797,,43
399,1,
799,,24
25,5,
801,,19
401,1,
803,,4
201,2,
805,,4
403,1,
807,,24
101,3,
809,,14
405,1,
811,,48
203,2,
813,,12
407,1,
815,,48
51,4,
817,,12
409,1,
819,,12
205,2,
821,,7
411,1,
823,,48
103,3,
825,,48
413,1,
827,,12
207,2,
829,,31
415,1,
831,,48
13,6,
833,,7
417,1,
835,,48
209,2,
837,,12
419,1,
839,,29
105,3,
841,,12
421,1,
843,,12
211,2,
845,,12
423,1,
847,,9
53,4,
849,,19
425,1,
851,,19
213,2,
853,,2
427,1,
855,,17
107,3,
857,,7
429,1,
859,,53
215,2,
861,,36
431,1,
863,,12
27,5,
865,,53
433,1,
867,,7
217,2,
869,,7
435,1,
871,,65
109,3,
873,,53
437,1,
875,,7
219,2,
877,,17
439,1,
879,,53
55,4,
881,,41
441,1,
883,,7
221,2,
885,,41
443,1,
887,,17
111,3,
889,,53
445,1,
891,,14
223,2,
893,,24
447,1,
895,,34
7,7,
897,,22
449,1,
899,,41
225,2,
901,,17
451,1,
903,,41
113,3,
905,,22
453,1,
907,,17
227,2,
909,,2
455,1,
911,,12
57,4,
913,,46
457,1,
915,,46
229,2,
917,,10
459,1,
919,,46
115,3,
921,,46
461,1,
923,,22
231,2,
925,,46
463,1,
927,,41
29,5,
929,,46
465,1,
931,,10
233,2,
933,,29
467,1,
935,,46
117,3,
937,,63
469,1,
939,,29
235,2,
941,,46
471,1,
943,,10
59,4,
945,,10
473,1,
947,,10
237,2,
949,,10
475,1,
951,,7
119,3,
953,,7
477,1,
955,,7
239,2,
957,,17
479,1,
959,,46
15,6,
961,,15
481,1,
963,,15
241,2,
965,,5
483,1,
967,,51
121,3,
969,,15
485,1,
971,,10
243,2,
973,,34
487,1,
975,,51
61,4,
977,,34
489,1,
979,,15
245,2,
981,,5
491,1,
983,,51
123,3,
985,,5
493,1,
987,,10
247,2,
989,,15
495,1,
991,,34
31,5,
993,,32
497,1,
995,,5
249,2,
997,,15
499,1,
999,,15
125,3,
1001,,51
501,1,
1003,,12
251,2,
1005,,22
503,1,
1007,,32
63,4,
1009,,39
505,1,
1011,,20
253,2,
1013,,39
507,1,
1015,,10
127,3,
1017,,56
509,1,
1019,,20
255,2,
1021,,15
511,1,
1023,,20
1,10,
1025,,10
513,1,
1027,,10
257,2,
1029,,44
515,1,
1031,,10
129,3,
1033,,56
517,1,
1035,,44
259,2,
1037,,44
519,1,
1039,,20
65,4,
1041,,44
521,1,
1043,,44
261,2,
1045,,8
523,1,
1047,,44
131,3,
1049,,20
525,1,
1051,,32
263,2,
1053,,27
527,1,
1055,,61
33,5,
1057,,27
529,1,
1059,,8
265,2,
1061,,44
531,1,
1063,,25
133,3,
1065,,25
533,1,
1067,,20
267,2,
1069,,5
535,1,
1071,,61
67,4,
1073,,5
537,1,
1075,,5
269,2,
1077,,8
539,1,
1079,,15
135,3,
1081,,49
541,1,
1083,,49
271,2,
1085,,13
543,1,
1087,,49
17,6,
1089,,13
545,1,
1091,,13
273,2,
1093,,8
547,1,
1095,,25
137,3,
1097,,49
549,1,
1099,,8
275,2,
1101,,32
551,1,
1103,,13
69,4,
1105,,32
553,1,
1107,,49
277,2,
1109,,3
555,1,
1111,,8
139,3,
1113,,49
557,1,
1115,,32
279,2,
1117,,13
559,1,
1119,,30
35,5,
1121,,13
561,1,
1123,,13
281,2,
1125,,13
563,1,
1127,,49
141,3,
1129,,10
565,1,
1131,,10
283,2,
1133,,20
567,1,
1135,,20
71,4,
1137,,3
569,1,
1139,,18
285,2,
1141,,37
571,1,
1143,,8
143,3,
1145,,54
573,1,
1147,,18
287,2,
1149,,13
575,1,
1151,,18
9,7,
1153,,54
577,1,
1155,,8
289,2,
1157,,8
579,1,
1159,,18
145,3,
1161,,66
581,1,
1163,,54
291,2,
1165,,42
583,1,
1167,,8
73,4,
1169,,18
585,1,
1171,,18
293,2,
1173,,42
587,1,
1175,,42
147,3,
1177,,8
589,1,
1179,,18
295,2,
1181,,18
591,1,
1183,,30
37,5,
1185,,54
593,1,
1187,,25
297,2,
1189,,25
595,1,
1191,,15
149,3,
1193,,35
597,1,
1195,,42
299,2,
1197,,42
599,1,
1199,,23
75,4,
1201,,18
601,1,
1203,,18
301,2,
1205,,3
603,1,
1207,,23
151,3,
1209,,18
605,1,
1211,,23
303,2,
1213,,13
607,1,
1215,,59
19,6,
1217,,47
609,1,
1219,,47
305,2,
1221,,11
611,1,
1223,,47
153,3,
1225,,47
613,1,
1227,,47
307,2,
1229,,11
615,1,
1231,,23
77,4,
1233,,47
617,1,
1235,,47
309,2,
1237,,6
619,1,
1239,,47
155,3,
1241,,11
621,1,
1243,,23
311,2,
1245,,30
623,1,
1247,,47
39,5,
1249,,64
625,1,
1251,,6
313,2,
1253,,47
627,1,
1255,,30
157,3,
1257,,11
629,1,
1259,,28
315,2,
1261,,11
631,1,
1263,,64
79,4,
1265,,11
633,1,
1267,,8
317,2,
1269,,11
635,1,
1271,,8
159,3,
1273,,8
637,1,
1275,,28
319,2,
1277,,18
639,1,
1279,,47
5,8,
1281,,16
641,1,
1283,,16
321,2,
1285,,6
643,1,
1287,,52
161,3,
1289,,52
645,1,
1291,,16
323,2,
1293,,35
647,1,
1295,,11
81,4,
1297,,35
649,1,
1299,,52
325,2,
1301,,6
651,1,
1303,,35
163,3,
1305,,16
653,1,
1307,,64
327,2,
1309,,52
655,1,
1311,,35
41,5,
1313,,6
657,1,
1315,,16
329,2,
1317,,16
659,1,
1319,,52
165,3,
1321,,35
661,1,
1323,,16
331,2,
1325,,6
663,1,
1327,,16
83,4,
1329,,16
665,1,
1331,,16
333,2,
1333,,40
667,1,
1335,,52
167,3,
1337,,13
669,1,
1339,,6
335,2,
1341,,23
671,1,
1343,,33
21,6,
1345,,40
673,1,
1347,,21
337,2,
1349,,40
675,1,
1351,,57
169,3,
1353,,11
677,1,
1355,,40
339,2,
1357,,16
679,1,
1359,,21
85,4,
1361,,16
681,1,
1363,,21
341,2,
1365,,1
683,1,
1367,,11
171,3,
1369,,11
685,1,
1371,,40
343,2,
1373,,45
687,1,
1375,,11
43,5,
1377,,57
689,1,
1379,,45
345,2,
1381,,45
691,1,
1383,,33
173,3,
1385,,21
693,1,
1387,,21
347,2,
1389,,45
695,1,
1391,,40
87,4,
1393,,9
697,1,
1395,,45
349,2,
1397,,9
699,1,
1399,,21
175,3,
1401,,33
701,1,
1403,,45
351,2,
1405,,28
703,1,
1407,,62
11,7,
1409,,28
705,1,
1411,,9
353,2,
1413,,45
707,1,
1415,,9
177,3,
1417,,26
709,1,
1419,,45
355,2,
1421,,9
711,1,
1423,,21
89,4,
1425,,6
713,1,
1427,,6
357,2,
1429,,9
715,1,
1431,,6
179,3,
1433,,6
717,1,
1435,,26
359,2,
1437,,16
719,1,
1439,,45
45,5,
1441,,50
721,1,
1443,,14
361,2,
1445,,14
723,1,
1447,,16
181,3,
1449,,50
725,1,
1451,,50
363,2,
1453,,14
727,1,
1455,,50
91,4,
1457,,9
729,1,
1459,,9
365,2,
1461,,33
731,1,
1463,,50
183,3,
1465,,9
733,1,
1467,,50
367,2,
1469,,14
735,1,
1471,,62
23,6,
1473,,33
737,1,
1475,,50
369,2,
1477,,4
739,1,
1479,,33
185,3,
1481,,9
741,1,
1483,,50
371,2,
1485,,14
743,1,
1487,,33
93,4,
1489,,14
745,1,
1491,,31
373,2,
1493,,4
747,1,
1495,,14
187,3,
1497,,14
749,1,
1499,,14
375,2,
1501,,14
751,1,
1503,,50
47,5,
1505,,11
753,1,
1507,,4
377,2,
1509,,21
755,1,
1511,,31
189,3,
1513,,21
757,1,
1515,,50
379,2,
1517,,19
759,1,
1519,,55
95,4,
1521,,38
761,1,
1523,,9
381,2,
1525,,38
763,1,
1527,,55
191,3,
1529,,19
765,1,
1531,,19
383,2,
1533,,14
767,1,
1535,,19
3,9,
1537,,55
769,1,
1539,,9
385,2,
1541,,9
771,1,
1543,,38
193,3,
1545,,19
773,1,
1547,,9
387,2,
1549,,43
775,1,
1551,,55
97,4,
1553,,43
777,1,
1555,,9
389,2,
1557,,43
779,1,
1559,,19
195,3,
1561,,19
781,1,
1563,,55
391,2,
1565,,43
783,1,
1567,,19
49,5,
1569,,9
785,1,
1571,,43
393,2,
1573,,19
787,1,
1575,,19
197,3,
1577,,31
789,1,
1579,,43
395,2,
1581,,26
791,1,
1583,,60
99,4,
1585,,26
793,1,
1587,,26
397,2,
1589,,7
795,1,
1591,,36
199,3,
1593,,43
797,1,
1595,,24
399,2,
1597,,43
799,1,
1599,,24
25,6,
1601,,19
801,1,
1603,,19
401,2,
1605,,4
803,1,
1607,,60
201,3,
1609,,24
805,1,
1611,,4
403,2,
1613,,4
807,1,
1615,,24
101,4,
1617,,14
809,1,
1619,,14
405,2,
1621,,7
811,1,
1623,,48
203,3,
1625,,48
813,1,
1627,,24
407,2,
1629,,12
815,1,
1631,,48
51,5,
1633,,48
817,1,
1635,,12
409,2,
1637,,12
819,1,
1639,,36
205,3,
1641,,24
821,1,
1643,,24
411,2,
1645,,48
823,1,
1647,,48
103,4,
1649,,7
825,1,
1651,,48
413,2,
1653,,31
827,1,
1655,,12
207,3,
1657,,24
829,1,
1659,,12
415,2,
1661,,48
831,1,
1663,,24
13,7,
1665,,65
833,1,
1667,,7
417,2,
1669,,48
835,1,
1671,,12
209,3,
1673,,31
837,1,
1675,,48
419,2,
1677,,12
839,1,
1679,,29
105,4,
1681,,12
841,1,
1683,,12
421,2,
1685,,12
843,1,
1687,,12
211,3,
1689,,9
845,1,
1691,,48
423,2,
1693,,9
847,1,
1695,,65
53,5,
1697,,9
849,1,
1699,,19
425,2,
1701,,19
851,1,
1703,,19
213,3,
1705,,48
853,1,
1707,,53
427,2,
1709,,17
855,1,
1711,,53
107,4,
1713,,7
857,1,
1715,,7
429,2,
1717,,36
859,1,
1719,,53
215,3,
1721,,17
861,1,
1723,,17
431,2,
1725,,12
863,1,
1727,,17
27,6,
1729,,36
865,1,
1731,,53
433,2,
1733,,7
867,1,
1735,,36
217,3,
1737,,36
869,1,
1739,,17
435,2,
1741,,7
871,1,
1743,,65
109,4,
1745,,53
873,1,
1747,,53
437,2,
1749,,41
875,1,
1751,,7
219,3,
1753,,17
877,1,
1755,,12
439,2,
1757,,17
879,1,
1759,,53
55,5,
1761,,36
881,1,
1763,,41
441,2,
1765,,7
883,1,
1767,,53
221,3,
1769,,17
885,1,
1771,,17
443,2,
1773,,17
887,1,
1775,,29
111,4,
1777,,41
889,1,
1779,,53
445,2,
1781,,24
891,1,
1783,,14
223,3,
1785,,7
893,1,
1787,,14
447,2,
1789,,34
895,1,
1791,,34
7,8,
1793,,41
897,1,
1795,,22
449,2,
1797,,41
899,1,
1799,,22
225,3,
1801,,58
901,1,
1803,,12
451,2,
1805,,17
903,1,
1807,,41
113,4,
1809,,17
905,1,
1811,,22
453,2,
1813,,2
907,1,
1815,,17
227,3,
1817,,22
909,1,
1819,,58
455,2,
1821,,12
911,1,
1823,,58
57,5,
1825,,12
913,1,
1827,,46
457,2,
1829,,46
915,1,
1831,,22
229,3,
1833,,12
917,1,
1835,,46
459,2,
1837,,46
919,1,
1839,,58
115,4,
1841,,46
921,1,
1843,,46
461,2,
1845,,10
923,1,
1847,,22
231,3,
1849,,22
925,1,
1851,,46
463,2,
1853,,46
927,1,
1855,,41
29,6,
1857,,10
929,1,
1859,,46
465,2,
1861,,10
931,1,
1863,,22
233,3,
1865,,22
933,1,
1867,,10
467,2,
1869,,29
935,1,
1871,,46
117,4,
1873,,29
937,1,
1875,,63
469,2,
1877,,5
939,1,
1879,,29
235,3,
1881,,10
941,1,
1883,,29
471,2,
1885,,46
943,1,
1887,,10
59,5,
1889,,27
945,1,
1891,,10
473,2,
1893,,10
947,1,
1895,,63
237,3,
1897,,22
949,1,
1899,,22
475,2,
1901,,7
951,1,
1903,,46
119,4,
1905,,10
953,1,
1907,,7
477,2,
1909,,10
955,1,
1911,,7
239,3,
1913,,27
957,1,
1915,,63
479,2,
1917,,17
959,1,
1919,,46
15,7,
1921,,51
961,1,
1923,,15
481,2,
1925,,15
963,1,
1927,,15
241,3,
1929,,17
965,1,
1931,,51
483,2,
1933,,5
967,1,
1935,,51
121,4,
1937,,15
969,1,
1939,,15
485,2,
1941,,34
971,1,
1943,,10
243,3,
1945,,10
973,1,
1947,,27
487,2,
1949,,51
975,1,
1951,,63
61,5,
1953,,10
977,1,
1955,,34
489,2,
1957,,15
979,1,
1959,,27
245,3,
1961,,63
981,1,
1963,,27
491,2,
1965,,51
983,1,
1967,,34
123,4,
1969,,5
985,1,
1971,,5
493,2,
1973,,15
987,1,
1975,,10
247,3,
1977,,51
989,1,
1979,,51
495,2,
1981,,34
991,1,
1983,,15
31,6,
1985,,15
993,1,
1987,,32
497,2,
1989,,5
995,1,
1991,,15
249,3,
1993,,15
997,1,
1995,,15
499,2,
1997,,15
999,1,
1999,,15
125,4,
2001,,15
1001,1,
2003,,51
501,2,
2005,,39
1003,1,
2007,,12
251,3,
2009,,5
1005,1,
2011,,12
503,2,
2013,,22
1007,1,
2015,,32
63,5,
2017,,22
1009,1,
2019,,39
505,2,
2021,,20
1011,1,
2023,,56
253,3,
2025,,56
1013,1,
2027,,56
507,2,
2029,,10
1015,1,
2031,,20
127,4,
2033,,39
1017,1,
2035,,56
509,2,
2037,,15
1019,1,
2039,,20
255,3,
2041,,20
1021,1,
2043,,56
511,2,
2045,,20
1023,1,
2047,,56
1,11,
2049,,56
1025,1,
2051,,10
513,2,
2053,,10
1027,1,
2055,,10
257,3,
2057,,39
1029,1,
2059,,10
515,2,
2061,,44
1031,1,
2063,,10
129,4,
2065,,44
1033,1,
2067,,56
517,2,
2069,,44
1035,1,
2071,,44
259,3,
2073,,10
1037,1,
2075,,32
519,2,
2077,,20
1039,1,
2079,,15
65,5,
2081,,20
1041,1,
2083,,44
521,2,
2085,,44
1043,1,
2087,,39
261,3,
2089,,20
1045,1,
2091,,10
523,2,
2093,,44
1047,1,
2095,,37
131,4,
2097,,20
1049,1,
2099,,20
525,2,
2101,,8
1051,1,
2103,,32
263,3,
2105,,44
1053,1,
2107,,56
527,2,
2109,,27
1055,1,
2111,,61
33,6,
2113,,27
1057,1,
2115,,27
529,2,
2117,,8
1059,1,
2119,,27
265,3,
2121,,37
1061,1,
2123,,8
531,2,
2125,,44
1063,1,
2127,,25
133,4,
2129,,44
1065,1,
2131,,25
533,2,
2133,,8
1067,1,
2135,,20
267,3,
2137,,20
1069,1,
2139,,25
535,2,
2141,,5
1071,1,
2143,,61
67,5,
2145,,25
1073,1,
2147,,5
537,2,
2149,,5
1075,1,
2151,,37
269,3,
2153,,25
1077,1,
2155,,61
539,2,
2157,,15
1079,1,
2159,,44
135,4,
2161,,8
1081,1,
2163,,49
541,2,
2165,,13
1083,1,
2167,,49
271,3,
2169,,25
1085,1,
2171,,15
543,2,
2173,,49
1087,1,
2175,,25
17,7,
2177,,49
1089,1,
2179,,13
545,2,
2181,,13
1091,1,
2183,,49
273,3,
2185,,37
1093,1,
2187,,25
547,2,
2189,,8
1095,1,
2191,,25
137,4,
2193,,49
1097,1,
2195,,49
549,2,
2197,,32
1099,1,
2199,,8
275,3,
2201,,49
1101,1,
2203,,15
551,2,
2205,,13
1103,1,
2207,,61
69,5,
2209,,25
1105,1,
2211,,32
553,2,
2213,,49
1107,1,
2215,,42
277,3,
2217,,25
1109,1,
2219,,32
555,2,
2221,,8
1111,1,
2223,,66
139,4,
2225,,49
1113,1,
2227,,49
557,2,
2229,,13
1115,1,
2231,,32
279,3,
2233,,49
1117,1,
2235,,13
559,2,
2237,,30
1119,1,
2239,,49
35,6,
2241,,13
1121,1,
2243,,13
561,2,
2245,,13
1123,1,
2247,,25
281,3,
2249,,13
1125,1,
2251,,10
563,2,
2253,,13
1127,1,
2255,,49
141,4,
2257,,10
1129,1,
2259,,10
565,2,
2261,,3
1131,1,
2263,,10
283,3,
2265,,20
1133,1,
2267,,30
567,2,
2269,,20
1135,1,
2271,,20
71,5,
2273,,49
1137,1,
2275,,3
569,2,
2277,,18
1139,1,
2279,,54
285,3,
2281,,54
1141,1,
2283,,18
571,2,
2285,,8
1143,1,
2287,,42
143,4,
2289,,37
1145,1,
2291,,54
573,2,
2293,,37
1147,1,
2295,,18
287,3,
2297,,18
1149,1,
2299,,54
575,2,
2301,,13
1151,1,
2303,,18
9,8,
2305,,37
1153,1,
2307,,54
577,2,
2309,,8
1155,1,
2311,,54
289,3,
2313,,37
1157,1,
2315,,37
579,2,
2317,,8
1159,1,
2319,,18
145,4,
2321,,8
1161,1,
2323,,66
581,2,
2325,,42
1163,1,
2327,,54
291,3,
2329,,54
1165,1,
2331,,37
583,2,
2333,,8
1167,1,
2335,,30
73,5,
2337,,18
1169,1,
2339,,18
585,2,
2341,,18
1171,1,
2343,,54
293,3,
2345,,54
1173,1,
2347,,37
587,2,
2349,,42
1175,1,
2351,,18
147,4,
2353,,8
1177,1,
2355,,8
589,2,
2357,,42
1179,1,
2359,,18
295,3,
2361,,18
1181,1,
2363,,18
591,2,
2365,,18
1183,1,
2367,,30
37,6,
2369,,42
1185,1,
2371,,54
593,2,
2373,,25
1187,1,
2375,,59
297,3,
2377,,15
1189,1,
2379,,25
595,2,
2381,,25
1191,1,
2383,,15
149,4,
2385,,35
1193,1,
2387,,35
597,2,
2389,,6
1195,1,
2391,,42
299,3,
2393,,23
1197,1,
2395,,8
599,2,
2397,,42
1199,1,
2399,,23
75,5,
2401,,59
1201,1,
2403,,18
601,2,
2405,,18
1203,1,
2407,,23
301,3,
2409,,42
1205,1,
2411,,59
603,2,
2413,,23
1207,1,
2415,,42
151,4,
2417,,3
1209,1,
2419,,18
605,2,
2421,,3
1211,1,
2423,,23
303,3,
2425,,59
1213,1,
2427,,42
607,2,
2429,,13
1215,1,
2431,,59
19,7,
2433,,13
1217,1,
2435,,47
609,2,
2437,,47
1219,1,
2439,,47
305,3,
2441,,23
1221,1,
2443,,13
611,2,
2445,,11
1223,1,
2447,,47
153,4,
2449,,47
1225,1,
2451,,47
613,2,
2453,,11
1227,1,
2455,,47
307,3,
2457,,47
1229,1,
2459,,35
615,2,
2461,,23
1231,1,
2463,,76
77,5,
2465,,23
1233,1,
2467,,47
617,2,
2469,,47
1235,1,
2471,,47
309,3,
2473,,42
1237,1,
2475,,23
619,2,
2477,,47
1239,1,
2479,,13
155,4,
2481,,11
1241,1,
2483,,11
621,2,
2485,,30
1243,1,
2487,,23
311,3,
2489,,11
1245,1,
2491,,35
623,2,
2493,,47
1247,1,
2495,,23
39,6,
2497,,30
1249,1,
2499,,64
625,2,
2501,,6
1251,1,
2503,,20
313,3,
2505,,30
1253,1,
2507,,11
627,2,
2509,,47
1255,1,
2511,,30
157,4,
2513,,47
1257,1,
2515,,11
629,2,
2517,,11
1259,1,
2519,,28
315,3,
2521,,11
1261,1,
2523,,47
631,2,
2525,,11
1263,1,
2527,,64
79,5,
2529,,23
1265,1,
2531,,11
633,2,
2533,,8
1267,1,
2535,,28
317,3,
2537,,47
1269,1,
2539,,64
635,2,
2541,,8
1271,1,
2543,,64
159,4,
2545,,11
1273,1,
2547,,8
637,2,
2549,,18
1275,1,
2551,,28
319,3,
2553,,64
1277,1,
2555,,18
639,2,
2557,,47
1279,1,
2559,,40
5,9,
2561,,52
1281,1,
2563,,16
641,2,
2565,,16
1283,1,
2567,,52
321,3,
2569,,16
1285,1,
2571,,16
643,2,
2573,,6
1287,1,
2575,,52
161,4,
2577,,6
1289,1,
2579,,52
645,2,
2581,,35
1291,1,
2583,,16
323,3,
2585,,16
1293,1,
2587,,52
647,2,
2589,,11
1295,1,
2591,,16
81,5,
2593,,11
1297,1,
2595,,35
649,2,
2597,,52
1299,1,
2599,,52
325,3,
2601,,64
1301,1,
2603,,35
651,2,
2605,,35
1303,1,
2607,,28
163,4,
2609,,16
1305,1,
2611,,16
653,2,
2613,,6
1307,1,
2615,,64
327,3,
2617,,28
1309,1,
2619,,35
655,2,
2621,,52
1311,1,
2623,,35
41,6,
2625,,6
1313,1,
2627,,6
657,2,
2629,,16
1315,1,
2631,,69
329,3,
2633,,11
1317,1,
2635,,16
659,2,
2637,,16
1319,1,
2639,,52
165,4,
2641,,35
1321,1,
2643,,35
661,2,
2645,,40
1323,1,
2647,,16
331,3,
2649,,33
1325,1,
2651,,52
663,2,
2653,,6
1327,1,
2655,,16
83,5,
2657,,16
1329,1,
2659,,16
665,2,
2661,,16
1331,1,
2663,,28
333,3,
2665,,16
1333,1,
2667,,13
667,2,
2669,,52
1335,1,
2671,,13
167,4,
2673,,40
1337,1,
2675,,13
669,2,
2677,,23
1339,1,
2679,,6
335,3,
2681,,13
1341,1,
2683,,23
671,2,
2685,,33
1343,1,
2687,,33
21,7,
2689,,23
1345,1,
2691,,40
673,2,
2693,,21
1347,1,
2695,,6
337,3,
2697,,57
1349,1,
2699,,21
675,2,
2701,,40
1351,1,
2703,,57
169,4,
2705,,11
1353,1,
2707,,11
677,2,
2709,,16
1355,1,
2711,,40
339,3,
2713,,57
1357,1,
2715,,33
679,2,
2717,,21
1359,1,
2719,,21
85,5,
2721,,21
1361,1,
2723,,16
681,2,
2725,,21
1363,1,
2727,,45
341,3,
2729,,57
1365,1,
2731,,40
683,2,
2733,,11
1367,1,
2735,,57
171,4,
2737,,11
1369,1,
2739,,11
685,2,
2741,,45
1371,1,
2743,,40
343,3,
2745,,11
1373,1,
2747,,21
687,2,
2749,,11
1375,1,
2751,,62
43,6,
2753,,45
1377,1,
2755,,57
689,2,
2757,,45
1379,1,
2759,,57
345,3,
2761,,45
1381,1,
2763,,11
691,2,
2765,,45
1383,1,
2767,,33
173,4,
2769,,21
1385,1,
2771,,21
693,2,
2773,,9
1387,1,
2775,,21
347,3,
2777,,45
1389,1,
2779,,57
695,2,
2781,,45
1391,1,
2783,,40
87,5,
2785,,21
1393,1,
2787,,9
697,2,
2789,,45
1395,1,
2791,,21
349,3,
2793,,38
1397,1,
2795,,21
699,2,
2797,,21
1399,1,
2799,,21
175,4,
2801,,9
1401,1,
2803,,33
701,2,
2805,,28
1403,1,
2807,,45
351,3,
2809,,57
1405,1,
2811,,18
703,2,
2813,,62
1407,1,
2815,,57
11,8,
2817,,28
1409,1,
2819,,28
705,2,
2821,,9
1411,1,
2823,,18
353,3,
2825,,28
1413,1,
2827,,38
707,2,
2829,,45
1415,1,
2831,,9
177,4,
2833,,45
1417,1,
2835,,26
709,2,
2837,,9
1419,1,
2839,,45
355,3,
2841,,26
1421,1,
2843,,62
711,2,
2845,,21
1423,1,
2847,,62
89,5,
2849,,21
1425,1,
2851,,6
713,2,
2853,,6
1427,1,
2855,,45
357,3,
2857,,62
1429,1,
2859,,26
715,2,
2861,,6
1431,1,
2863,,26
179,4,
2865,,6
1433,1,
2867,,6
717,2,
2869,,9
1435,1,
2871,,26
359,3,
2873,,62
1437,1,
2875,,16
719,2,
2877,,16
1439,1,
2879,,45
45,6,
2881,,9
1441,1,
2883,,50
721,2,
2885,,14
1443,1,
2887,,45
361,3,
2889,,50
1445,1,
2891,,14
723,2,
2893,,14
1447,1,
2895,,16
181,4,
2897,,50
1449,1,
2899,,50
725,2,
2901,,4
1451,1,
2903,,50
363,3,
2905,,14
1453,1,
2907,,50
727,2,
2909,,14
1455,1,
2911,,50
91,5,
2913,,38
1457,1,
2915,,9
729,2,
2917,,9
1459,1,
2919,,79
365,3,
2921,,26
1461,1,
2923,,50
731,2,
2925,,50
1463,1,
2927,,62
183,4,
2929,,33
1465,1,
2931,,9
733,2,
2933,,33
1467,1,
2935,,50
367,3,
2937,,16
1469,1,
2939,,26
735,2,
2941,,14
1471,1,
2943,,62
23,7,
2945,,26
1473,1,
2947,,33
737,2,
2949,,50
1475,1,
2951,,33
369,3,
2953,,43
1477,1,
2955,,50
739,2,
2957,,4
1479,1,
2959,,33
185,4,
2961,,9
1481,1,
2963,,9
741,2,
2965,,14
1483,1,
2967,,50
371,3,
2969,,50
1485,1,
2971,,14
743,2,
2973,,33
1487,1,
2975,,14
93,5,
2977,,50
1489,1,
2979,,14
745,2,
2981,,31
1491,1,
2983,,50
373,3,
2985,,50
1493,1,
2987,,14
747,2,
2989,,14
1495,1,
2991,,14
187,4,
2993,,14
1497,1,
2995,,14
749,2,
2997,,14
1499,1,
2999,,14
375,3,
3001,,11
1501,1,
3003,,11
751,2,
3005,,50
1503,1,
3007,,55
47,6,
3009,,11
1505,1,
3011,,11
753,2,
3013,,4
1507,1,
3015,,31
377,3,
3017,,11
1509,1,
3019,,21
755,2,
3021,,21
1511,1,
3023,,31
189,4,
3025,,21
1513,1,
3027,,21
757,2,
3029,,38
1515,1,
3031,,50
379,3,
3033,,4
1517,1,
3035,,55
759,2,
3037,,19
1519,1,
3039,,55
95,5,
3041,,55
1521,1,
3043,,38
761,2,
3045,,9
1523,1,
3047,,19
381,3,
3049,,43
1525,1,
3051,,55
763,2,
3053,,55
1527,1,
3055,,31
191,4,
3057,,38
1529,1,
3059,,19
765,2,
3061,,14
1531,1,
3063,,19
383,3,
3065,,55
1533,1,
3067,,19
767,2,
3069,,19
1535,1,
3071,,55
3,10,
3073,,38
1537,1,
3075,,55
769,2,
3077,,9
1539,1,
3079,,55
385,3,
3081,,55
1541,1,
3083,,9
771,2,
3085,,9
1543,1,
3087,,38
193,4,
3089,,9
1545,1,
3091,,19
773,2,
3093,,43
1547,1,
3095,,9
387,3,
3097,,67
1549,1,
3099,,48
775,2,
3101,,55
1551,1,
3103,,31
97,5,
3105,,55
1553,1,
3107,,43
777,2,
3109,,9
1555,1,
3111,,9
389,3,
3113,,31
1557,1,
3115,,19
779,2,
3117,,19
1559,1,
3119,,14
195,4,
3121,,19
1561,1,
3123,,19
781,2,
3125,,43
1563,1,
3127,,55
391,3,
3129,,38
1565,1,
3131,,38
783,2,
3133,,43
1567,1,
3135,,19
49,6,
3137,,9
1569,1,
3139,,9
785,2,
3141,,43
1571,1,
3143,,36
393,3,
3145,,19
1573,1,
3147,,43
787,2,
3149,,19
1575,1,
3151,,19
197,4,
3153,,19
1577,1,
3155,,31
789,2,
3157,,7
1579,1,
3159,,43
395,3,
3161,,55
1581,1,
3163,,16
791,2,
3165,,26
1583,1,
3167,,60
99,5,
3169,,16
1585,1,
3171,,26
793,2,
3173,,26
1587,1,
3175,,72
397,3,
3177,,16
1589,1,
3179,,26
795,2,
3181,,36
1591,1,
3183,,19
199,4,
3185,,7
1593,1,
3187,,43
797,2,
3189,,43
1595,1,
3191,,24
399,3,
3193,,9
1597,1,
3195,,24
799,2,
3197,,24
1599,1,
3199,,60
25,7,
3201,,60
1601,1,
3203,,19
801,2,
3205,,19
1603,1,
3207,,14
401,3,
3209,,24
1605,1,
3211,,43
803,2,
3213,,4
1607,1,
3215,,60
201,4,
3217,,24
1609,1,
3219,,24
805,2,
3221,,4
1611,1,
3223,,4
403,3,
3225,,19
1613,1,
3227,,36
807,2,
3229,,24
1615,1,
3231,,60
101,5,
3233,,60
1617,1,
3235,,14
809,2,
3237,,14
1619,1,
3239,,43
405,3,
3241,,60
1621,1,
3243,,14
811,2,
3245,,48
1623,1,
3247,,14
203,4,
3249,,48
1625,1,
3251,,48
813,2,
3253,,12
1627,1,
3255,,24
407,3,
3257,,14
1629,1,
3259,,14
815,2,
3261,,48
1631,1,
3263,,24
51,6,
3265,,48
1633,1,
3267,,48
817,2,
3269,,12
1635,1,
3271,,48
409,3,
3273,,48
1637,1,
3275,,48
819,2,
3277,,12
1639,1,
3279,,36
205,4,
3281,,24
1641,1,
3283,,24
821,2,
3285,,7
1643,1,
3287,,24
411,3,
3289,,48
1645,1,
3291,,48
823,2,
3293,,48
1647,1,
3295,,48
103,5,
3297,,43
1649,1,
3299,,7
825,2,
3301,,48
1651,1,
3303,,24
413,3,
3305,,14
1653,1,
3307,,24
827,2,
3309,,12
1655,1,
3311,,60
207,4,
3313,,31
1657,1,
3315,,24
829,2,
3317,,31
1659,1,
3319,,12
415,3,
3321,,36
1661,1,
3323,,41
831,2,
3325,,48
1663,1,
3327,,24
13,8,
3329,,31
1665,1,
3331,,65
833,2,
3333,,7
1667,1,
3335,,65
417,3,
3337,,21
1669,1,
3339,,31
835,2,
3341,,48
1671,1,
3343,,12
209,4,
3345,,48
1673,1,
3347,,31
837,2,
3349,,12
1675,1,
3351,,48
419,3,
3353,,12
1677,1,
3355,,31
839,2,
3357,,29
1679,1,
3359,,48
105,5,
3361,,12
1681,1,
3363,,12
841,2,
3365,,12
1683,1,
3367,,29
421,3,
3369,,65
1685,1,
3371,,24
843,2,
3373,,12
1687,1,
3375,,48
211,4,
3377,,9
1689,1,
3379,,9
845,2,
3381,,12
1691,1,
3383,,48
423,3,
3385,,65
1693,1,
3387,,12
847,2,
3389,,9
1695,1,
3391,,65
53,6,
3393,,12
1697,1,
3395,,9
849,2,
3397,,19
1699,1,
3399,,41
425,3,
3401,,29
1701,1,
3403,,19
851,2,
3405,,19
1703,1,
3407,,19
213,4,
3409,,48
1705,1,
3411,,48
853,2,
3413,,2
1707,1,
3415,,53
427,3,
3417,,17
1709,1,
3419,,53
855,2,
3421,,17
1711,1,
3423,,53
107,5,
3425,,17
1713,1,
3427,,7
857,2,
3429,,7
1715,1,
3431,,41
429,3,
3433,,53
1717,1,
3435,,53
859,2,
3437,,53
1719,1,
3439,,53
215,4,
3441,,36
1721,1,
3443,,17
861,2,
3445,,36
1723,1,
3447,,17
431,3,
3449,,53
1725,1,
3451,,17
863,2,
3453,,12
1727,1,
3455,,17
27,7,
3457,,12
1729,1,
3459,,36
865,2,
3461,,53
1731,1,
3463,,36
433,3,
3465,,53
1733,1,
3467,,53
867,2,
3469,,7
1735,1,
3471,,36
217,4,
3473,,36
1737,1,
3475,,36
869,2,
3477,,7
1739,1,
3479,,17
435,3,
3481,,17
1741,1,
3483,,29
871,2,
3485,,65
1743,1,
3487,,46
109,5,
3489,,29
1745,1,
3491,,53
873,2,
3493,,53
1747,1,
3495,,17
437,3,
3497,,36
1749,1,
3499,,46
875,2,
3501,,7
1751,1,
3503,,29
219,4,
3505,,17
1753,1,
3507,,17
877,2,
3509,,17
1755,1,
3511,,12
439,3,
3513,,17
1757,1,
3515,,53
879,2,
3517,,53
1759,1,
3519,,26
55,6,
3521,,36
1761,1,
3523,,36
881,2,
3525,,41
1763,1,
3527,,17
441,3,
3529,,17
1765,1,
3531,,34
883,2,
3533,,7
1767,1,
3535,,53
221,4,
3537,,7
1769,1,
3539,,17
885,2,
3541,,41
1771,1,
3543,,17
443,3,
3545,,17
1773,1,
3547,,17
887,2,
3549,,17
1775,1,
3551,,29
111,5,
3553,,17
1777,1,
3555,,41
889,2,
3557,,53
1779,1,
3559,,14
445,3,
3561,,14
1781,1,
3563,,58
891,2,
3565,,14
1783,1,
3567,,70
223,4,
3569,,24
1785,1,
3571,,7
893,2,
3573,,24
1787,1,
3575,,14
447,3,
3577,,24
1789,1,
3579,,24
895,2,
3581,,34
1791,1,
3583,,34
7,9,
3585,,24
1793,1,
3587,,41
897,2,
3589,,22
1795,1,
3591,,53
449,3,
3593,,7
1797,1,
3595,,22
899,2,
3597,,41
1799,1,
3599,,22
225,4,
3601,,41
1801,1,
3603,,58
901,2,
3605,,17
1803,1,
3607,,12
451,3,
3609,,12
1805,1,
3611,,22
903,2,
3613,,41
1807,1,
3615,,22
113,5,
3617,,58
1809,1,
3619,,17
905,2,
3621,,22
1811,1,
3623,,41
453,3,
3625,,22
1813,1,
3627,,17
907,2,
3629,,17
1815,1,
3631,,34
227,4,
3633,,22
1817,1,
3635,,22
909,2,
3637,,2
1819,1,
3639,,58
455,3,
3641,,41
1821,1,
3643,,58
911,2,
3645,,12
1823,1,
3647,,58
57,6,
3649,,12
1825,1,
3651,,12
913,2,
3653,,46
1827,1,
3655,,41
457,3,
3657,,41
1829,1,
3659,,46
915,2,
3661,,46
1831,1,
3663,,22
229,4,
3665,,12
1833,1,
3667,,12
917,2,
3669,,10
1835,1,
3671,,46
459,3,
3673,,58
1837,1,
3675,,34
919,2,
3677,,46
1839,1,
3679,,58
115,5,
3681,,46
1841,1,
3683,,46
921,2,
3685,,46
1843,1,
3687,,12
461,3,
3689,,34
1845,1,
3691,,22
923,2,
3693,,22
1847,1,
3695,,75
231,4,
3697,,10
1849,1,
3699,,22
925,2,
3701,,46
1851,1,
3703,,46
463,3,
3705,,58
1853,1,
3707,,46
927,2,
3709,,41
1855,1,
3711,,87
29,7,
3713,,22
1857,1,
3715,,10
929,2,
3717,,46
1859,1,
3719,,12
465,3,
3721,,22
1861,1,
3723,,46
931,2,
3725,,10
1863,1,
3727,,22
233,4,
3729,,22
1865,1,
3731,,22
933,2,
3733,,29
1867,1,
3735,,10
467,3,
3737,,34
1869,1,
3739,,39
935,2,
3741,,46
1871,1,
3743,,22
117,5,
3745,,58
1873,1,
3747,,29
937,2,
3749,,63
1875,1,
3751,,19
469,3,
3753,,58
1877,1,
3755,,19
939,2,
3757,,29
1879,1,
3759,,29
235,4,
3761,,10
1881,1,
3763,,10
941,2,
3765,,46
1883,1,
3767,,29
471,3,
3769,,39
1885,1,
3771,,39
943,2,
3773,,10
1887,1,
3775,,29
59,6,
3777,,46
1889,1,
3779,,27
945,2,
3781,,10
1891,1,
3783,,46
473,3,
3785,,46
1893,1,
3787,,27
947,2,
3789,,10
1895,1,
3791,,63
237,4,
3793,,22
1897,1,
3795,,22
949,2,
3797,,10
1899,1,
3799,,22
475,3,
3801,,7
1901,1,
3803,,27
951,2,
3805,,7
1903,1,
3807,,46
119,5,
3809,,63
1905,1,
3811,,10
953,2,
3813,,7
1907,1,
3815,,63
477,3,
3817,,27
1909,1,
3819,,7
955,2,
3821,,7
1911,1,
3823,,63
239,4,
3825,,10
1913,1,
3827,,27
957,2,
3829,,17
1915,1,
3831,,63
479,3,
3833,,17
1917,1,
3835,,46
959,2,
3837,,46
1919,1,
3839,,39
15,8,
3841,,10
1921,1,
3843,,51
961,2,
3845,,15
1923,1,
3847,,51
481,3,
3849,,46
1925,1,
3851,,51
963,2,
3853,,15
1927,1,
3855,,15
241,4,
3857,,15
1929,1,
3859,,17
965,2,
3861,,5
1931,1,
3863,,51
483,3,
3865,,51
1933,1,
3867,,27
967,2,
3869,,51
1935,1,
3871,,39
121,5,
3873,,15
1937,1,
3875,,15
969,2,
3877,,15
1939,1,
3879,,51
485,3,
3881,,51
1941,1,
3883,,15
971,2,
3885,,10
1943,1,
3887,,15
243,4,
3889,,10
1945,1,
3891,,10
973,2,
3893,,34
1947,1,
3895,,27
487,3,
3897,,51
1949,1,
3899,,51
975,2,
3901,,51
1951,1,
3903,,63
61,6,
3905,,34
1953,1,
3907,,10
977,2,
3909,,34
1955,1,
3911,,27
489,3,
3913,,51
1957,1,
3915,,34
979,2,
3917,,15
1959,1,
3919,,27
245,4,
3921,,15
1961,1,
3923,,63
981,2,
3925,,5
1963,1,
3927,,27
491,3,
3929,,34
1965,1,
3931,,27
983,2,
3933,,51
1967,1,
3935,,34
123,5,
3937,,44
1969,1,
3939,,5
985,2,
3941,,5
1971,1,
3943,,63
493,3,
3945,,34
1973,1,
3947,,68
987,2,
3949,,10
1975,1,
3951,,24
247,4,
3953,,15
1977,1,
3955,,51
989,2,
3957,,15
1979,1,
3959,,51
495,3,
3961,,15
1981,1,
3963,,15
991,2,
3965,,34
1983,1,
3967,,15
31,7,
3969,,51
1985,1,
3971,,15
993,2,
3973,,32
1987,1,
3975,,15
497,3,
3977,,51
1989,1,
3979,,32
995,2,
3981,,5
1991,1,
3983,,15
249,4,
3985,,15
1993,1,
3987,,15
997,2,
3989,,15
1995,1,
3991,,15
499,3,
3993,,15
1997,1,
3995,,27
999,2,
3997,,15
1999,1,
3999,,68
125,5,
4001,,12
2001,1,
4003,,15
1001,2,
4005,,51
2003,1,
4007,,12
501,3,
4009,,56
2005,1,
4011,,68
1003,2,
4013,,12
2007,1,
4015,,12
251,4,
4017,,5
2009,1,
4019,,5
1005,2,
4021,,22
2011,1,
4023,,12
503,3,
4025,,22
2013,1,
4027,,22
1007,2,
4029,,32
2015,1,
4031,,32
63,6,
4033,,22
2017,1,
4035,,22
1009,2,
4037,,39
2019,1,
4039,,51
505,3,
4041,,51
2021,1,
4043,,5
1011,2,
4045,,20
2023,1,
4047,,56
253,4,
4049,,20
2025,1,
4051,,56
1013,2,
4053,,39
2027,1,
4055,,56
507,3,
4057,,39
2029,1,
4059,,20
1015,2,
4061,,10
2031,1,
4063,,20
127,5,
4065,,44
2033,1,
4067,,39
1017,2,
4069,,56
2035,1,
4071,,56
509,3,
4073,,32
2037,1,
4075,,56
1019,2,
4077,,20
2039,1,
4079,,20
255,4,
4081,,15
2041,1,
4083,,20
1021,2,
4085,,15
2043,1,
4087,,56
511,3,
4089,,20
2045,1,
4091,,44
1023,2,
4093,,20
2047,1,
4095,,56
1,12,
4097,,39
2049,1,
4099,,56
1025,2,
4101,,10
2051,1,
4103,,56
513,3,
4105,,56
2053,1,
4107,,10
1027,2,
4109,,10
2055,1,
4111,,10
257,4,
4113,,10
2057,1,
4115,,39
1029,2,
4117,,44
2059,1,
4119,,10
515,3,
4121,,20
2061,1,
4123,,32
1031,2,
4125,,10
2063,1,
4127,,61
129,5,
4129,,68
2065,1,
4131,,44
1033,2,
4133,,56
2067,1,
4135,,32
517,3,
4137,,32
2069,1,
4139,,56
1035,2,
4141,,44
2071,1,
4143,,20
259,4,
4145,,10
2073,1,
4147,,10
1037,2,
4149,,44
2075,1,
4151,,32
519,3,
4153,,20
2077,1,
4155,,20
1039,2,
4157,,20
2079,1,
4159,,15
65,6,
4161,,20
2081,1,
4163,,20
1041,2,
4165,,44
2083,1,
4167,,39
521,3,
4169,,56
2085,1,
4171,,44
1043,2,
4173,,44
2087,1,
4175,,39
261,4,
4177,,44
2089,1,
4179,,20
1045,2,
4181,,8
2091,1,
4183,,10
523,3,
4185,,10
2093,1,
4187,,20
1047,2,
4189,,44
2095,1,
4191,,37
131,5,
4193,,20
2097,1,
4195,,20
1049,2,
4197,,20
2099,1,
4199,,20
525,3,
4201,,20
2101,1,
4203,,20
1051,2,
4205,,32
2103,1,
4207,,37
263,4,
4209,,8
2105,1,
4211,,44
1053,2,
4213,,27
2107,1,
4215,,56
527,3,
4217,,17
2109,1,
4219,,56
1055,2,
4221,,61
2111,1,
4223,,56
33,7,
4225,,17
2113,1,
4227,,27
1057,2,
4229,,27
2115,1,
4231,,10
529,3,
4233,,73
2117,1,
4235,,17
1059,2,
4237,,8
2119,1,
4239,,27
265,4,
4241,,37
2121,1,
4243,,37
1061,2,
4245,,44
2123,1,
4247,,8
531,3,
4249,,44
2125,1,
4251,,27
1063,2,
4253,,25
2127,1,
4255,,73
133,5,
4257,,10
2129,1,
4259,,44
1065,2,
4261,,25
2131,1,
4263,,44
533,3,
4265,,61
2133,1,
4267,,44
1067,2,
4269,,20
2135,1,
4271,,61
267,4,
4273,,20
2137,1,
4275,,20
1069,2,
4277,,5
2139,1,
4279,,25
535,3,
4281,,44
2141,1,
4283,,44
1071,2,
4285,,61
2143,1,
4287,,44
67,6,
4289,,25
2145,1,
4291,,25
1073,2,
4293,,5
2147,1,
4295,,25
537,3,
4297,,5
2149,1,
4299,,20
1075,2,
4301,,5
2151,1,
4303,,37
269,4,
4305,,25
2153,1,
4307,,25
1077,2,
4309,,8
2155,1,
4311,,61
539,3,
4313,,15
2157,1,
4315,,44
1079,2,
4317,,15
2159,1,
4319,,44
135,5,
4321,,61
2161,1,
4323,,8
1081,2,
4325,,49
2163,1,
4327,,61
541,3,
4329,,15
2165,1,
4331,,44
1083,2,
4333,,49
2167,1,
4335,,20
271,4,
4337,,13
2169,1,
4339,,25
1085,2,
4341,,13
2171,1,
4343,,15
543,3,
4345,,15
2173,1,
4347,,66
1087,2,
4349,,49
2175,1,
4351,,25
17,8,
4353,,49
2177,1,
4355,,49
1089,2,
4357,,13
2179,1,
4359,,61
545,3,
4361,,49
2181,1,
4363,,49
1091,2,
4365,,13
2183,1,
4367,,49
273,4,
4369,,13
2185,1,
4371,,37
1093,2,
4373,,8
2187,1,
4375,,25
547,3,
4377,,25
2189,1,
4379,,78
1095,2,
4381,,25
2191,1,
4383,,25
137,5,
4385,,49
2193,1,
4387,,49
1097,2,
4389,,49
2195,1,
4391,,61
549,3,
4393,,49
2197,1,
4395,,44
1099,2,
4397,,8
2199,1,
4399,,34
275,4,
4401,,49
2201,1,
4403,,49
1101,2,
4405,,32
2203,1,
4407,,15
551,3,
4409,,25
2205,1,
4411,,13
1103,2,
4413,,13
2207,1,
4415,,61
69,6,
4417,,32
2209,1,
4419,,25
1105,2,
4421,,32
2211,1,
4423,,25
553,3,
4425,,13
2213,1,
4427,,32
1107,2,
4429,,49
2215,1,
4431,,42
277,4,
4433,,49
2217,1,
4435,,25
1109,2,
4437,,3
2219,1,
4439,,32
555,3,
4441,,66
2221,1,
4443,,32
1111,2,
4445,,8
2223,1,
4447,,66
139,5,
4449,,22
2225,1,
4451,,49
1113,2,
4453,,49
2227,1,
4455,,32
557,3,
4457,,13
2229,1,
4459,,13
1115,2,
4461,,32
2231,1,
4463,,13
279,4,
4465,,13
2233,1,
4467,,49
1117,2,
4469,,13
2235,1,
4471,,13
559,3,
4473,,32
2237,1,
4475,,49
1119,2,
4477,,30
2239,1,
4479,,49
35,7,
4481,,13
2241,1,
4483,,13
1121,2,
4485,,13
2243,1,
4487,,13
561,3,
4489,,30
2245,1,
4491,,66
1123,2,
4493,,13
2247,1,
4495,,25
281,4,
4497,,13
2249,1,
4499,,13
1125,2,
4501,,13
2251,1,
4503,,10
563,3,
4505,,10
2253,1,
4507,,30
1127,2,
4509,,49
2255,1,
4511,,54
141,5,
4513,,66
2257,1,
4515,,10
1129,2,
4517,,10
2259,1,
4519,,30
565,3,
4521,,66
2261,1,
4523,,30
1131,2,
4525,,10
2263,1,
4527,,10
283,4,
4529,,20
2265,1,
4531,,20
1133,2,
4533,,20
2267,1,
4535,,30
567,3,
4537,,20
2269,1,
4539,,66
1135,2,
4541,,20
2271,1,
4543,,66
71,6,
4545,,49
2273,1,
4547,,49
1137,2,
4549,,3
2275,1,
4551,,66
569,3,
4553,,54
2277,1,
4555,,18
1139,2,
4557,,18
2279,1,
4559,,54
285,4,
4561,,18
2281,1,
4563,,54
1141,2,
4565,,37
2283,1,
4567,,18
571,3,
4569,,8
2285,1,
4571,,18
1143,2,
4573,,8
2287,1,
4575,,42
143,5,
4577,,54
2289,1,
4579,,37
1145,2,
4581,,54
2291,1,
4583,,30
573,3,
4585,,54
2293,1,
4587,,42
1147,2,
4589,,18
2295,1,
4591,,61
287,4,
4593,,37
2297,1,
4595,,18
1149,2,
4597,,13
2299,1,
4599,,54
575,3,
4601,,18
2301,1,
4603,,42
1151,2,
4605,,18
2303,1,
4607,,54
9,9,
4609,,13
2305,1,
4611,,37
1153,2,
4613,,54
2307,1,
4615,,30
577,3,
4617,,37
2309,1,
4619,,54
1155,2,
4621,,8
2311,1,
4623,,54
289,4,
4625,,8
2313,1,
4627,,37
1157,2,
4629,,8
2315,1,
4631,,37
579,3,
4633,,37
2317,1,
4635,,30
1159,2,
4637,,18
2319,1,
4639,,30
145,5,
4641,,18
2321,1,
4643,,8
1161,2,
4645,,66
2323,1,
4647,,18
581,3,
4649,,47
2325,1,
4651,,8
1163,2,
4653,,54
2327,1,
4655,,30
291,4,
4657,,54
2329,1,
4659,,54
1165,2,
4661,,42
2331,1,
4663,,37
583,3,
4665,,47
2333,1,
4667,,8
1167,2,
4669,,8
2335,1,
4671,,30
73,6,
4673,,18
2337,1,
4675,,18
1169,2,
4677,,18
2339,1,
4679,,13
585,3,
4681,,13
2341,1,
4683,,18
1171,2,
4685,,18
2343,1,
4687,,54
293,4,
4689,,54
2345,1,
4691,,54
1173,2,
4693,,42
2347,1,
4695,,37
587,3,
4697,,37
2349,1,
4699,,27
1175,2,
4701,,42
2351,1,
4703,,18
147,5,
4705,,18
2353,1,
4707,,8
1177,2,
4709,,8
2355,1,
4711,,18
589,3,
4713,,54
2357,1,
4715,,35
1179,2,
4717,,18
2359,1,
4719,,35
295,4,
4721,,42
2361,1,
4723,,18
1181,2,
4725,,18
2363,1,
4727,,18
591,3,
4729,,18
2365,1,
4731,,18
1183,2,
4733,,30
2367,1,
4735,,54
37,7,
4737,,18
2369,1,
4739,,42
1185,2,
4741,,54
2371,1,
4743,,18
593,3,
4745,,15
2373,1,
4747,,54
1187,2,
4749,,25
2375,1,
4751,,59
297,4,
4753,,15
2377,1,
4755,,15
1189,2,
4757,,25
2379,1,
4759,,25
595,3,
4761,,8
2381,1,
4763,,71
1191,2,
4765,,15
2383,1,
4767,,35
149,5,
4769,,25
2385,1,
4771,,35
1193,2,
4773,,35
2387,1,
4775,,18
597,3,
4777,,35
2389,1,
4779,,25
1195,2,
4781,,42
2391,1,
4783,,25
299,4,
4785,,23
2393,1,
4787,,23
1197,2,
4789,,42
2395,1,
4791,,8
599,3,
4793,,23
2397,1,
4795,,59
1199,2,
4797,,23
2399,1,
4799,,59
75,6,
4801,,42
2401,1,
4803,,59
1201,2,
4805,,18
2403,1,
4807,,42
601,3,
4809,,13
2405,1,
4811,,13
1203,2,
4813,,18
2407,1,
4815,,23
301,4,
4817,,42
2409,1,
4819,,42
1205,2,
4821,,3
2411,1,
4823,,59
603,3,
4825,,18
2413,1,
4827,,35
1207,2,
4829,,23
2415,1,
4831,,42
151,5,
4833,,23
2417,1,
4835,,3
1209,2,
4837,,18
2419,1,
4839,,59
605,3,
4841,,35
2421,1,
4843,,59
1211,2,
4845,,23
2423,1,
4847,,59
303,4,
4849,,3
2425,1,
4851,,59
1213,2,
4853,,13
2427,1,
4855,,42
607,3,
4857,,59
2429,1,
4859,,42
1215,2,
4861,,59
2431,1,
4863,,30
19,8,
4865,,13
2433,1,
4867,,13
1217,2,
4869,,47
2435,1,
4871,,13
609,3,
4873,,42
2437,1,
4875,,42
1219,2,
4877,,47
2439,1,
4879,,47
305,4,
4881,,47
2441,1,
4883,,23
1221,2,
4885,,11
2443,1,
4887,,13
611,3,
4889,,13
2445,1,
4891,,64
1223,2,
4893,,47
2447,1,
4895,,23
153,5,
4897,,59
2449,1,
4899,,47
1225,2,
4901,,47
2451,1,
4903,,35
613,3,
4905,,59
2453,1,
4907,,47
1227,2,
4909,,47
2455,1,
4911,,42
307,4,
4913,,47
2457,1,
4915,,47
1229,2,
4917,,11
2459,1,
4919,,35
615,3,
4921,,23
2461,1,
4923,,23
1231,2,
4925,,23
2463,1,
4927,,76
77,6,
4929,,11
2465,1,
4931,,23
1233,2,
4933,,47
2467,1,
4935,,71
617,3,
4937,,47
2469,1,
4939,,47
1235,2,
4941,,47
2471,1,
4943,,47
309,4,
4945,,42
2473,1,
4947,,42
1237,2,
4949,,6
2475,1,
4951,,23
619,3,
4953,,11
2477,1,
4955,,23
1239,2,
4957,,47
2479,1,
4959,,13
155,5,
4961,,23
2481,1,
4963,,11
1241,2,
4965,,11
2483,1,
4967,,59
621,3,
4969,,23
2485,1,
4971,,23
1243,2,
4973,,23
2487,1,
4975,,23
311,4,
4977,,30
2489,1,
4979,,11
1245,2,
4981,,30
2491,1,
4983,,35
623,3,
4985,,40
2493,1,
4987,,59
1247,2,
4989,,47
2495,1,
4991,,23
39,7,
4993,,59
2497,1,
4995,,30
1249,2,
4997,,64
2499,1,
4999,,30
625,3,
