# `n`             a positive integer
# `factorization` the prime factorization of n, including exponents
# `m*`            the prime residues of n modulo a set of primes
# `primeness`     notes if n is a prime, prime power, radical, radical power, or primorial

    n, factorization, m3, m5, m7, m11, m13, m17, m19, m23, m29, m31, primeness
    1, 1,             1,  1,  1,  1,   1,   1,   1,   1,   1,   1,   
    2, 2,             2,  2,  2,  2,   2,   2,   2,   2,   2,   2,   
    3, 3,             0,  3,  3,  3,   3,   3,   3,   3,   3,   3,   prime
    4, 2²,            1,  4,  4,  4,   4,   4,   4,   4,   4,   4,   prime power
    5, 5,             2,  0,  5,  5,   5,   5,   5,   5,   5,   5,   prime
    6, 2 3,           0,  1,  6,  6,   6,   6,   6,   6,   6,   6,   primorial
    7, 7,             1,  2,  0,  7,   7,   7,   7,   7,   7,   7,   prime
    8, 2³,            2,  3,  1,  8,   8,   8,   8,   8,   8,   8,   prime power
    9, 3²,            0,  4,  2,  9,   9,   9,   9,   9,   9,   9,   prime power
   10, 2 5,           1,  0,  3,  10,  10,  10,  10,  10,  10,  10,  radical
   11, 11,            2,  1,  4,  0,   11,  11,  11,  11,  11,  11,  prime
   12, 2² 3,          0,  2,  5,  1,   12,  12,  12,  12,  12,  12,  
   13, 13,            1,  3,  6,  2,   0,   13,  13,  13,  13,  13,  prime
   14, 2 7,           2,  4,  0,  3,   1,   14,  14,  14,  14,  14,  radical
   15, 3 5,           0,  0,  1,  4,   2,   15,  15,  15,  15,  15,  radical
   16, 2⁴,            1,  1,  2,  5,   3,   16,  16,  16,  16,  16,  prime power
   17, 17,            2,  2,  3,  6,   4,   0,   17,  17,  17,  17,  prime
   18, 2 3²,          0,  3,  4,  7,   5,   1,   18,  18,  18,  18,  
   19, 19,            1,  4,  5,  8,   6,   2,   0,   19,  19,  19,  prime
   20, 2² 5,          2,  0,  6,  9,   7,   3,   1,   20,  20,  20,  
   21, 3 7,           0,  1,  0,  10,  8,   4,   2,   21,  21,  21,  radical
   22, 2 11,          1,  2,  1,  0,   9,   5,   3,   22,  22,  22,  radical
   23, 23,            2,  3,  2,  1,   10,  6,   4,   0,   23,  23,  prime
   24, 2³ 3,          0,  4,  3,  2,   11,  7,   5,   1,   24,  24,  
   25, 5²,            1,  0,  4,  3,   12,  8,   6,   2,   25,  25,  prime power
   26, 2 13,          2,  1,  5,  4,   0,   9,   7,   3,   26,  26,  radical
   27, 3³,            0,  2,  6,  5,   1,   10,  8,   4,   27,  27,  prime power
   28, 2² 7,          1,  3,  0,  6,   2,   11,  9,   5,   28,  28,  
   29, 29,            2,  4,  1,  7,   3,   12,  10,  6,   0,   29,  prime
   30, 2 3 5,         0,  0,  2,  8,   4,   13,  11,  7,   1,   30,  primorial
   31, 31,            1,  1,  3,  9,   5,   14,  12,  8,   2,   0,   prime
   32, 2⁵,            2,  2,  4,  10,  6,   15,  13,  9,   3,   1,   prime power
   33, 3 11,          0,  3,  5,  0,   7,   16,  14,  10,  4,   2,   radical
   34, 2 17,          1,  4,  6,  1,   8,   0,   15,  11,  5,   3,   radical
   35, 5 7,           2,  0,  0,  2,   9,   1,   16,  12,  6,   4,   radical
   36, 2² 3²,         0,  1,  1,  3,   10,  2,   17,  13,  7,   5,   radical power
   37, 37,            1,  2,  2,  4,   11,  3,   18,  14,  8,   6,   prime
   38, 2 19,          2,  3,  3,  5,   12,  4,   0,   15,  9,   7,   radical
   39, 3 13,          0,  4,  4,  6,   0,   5,   1,   16,  10,  8,   radical
   40, 2³ 5,          1,  0,  5,  7,   1,   6,   2,   17,  11,  9,   
   41, 41,            2,  1,  6,  8,   2,   7,   3,   18,  12,  10,  prime
   42, 2 3 7,         0,  2,  0,  9,   3,   8,   4,   19,  13,  11,  radical
   43, 43,            1,  3,  1,  10,  4,   9,   5,   20,  14,  12,  prime
   44, 2² 11,         2,  4,  2,  0,   5,   10,  6,   21,  15,  13,  
   45, 3² 5,          0,  0,  3,  1,   6,   11,  7,   22,  16,  14,  
   46, 2 23,          1,  1,  4,  2,   7,   12,  8,   0,   17,  15,  radical
   47, 47,            2,  2,  5,  3,   8,   13,  9,   1,   18,  16,  prime
   48, 2⁴ 3,          0,  3,  6,  4,   9,   14,  10,  2,   19,  17,  
   49, 7²,            1,  4,  0,  5,   10,  15,  11,  3,   20,  18,  prime power
   50, 2 5²,          2,  0,  1,  6,   11,  16,  12,  4,   21,  19,  
   51, 3 17,          0,  1,  2,  7,   12,  0,   13,  5,   22,  20,  radical
   52, 2² 13,         1,  2,  3,  8,   0,   1,   14,  6,   23,  21,  
   53, 53,            2,  3,  4,  9,   1,   2,   15,  7,   24,  22,  prime
   54, 2 3³,          0,  4,  5,  10,  2,   3,   16,  8,   25,  23,  
   55, 5 11,          1,  0,  6,  0,   3,   4,   17,  9,   26,  24,  radical
   56, 2³ 7,          2,  1,  0,  1,   4,   5,   18,  10,  27,  25,  
   57, 3 19,          0,  2,  1,  2,   5,   6,   0,   11,  28,  26,  radical
   58, 2 29,          1,  3,  2,  3,   6,   7,   1,   12,  0,   27,  radical
   59, 59,            2,  4,  3,  4,   7,   8,   2,   13,  1,   28,  prime
   60, 2² 3 5,        0,  0,  4,  5,   8,   9,   3,   14,  2,   29,  
   61, 61,            1,  1,  5,  6,   9,   10,  4,   15,  3,   30,  prime
   62, 2 31,          2,  2,  6,  7,   10,  11,  5,   16,  4,   0,   radical
   63, 3² 7,          0,  3,  0,  8,   11,  12,  6,   17,  5,   1,   
   64, 2⁶,            1,  4,  1,  9,   12,  13,  7,   18,  6,   2,   prime power
   65, 5 13,          2,  0,  2,  10,  0,   14,  8,   19,  7,   3,   radical
   66, 2 3 11,        0,  1,  3,  0,   1,   15,  9,   20,  8,   4,   radical
   67, 67,            1,  2,  4,  1,   2,   16,  10,  21,  9,   5,   prime
   68, 2² 17,         2,  3,  5,  2,   3,   0,   11,  22,  10,  6,   
   69, 3 23,          0,  4,  6,  3,   4,   1,   12,  0,   11,  7,   radical
   70, 2 5 7,         1,  0,  0,  4,   5,   2,   13,  1,   12,  8,   radical
   71, 71,            2,  1,  1,  5,   6,   3,   14,  2,   13,  9,   prime
   72, 2³ 3²,         0,  2,  2,  6,   7,   4,   15,  3,   14,  10,  
   73, 73,            1,  3,  3,  7,   8,   5,   16,  4,   15,  11,  prime
   74, 2 37,          2,  4,  4,  8,   9,   6,   17,  5,   16,  12,  radical
   75, 3 5²,          0,  0,  5,  9,   10,  7,   18,  6,   17,  13,  
   76, 2² 19,         1,  1,  6,  10,  11,  8,   0,   7,   18,  14,  
   77, 7 11,          2,  2,  0,  0,   12,  9,   1,   8,   19,  15,  radical
   78, 2 3 13,        0,  3,  1,  1,   0,   10,  2,   9,   20,  16,  radical
   79, 79,            1,  4,  2,  2,   1,   11,  3,   10,  21,  17,  prime
   80, 2⁴ 5,          2,  0,  3,  3,   2,   12,  4,   11,  22,  18,  
   81, 3⁴,            0,  1,  4,  4,   3,   13,  5,   12,  23,  19,  prime power
   82, 2 41,          1,  2,  5,  5,   4,   14,  6,   13,  24,  20,  radical
   83, 83,            2,  3,  6,  6,   5,   15,  7,   14,  25,  21,  prime
   84, 2² 3 7,        0,  4,  0,  7,   6,   16,  8,   15,  26,  22,  
   85, 5 17,          1,  0,  1,  8,   7,   0,   9,   16,  27,  23,  radical
   86, 2 43,          2,  1,  2,  9,   8,   1,   10,  17,  28,  24,  radical
   87, 3 29,          0,  2,  3,  10,  9,   2,   11,  18,  0,   25,  radical
   88, 2³ 11,         1,  3,  4,  0,   10,  3,   12,  19,  1,   26,  
   89, 89,            2,  4,  5,  1,   11,  4,   13,  20,  2,   27,  prime
   90, 2 3² 5,        0,  0,  6,  2,   12,  5,   14,  21,  3,   28,  
   91, 7 13,          1,  1,  0,  3,   0,   6,   15,  22,  4,   29,  radical
   92, 2² 23,         2,  2,  1,  4,   1,   7,   16,  0,   5,   30,  
   93, 3 31,          0,  3,  2,  5,   2,   8,   17,  1,   6,   0,   radical
   94, 2 47,          1,  4,  3,  6,   3,   9,   18,  2,   7,   1,   radical
   95, 5 19,          2,  0,  4,  7,   4,   10,  0,   3,   8,   2,   radical
   96, 2⁵ 3,          0,  1,  5,  8,   5,   11,  1,   4,   9,   3,   
   97, 97,            1,  2,  6,  9,   6,   12,  2,   5,   10,  4,   prime
   98, 2 7²,          2,  3,  0,  10,  7,   13,  3,   6,   11,  5,   
   99, 3² 11,         0,  4,  1,  0,   8,   14,  4,   7,   12,  6,   
  100, 2² 5²,         1,  0,  2,  1,   9,   15,  5,   8,   13,  7,   radical power
  101, 101,           2,  1,  3,  2,   10,  16,  6,   9,   14,  8,   prime
  102, 2 3 17,        0,  2,  4,  3,   11,  0,   7,   10,  15,  9,   radical
  103, 103,           1,  3,  5,  4,   12,  1,   8,   11,  16,  10,  prime
  104, 2³ 13,         2,  4,  6,  5,   0,   2,   9,   12,  17,  11,  
  105, 3 5 7,         0,  0,  0,  6,   1,   3,   10,  13,  18,  12,  radical
  106, 2 53,          1,  1,  1,  7,   2,   4,   11,  14,  19,  13,  radical
  107, 107,           2,  2,  2,  8,   3,   5,   12,  15,  20,  14,  prime
  108, 2² 3³,         0,  3,  3,  9,   4,   6,   13,  16,  21,  15,  
  109, 109,           1,  4,  4,  10,  5,   7,   14,  17,  22,  16,  prime
  110, 2 5 11,        2,  0,  5,  0,   6,   8,   15,  18,  23,  17,  radical
  111, 3 37,          0,  1,  6,  1,   7,   9,   16,  19,  24,  18,  radical
  112, 2⁴ 7,          1,  2,  0,  2,   8,   10,  17,  20,  25,  19,  
  113, 113,           2,  3,  1,  3,   9,   11,  18,  21,  26,  20,  prime
  114, 2 3 19,        0,  4,  2,  4,   10,  12,  0,   22,  27,  21,  radical
  115, 5 23,          1,  0,  3,  5,   11,  13,  1,   0,   28,  22,  radical
  116, 2² 29,         2,  1,  4,  6,   12,  14,  2,   1,   0,   23,  
  117, 3² 13,         0,  2,  5,  7,   0,   15,  3,   2,   1,   24,  
  118, 2 59,          1,  3,  6,  8,   1,   16,  4,   3,   2,   25,  radical
  119, 7 17,          2,  4,  0,  9,   2,   0,   5,   4,   3,   26,  radical
  120, 2³ 3 5,        0,  0,  1,  10,  3,   1,   6,   5,   4,   27,  
  121, 11²,           1,  1,  2,  0,   4,   2,   7,   6,   5,   28,  prime power
  122, 2 61,          2,  2,  3,  1,   5,   3,   8,   7,   6,   29,  radical
  123, 3 41,          0,  3,  4,  2,   6,   4,   9,   8,   7,   30,  radical
  124, 2² 31,         1,  4,  5,  3,   7,   5,   10,  9,   8,   0,   
  125, 5³,            2,  0,  6,  4,   8,   6,   11,  10,  9,   1,   prime power
  126, 2 3² 7,        0,  1,  0,  5,   9,   7,   12,  11,  10,  2,   
  127, 127,           1,  2,  1,  6,   10,  8,   13,  12,  11,  3,   prime
  128, 2⁷,            2,  3,  2,  7,   11,  9,   14,  13,  12,  4,   prime power
  129, 3 43,          0,  4,  3,  8,   12,  10,  15,  14,  13,  5,   radical
  130, 2 5 13,        1,  0,  4,  9,   0,   11,  16,  15,  14,  6,   radical
  131, 131,           2,  1,  5,  10,  1,   12,  17,  16,  15,  7,   prime
  132, 2² 3 11,       0,  2,  6,  0,   2,   13,  18,  17,  16,  8,   
  133, 7 19,          1,  3,  0,  1,   3,   14,  0,   18,  17,  9,   radical
  134, 2 67,          2,  4,  1,  2,   4,   15,  1,   19,  18,  10,  radical
  135, 3³ 5,          0,  0,  2,  3,   5,   16,  2,   20,  19,  11,  
  136, 2³ 17,         1,  1,  3,  4,   6,   0,   3,   21,  20,  12,  
  137, 137,           2,  2,  4,  5,   7,   1,   4,   22,  21,  13,  prime
  138, 2 3 23,        0,  3,  5,  6,   8,   2,   5,   0,   22,  14,  radical
  139, 139,           1,  4,  6,  7,   9,   3,   6,   1,   23,  15,  prime
  140, 2² 5 7,        2,  0,  0,  8,   10,  4,   7,   2,   24,  16,  
  141, 3 47,          0,  1,  1,  9,   11,  5,   8,   3,   25,  17,  radical
  142, 2 71,          1,  2,  2,  10,  12,  6,   9,   4,   26,  18,  radical
  143, 11 13,         2,  3,  3,  0,   0,   7,   10,  5,   27,  19,  radical
  144, 2⁴ 3²,         0,  4,  4,  1,   1,   8,   11,  6,   28,  20,  
  145, 5 29,          1,  0,  5,  2,   2,   9,   12,  7,   0,   21,  radical
  146, 2 73,          2,  1,  6,  3,   3,   10,  13,  8,   1,   22,  radical
  147, 3 7²,          0,  2,  0,  4,   4,   11,  14,  9,   2,   23,  
  148, 2² 37,         1,  3,  1,  5,   5,   12,  15,  10,  3,   24,  
  149, 149,           2,  4,  2,  6,   6,   13,  16,  11,  4,   25,  prime
  150, 2 3 5²,        0,  0,  3,  7,   7,   14,  17,  12,  5,   26,  
  151, 151,           1,  1,  4,  8,   8,   15,  18,  13,  6,   27,  prime
  152, 2³ 19,         2,  2,  5,  9,   9,   16,  0,   14,  7,   28,  
  153, 3² 17,         0,  3,  6,  10,  10,  0,   1,   15,  8,   29,  
  154, 2 7 11,        1,  4,  0,  0,   11,  1,   2,   16,  9,   30,  radical
  155, 5 31,          2,  0,  1,  1,   12,  2,   3,   17,  10,  0,   radical
  156, 2² 3 13,       0,  1,  2,  2,   0,   3,   4,   18,  11,  1,   
  157, 157,           1,  2,  3,  3,   1,   4,   5,   19,  12,  2,   prime
  158, 2 79,          2,  3,  4,  4,   2,   5,   6,   20,  13,  3,   radical
  159, 3 53,          0,  4,  5,  5,   3,   6,   7,   21,  14,  4,   radical
  160, 2⁵ 5,          1,  0,  6,  6,   4,   7,   8,   22,  15,  5,   
  161, 7 23,          2,  1,  0,  7,   5,   8,   9,   0,   16,  6,   radical
  162, 2 3⁴,          0,  2,  1,  8,   6,   9,   10,  1,   17,  7,   
  163, 163,           1,  3,  2,  9,   7,   10,  11,  2,   18,  8,   prime
  164, 2² 41,         2,  4,  3,  10,  8,   11,  12,  3,   19,  9,   
  165, 3 5 11,        0,  0,  4,  0,   9,   12,  13,  4,   20,  10,  radical
  166, 2 83,          1,  1,  5,  1,   10,  13,  14,  5,   21,  11,  radical
  167, 167,           2,  2,  6,  2,   11,  14,  15,  6,   22,  12,  prime
  168, 2³ 3 7,        0,  3,  0,  3,   12,  15,  16,  7,   23,  13,  
  169, 13²,           1,  4,  1,  4,   0,   16,  17,  8,   24,  14,  prime power
  170, 2 5 17,        2,  0,  2,  5,   1,   0,   18,  9,   25,  15,  radical
  171, 3² 19,         0,  1,  3,  6,   2,   1,   0,   10,  26,  16,  
  172, 2² 43,         1,  2,  4,  7,   3,   2,   1,   11,  27,  17,  
  173, 173,           2,  3,  5,  8,   4,   3,   2,   12,  28,  18,  prime
  174, 2 3 29,        0,  4,  6,  9,   5,   4,   3,   13,  0,   19,  radical
  175, 5² 7,          1,  0,  0,  10,  6,   5,   4,   14,  1,   20,  
  176, 2⁴ 11,         2,  1,  1,  0,   7,   6,   5,   15,  2,   21,  
  177, 3 59,          0,  2,  2,  1,   8,   7,   6,   16,  3,   22,  radical
  178, 2 89,          1,  3,  3,  2,   9,   8,   7,   17,  4,   23,  radical
  179, 179,           2,  4,  4,  3,   10,  9,   8,   18,  5,   24,  prime
  180, 2² 3² 5,       0,  0,  5,  4,   11,  10,  9,   19,  6,   25,  
  181, 181,           1,  1,  6,  5,   12,  11,  10,  20,  7,   26,  prime
  182, 2 7 13,        2,  2,  0,  6,   0,   12,  11,  21,  8,   27,  radical
  183, 3 61,          0,  3,  1,  7,   1,   13,  12,  22,  9,   28,  radical
  184, 2³ 23,         1,  4,  2,  8,   2,   14,  13,  0,   10,  29,  
  185, 5 37,          2,  0,  3,  9,   3,   15,  14,  1,   11,  30,  radical
  186, 2 3 31,        0,  1,  4,  10,  4,   16,  15,  2,   12,  0,   radical
  187, 11 17,         1,  2,  5,  0,   5,   0,   16,  3,   13,  1,   radical
  188, 2² 47,         2,  3,  6,  1,   6,   1,   17,  4,   14,  2,   
  189, 3³ 7,          0,  4,  0,  2,   7,   2,   18,  5,   15,  3,   
  190, 2 5 19,        1,  0,  1,  3,   8,   3,   0,   6,   16,  4,   radical
  191, 191,           2,  1,  2,  4,   9,   4,   1,   7,   17,  5,   prime
  192, 2⁶ 3,          0,  2,  3,  5,   10,  5,   2,   8,   18,  6,   
  193, 193,           1,  3,  4,  6,   11,  6,   3,   9,   19,  7,   prime
  194, 2 97,          2,  4,  5,  7,   12,  7,   4,   10,  20,  8,   radical
  195, 3 5 13,        0,  0,  6,  8,   0,   8,   5,   11,  21,  9,   radical
  196, 2² 7²,         1,  1,  0,  9,   1,   9,   6,   12,  22,  10,  radical power
  197, 197,           2,  2,  1,  10,  2,   10,  7,   13,  23,  11,  prime
  198, 2 3² 11,       0,  3,  2,  0,   3,   11,  8,   14,  24,  12,  
  199, 199,           1,  4,  3,  1,   4,   12,  9,   15,  25,  13,  prime
  200, 2³ 5²,         2,  0,  4,  2,   5,   13,  10,  16,  26,  14,  
  201, 3 67,          0,  1,  5,  3,   6,   14,  11,  17,  27,  15,  radical
  202, 2 101,         1,  2,  6,  4,   7,   15,  12,  18,  28,  16,  radical
  203, 7 29,          2,  3,  0,  5,   8,   16,  13,  19,  0,   17,  radical
  204, 2² 3 17,       0,  4,  1,  6,   9,   0,   14,  20,  1,   18,  
  205, 5 41,          1,  0,  2,  7,   10,  1,   15,  21,  2,   19,  radical
  206, 2 103,         2,  1,  3,  8,   11,  2,   16,  22,  3,   20,  radical
  207, 3² 23,         0,  2,  4,  9,   12,  3,   17,  0,   4,   21,  
  208, 2⁴ 13,         1,  3,  5,  10,  0,   4,   18,  1,   5,   22,  
  209, 11 19,         2,  4,  6,  0,   1,   5,   0,   2,   6,   23,  radical
  210, 2 3 5 7,       0,  0,  0,  1,   2,   6,   1,   3,   7,   24,  primorial
  211, 211,           1,  1,  1,  2,   3,   7,   2,   4,   8,   25,  prime
  212, 2² 53,         2,  2,  2,  3,   4,   8,   3,   5,   9,   26,  
  213, 3 71,          0,  3,  3,  4,   5,   9,   4,   6,   10,  27,  radical
  214, 2 107,         1,  4,  4,  5,   6,   10,  5,   7,   11,  28,  radical
  215, 5 43,          2,  0,  5,  6,   7,   11,  6,   8,   12,  29,  radical
  216, 2³ 3³,         0,  1,  6,  7,   8,   12,  7,   9,   13,  30,  radical power
  217, 7 31,          1,  2,  0,  8,   9,   13,  8,   10,  14,  0,   radical
  218, 2 109,         2,  3,  1,  9,   10,  14,  9,   11,  15,  1,   radical
  219, 3 73,          0,  4,  2,  10,  11,  15,  10,  12,  16,  2,   radical
  220, 2² 5 11,       1,  0,  3,  0,   12,  16,  11,  13,  17,  3,   
  221, 13 17,         2,  1,  4,  1,   0,   0,   12,  14,  18,  4,   radical
  222, 2 3 37,        0,  2,  5,  2,   1,   1,   13,  15,  19,  5,   radical
  223, 223,           1,  3,  6,  3,   2,   2,   14,  16,  20,  6,   prime
  224, 2⁵ 7,          2,  4,  0,  4,   3,   3,   15,  17,  21,  7,   
  225, 3² 5²,         0,  0,  1,  5,   4,   4,   16,  18,  22,  8,   radical power
  226, 2 113,         1,  1,  2,  6,   5,   5,   17,  19,  23,  9,   radical
  227, 227,           2,  2,  3,  7,   6,   6,   18,  20,  24,  10,  prime
  228, 2² 3 19,       0,  3,  4,  8,   7,   7,   0,   21,  25,  11,  
  229, 229,           1,  4,  5,  9,   8,   8,   1,   22,  26,  12,  prime
  230, 2 5 23,        2,  0,  6,  10,  9,   9,   2,   0,   27,  13,  radical
  231, 3 7 11,        0,  1,  0,  0,   10,  10,  3,   1,   28,  14,  radical
  232, 2³ 29,         1,  2,  1,  1,   11,  11,  4,   2,   0,   15,  
  233, 233,           2,  3,  2,  2,   12,  12,  5,   3,   1,   16,  prime
  234, 2 3² 13,       0,  4,  3,  3,   0,   13,  6,   4,   2,   17,  
  235, 5 47,          1,  0,  4,  4,   1,   14,  7,   5,   3,   18,  radical
  236, 2² 59,         2,  1,  5,  5,   2,   15,  8,   6,   4,   19,  
  237, 3 79,          0,  2,  6,  6,   3,   16,  9,   7,   5,   20,  radical
  238, 2 7 17,        1,  3,  0,  7,   4,   0,   10,  8,   6,   21,  radical
  239, 239,           2,  4,  1,  8,   5,   1,   11,  9,   7,   22,  prime
  240, 2⁴ 3 5,        0,  0,  2,  9,   6,   2,   12,  10,  8,   23,  
  241, 241,           1,  1,  3,  10,  7,   3,   13,  11,  9,   24,  prime
  242, 2 11²,         2,  2,  4,  0,   8,   4,   14,  12,  10,  25,  
  243, 3⁵,            0,  3,  5,  1,   9,   5,   15,  13,  11,  26,  prime power
  244, 2² 61,         1,  4,  6,  2,   10,  6,   16,  14,  12,  27,  
  245, 5 7²,          2,  0,  0,  3,   11,  7,   17,  15,  13,  28,  
  246, 2 3 41,        0,  1,  1,  4,   12,  8,   18,  16,  14,  29,  radical
  247, 13 19,         1,  2,  2,  5,   0,   9,   0,   17,  15,  30,  radical
  248, 2³ 31,         2,  3,  3,  6,   1,   10,  1,   18,  16,  0,   
  249, 3 83,          0,  4,  4,  7,   2,   11,  2,   19,  17,  1,   radical
  250, 2 5³,          1,  0,  5,  8,   3,   12,  3,   20,  18,  2,   
  251, 251,           2,  1,  6,  9,   4,   13,  4,   21,  19,  3,   prime
  252, 2² 3² 7,       0,  2,  0,  10,  5,   14,  5,   22,  20,  4,   
  253, 11 23,         1,  3,  1,  0,   6,   15,  6,   0,   21,  5,   radical
  254, 2 127,         2,  4,  2,  1,   7,   16,  7,   1,   22,  6,   radical
  255, 3 5 17,        0,  0,  3,  2,   8,   0,   8,   2,   23,  7,   radical
  256, 2⁸,            1,  1,  4,  3,   9,   1,   9,   3,   24,  8,   prime power
  257, 257,           2,  2,  5,  4,   10,  2,   10,  4,   25,  9,   prime
  258, 2 3 43,        0,  3,  6,  5,   11,  3,   11,  5,   26,  10,  radical
  259, 7 37,          1,  4,  0,  6,   12,  4,   12,  6,   27,  11,  radical
  260, 2² 5 13,       2,  0,  1,  7,   0,   5,   13,  7,   28,  12,  
  261, 3² 29,         0,  1,  2,  8,   1,   6,   14,  8,   0,   13,  
  262, 2 131,         1,  2,  3,  9,   2,   7,   15,  9,   1,   14,  radical
  263, 263,           2,  3,  4,  10,  3,   8,   16,  10,  2,   15,  prime
  264, 2³ 3 11,       0,  4,  5,  0,   4,   9,   17,  11,  3,   16,  
  265, 5 53,          1,  0,  6,  1,   5,   10,  18,  12,  4,   17,  radical
  266, 2 7 19,        2,  1,  0,  2,   6,   11,  0,   13,  5,   18,  radical
  267, 3 89,          0,  2,  1,  3,   7,   12,  1,   14,  6,   19,  radical
  268, 2² 67,         1,  3,  2,  4,   8,   13,  2,   15,  7,   20,  
  269, 269,           2,  4,  3,  5,   9,   14,  3,   16,  8,   21,  prime
  270, 2 3³ 5,        0,  0,  4,  6,   10,  15,  4,   17,  9,   22,  
  271, 271,           1,  1,  5,  7,   11,  16,  5,   18,  10,  23,  prime
  272, 2⁴ 17,         2,  2,  6,  8,   12,  0,   6,   19,  11,  24,  
  273, 3 7 13,        0,  3,  0,  9,   0,   1,   7,   20,  12,  25,  radical
  274, 2 137,         1,  4,  1,  10,  1,   2,   8,   21,  13,  26,  radical
  275, 5² 11,         2,  0,  2,  0,   2,   3,   9,   22,  14,  27,  
  276, 2² 3 23,       0,  1,  3,  1,   3,   4,   10,  0,   15,  28,  
  277, 277,           1,  2,  4,  2,   4,   5,   11,  1,   16,  29,  prime
  278, 2 139,         2,  3,  5,  3,   5,   6,   12,  2,   17,  30,  radical
  279, 3² 31,         0,  4,  6,  4,   6,   7,   13,  3,   18,  0,   
  280, 2³ 5 7,        1,  0,  0,  5,   7,   8,   14,  4,   19,  1,   
  281, 281,           2,  1,  1,  6,   8,   9,   15,  5,   20,  2,   prime
  282, 2 3 47,        0,  2,  2,  7,   9,   10,  16,  6,   21,  3,   radical
  283, 283,           1,  3,  3,  8,   10,  11,  17,  7,   22,  4,   prime
  284, 2² 71,         2,  4,  4,  9,   11,  12,  18,  8,   23,  5,   
  285, 3 5 19,        0,  0,  5,  10,  12,  13,  0,   9,   24,  6,   radical
  286, 2 11 13,       1,  1,  6,  0,   0,   14,  1,   10,  25,  7,   radical
  287, 7 41,          2,  2,  0,  1,   1,   15,  2,   11,  26,  8,   radical
  288, 2⁵ 3²,         0,  3,  1,  2,   2,   16,  3,   12,  27,  9,   
  289, 17²,           1,  4,  2,  3,   3,   0,   4,   13,  28,  10,  prime power
  290, 2 5 29,        2,  0,  3,  4,   4,   1,   5,   14,  0,   11,  radical
  291, 3 97,          0,  1,  4,  5,   5,   2,   6,   15,  1,   12,  radical
  292, 2² 73,         1,  2,  5,  6,   6,   3,   7,   16,  2,   13,  
  293, 293,           2,  3,  6,  7,   7,   4,   8,   17,  3,   14,  prime
  294, 2 3 7²,        0,  4,  0,  8,   8,   5,   9,   18,  4,   15,  
  295, 5 59,          1,  0,  1,  9,   9,   6,   10,  19,  5,   16,  radical
  296, 2³ 37,         2,  1,  2,  10,  10,  7,   11,  20,  6,   17,  
  297, 3³ 11,         0,  2,  3,  0,   11,  8,   12,  21,  7,   18,  
  298, 2 149,         1,  3,  4,  1,   12,  9,   13,  22,  8,   19,  radical
  299, 13 23,         2,  4,  5,  2,   0,   10,  14,  0,   9,   20,  radical
  300, 2² 3 5²,       0,  0,  6,  3,   1,   11,  15,  1,   10,  21,  
  301, 7 43,          1,  1,  0,  4,   2,   12,  16,  2,   11,  22,  radical
  302, 2 151,         2,  2,  1,  5,   3,   13,  17,  3,   12,  23,  radical
  303, 3 101,         0,  3,  2,  6,   4,   14,  18,  4,   13,  24,  radical
  304, 2⁴ 19,         1,  4,  3,  7,   5,   15,  0,   5,   14,  25,  
  305, 5 61,          2,  0,  4,  8,   6,   16,  1,   6,   15,  26,  radical
  306, 2 3² 17,       0,  1,  5,  9,   7,   0,   2,   7,   16,  27,  
  307, 307,           1,  2,  6,  10,  8,   1,   3,   8,   17,  28,  prime
  308, 2² 7 11,       2,  3,  0,  0,   9,   2,   4,   9,   18,  29,  
  309, 3 103,         0,  4,  1,  1,   10,  3,   5,   10,  19,  30,  radical
  310, 2 5 31,        1,  0,  2,  2,   11,  4,   6,   11,  20,  0,   radical
  311, 311,           2,  1,  3,  3,   12,  5,   7,   12,  21,  1,   prime
  312, 2³ 3 13,       0,  2,  4,  4,   0,   6,   8,   13,  22,  2,   
  313, 313,           1,  3,  5,  5,   1,   7,   9,   14,  23,  3,   prime
  314, 2 157,         2,  4,  6,  6,   2,   8,   10,  15,  24,  4,   radical
  315, 3² 5 7,        0,  0,  0,  7,   3,   9,   11,  16,  25,  5,   
  316, 2² 79,         1,  1,  1,  8,   4,   10,  12,  17,  26,  6,   
  317, 317,           2,  2,  2,  9,   5,   11,  13,  18,  27,  7,   prime
  318, 2 3 53,        0,  3,  3,  10,  6,   12,  14,  19,  28,  8,   radical
  319, 11 29,         1,  4,  4,  0,   7,   13,  15,  20,  0,   9,   radical
  320, 2⁶ 5,          2,  0,  5,  1,   8,   14,  16,  21,  1,   10,  
  321, 3 107,         0,  1,  6,  2,   9,   15,  17,  22,  2,   11,  radical
  322, 2 7 23,        1,  2,  0,  3,   10,  16,  18,  0,   3,   12,  radical
  323, 17 19,         2,  3,  1,  4,   11,  0,   0,   1,   4,   13,  radical
  324, 2² 3⁴,         0,  4,  2,  5,   12,  1,   1,   2,   5,   14,  
  325, 5² 13,         1,  0,  3,  6,   0,   2,   2,   3,   6,   15,  
  326, 2 163,         2,  1,  4,  7,   1,   3,   3,   4,   7,   16,  radical
  327, 3 109,         0,  2,  5,  8,   2,   4,   4,   5,   8,   17,  radical
  328, 2³ 41,         1,  3,  6,  9,   3,   5,   5,   6,   9,   18,  
  329, 7 47,          2,  4,  0,  10,  4,   6,   6,   7,   10,  19,  radical
  330, 2 3 5 11,      0,  0,  1,  0,   5,   7,   7,   8,   11,  20,  radical
  331, 331,           1,  1,  2,  1,   6,   8,   8,   9,   12,  21,  prime
  332, 2² 83,         2,  2,  3,  2,   7,   9,   9,   10,  13,  22,  
  333, 3² 37,         0,  3,  4,  3,   8,   10,  10,  11,  14,  23,  
  334, 2 167,         1,  4,  5,  4,   9,   11,  11,  12,  15,  24,  radical
  335, 5 67,          2,  0,  6,  5,   10,  12,  12,  13,  16,  25,  radical
  336, 2⁴ 3 7,        0,  1,  0,  6,   11,  13,  13,  14,  17,  26,  
  337, 337,           1,  2,  1,  7,   12,  14,  14,  15,  18,  27,  prime
  338, 2 13²,         2,  3,  2,  8,   0,   15,  15,  16,  19,  28,  
  339, 3 113,         0,  4,  3,  9,   1,   16,  16,  17,  20,  29,  radical
  340, 2² 5 17,       1,  0,  4,  10,  2,   0,   17,  18,  21,  30,  
  341, 11 31,         2,  1,  5,  0,   3,   1,   18,  19,  22,  0,   radical
  342, 2 3² 19,       0,  2,  6,  1,   4,   2,   0,   20,  23,  1,   
  343, 7³,            1,  3,  0,  2,   5,   3,   1,   21,  24,  2,   prime power
  344, 2³ 43,         2,  4,  1,  3,   6,   4,   2,   22,  25,  3,   
  345, 3 5 23,        0,  0,  2,  4,   7,   5,   3,   0,   26,  4,   radical
  346, 2 173,         1,  1,  3,  5,   8,   6,   4,   1,   27,  5,   radical
  347, 347,           2,  2,  4,  6,   9,   7,   5,   2,   28,  6,   prime
  348, 2² 3 29,       0,  3,  5,  7,   10,  8,   6,   3,   0,   7,   
  349, 349,           1,  4,  6,  8,   11,  9,   7,   4,   1,   8,   prime
  350, 2 5² 7,        2,  0,  0,  9,   12,  10,  8,   5,   2,   9,   
  351, 3³ 13,         0,  1,  1,  10,  0,   11,  9,   6,   3,   10,  
  352, 2⁵ 11,         1,  2,  2,  0,   1,   12,  10,  7,   4,   11,  
  353, 353,           2,  3,  3,  1,   2,   13,  11,  8,   5,   12,  prime
  354, 2 3 59,        0,  4,  4,  2,   3,   14,  12,  9,   6,   13,  radical
  355, 5 71,          1,  0,  5,  3,   4,   15,  13,  10,  7,   14,  radical
  356, 2² 89,         2,  1,  6,  4,   5,   16,  14,  11,  8,   15,  
  357, 3 7 17,        0,  2,  0,  5,   6,   0,   15,  12,  9,   16,  radical
  358, 2 179,         1,  3,  1,  6,   7,   1,   16,  13,  10,  17,  radical
  359, 359,           2,  4,  2,  7,   8,   2,   17,  14,  11,  18,  prime
  360, 2³ 3² 5,       0,  0,  3,  8,   9,   3,   18,  15,  12,  19,  
  361, 19²,           1,  1,  4,  9,   10,  4,   0,   16,  13,  20,  prime power
  362, 2 181,         2,  2,  5,  10,  11,  5,   1,   17,  14,  21,  radical
  363, 3 11²,         0,  3,  6,  0,   12,  6,   2,   18,  15,  22,  
  364, 2² 7 13,       1,  4,  0,  1,   0,   7,   3,   19,  16,  23,  
  365, 5 73,          2,  0,  1,  2,   1,   8,   4,   20,  17,  24,  radical
  366, 2 3 61,        0,  1,  2,  3,   2,   9,   5,   21,  18,  25,  radical
  367, 367,           1,  2,  3,  4,   3,   10,  6,   22,  19,  26,  prime
  368, 2⁴ 23,         2,  3,  4,  5,   4,   11,  7,   0,   20,  27,  
  369, 3² 41,         0,  4,  5,  6,   5,   12,  8,   1,   21,  28,  
  370, 2 5 37,        1,  0,  6,  7,   6,   13,  9,   2,   22,  29,  radical
  371, 7 53,          2,  1,  0,  8,   7,   14,  10,  3,   23,  30,  radical
  372, 2² 3 31,       0,  2,  1,  9,   8,   15,  11,  4,   24,  0,   
  373, 373,           1,  3,  2,  10,  9,   16,  12,  5,   25,  1,   prime
  374, 2 11 17,       2,  4,  3,  0,   10,  0,   13,  6,   26,  2,   radical
  375, 3 5³,          0,  0,  4,  1,   11,  1,   14,  7,   27,  3,   
  376, 2³ 47,         1,  1,  5,  2,   12,  2,   15,  8,   28,  4,   
  377, 13 29,         2,  2,  6,  3,   0,   3,   16,  9,   0,   5,   radical
  378, 2 3³ 7,        0,  3,  0,  4,   1,   4,   17,  10,  1,   6,   
  379, 379,           1,  4,  1,  5,   2,   5,   18,  11,  2,   7,   prime
  380, 2² 5 19,       2,  0,  2,  6,   3,   6,   0,   12,  3,   8,   
  381, 3 127,         0,  1,  3,  7,   4,   7,   1,   13,  4,   9,   radical
  382, 2 191,         1,  2,  4,  8,   5,   8,   2,   14,  5,   10,  radical
  383, 383,           2,  3,  5,  9,   6,   9,   3,   15,  6,   11,  prime
  384, 2⁷ 3,          0,  4,  6,  10,  7,   10,  4,   16,  7,   12,  
  385, 5 7 11,        1,  0,  0,  0,   8,   11,  5,   17,  8,   13,  radical
  386, 2 193,         2,  1,  1,  1,   9,   12,  6,   18,  9,   14,  radical
  387, 3² 43,         0,  2,  2,  2,   10,  13,  7,   19,  10,  15,  
  388, 2² 97,         1,  3,  3,  3,   11,  14,  8,   20,  11,  16,  
  389, 389,           2,  4,  4,  4,   12,  15,  9,   21,  12,  17,  prime
  390, 2 3 5 13,      0,  0,  5,  5,   0,   16,  10,  22,  13,  18,  radical
  391, 17 23,         1,  1,  6,  6,   1,   0,   11,  0,   14,  19,  radical
  392, 2³ 7²,         2,  2,  0,  7,   2,   1,   12,  1,   15,  20,  
  393, 3 131,         0,  3,  1,  8,   3,   2,   13,  2,   16,  21,  radical
  394, 2 197,         1,  4,  2,  9,   4,   3,   14,  3,   17,  22,  radical
  395, 5 79,          2,  0,  3,  10,  5,   4,   15,  4,   18,  23,  radical
  396, 2² 3² 11,      0,  1,  4,  0,   6,   5,   16,  5,   19,  24,  
  397, 397,           1,  2,  5,  1,   7,   6,   17,  6,   20,  25,  prime
  398, 2 199,         2,  3,  6,  2,   8,   7,   18,  7,   21,  26,  radical
  399, 3 7 19,        0,  4,  0,  3,   9,   8,   0,   8,   22,  27,  radical
  400, 2⁴ 5²,         1,  0,  1,  4,   10,  9,   1,   9,   23,  28,  
  401, 401,           2,  1,  2,  5,   11,  10,  2,   10,  24,  29,  prime
  402, 2 3 67,        0,  2,  3,  6,   12,  11,  3,   11,  25,  30,  radical
  403, 13 31,         1,  3,  4,  7,   0,   12,  4,   12,  26,  0,   radical
  404, 2² 101,        2,  4,  5,  8,   1,   13,  5,   13,  27,  1,   
  405, 3⁴ 5,          0,  0,  6,  9,   2,   14,  6,   14,  28,  2,   
  406, 2 7 29,        1,  1,  0,  10,  3,   15,  7,   15,  0,   3,   radical
  407, 11 37,         2,  2,  1,  0,   4,   16,  8,   16,  1,   4,   radical
  408, 2³ 3 17,       0,  3,  2,  1,   5,   0,   9,   17,  2,   5,   
  409, 409,           1,  4,  3,  2,   6,   1,   10,  18,  3,   6,   prime
  410, 2 5 41,        2,  0,  4,  3,   7,   2,   11,  19,  4,   7,   radical
  411, 3 137,         0,  1,  5,  4,   8,   3,   12,  20,  5,   8,   radical
  412, 2² 103,        1,  2,  6,  5,   9,   4,   13,  21,  6,   9,   
  413, 7 59,          2,  3,  0,  6,   10,  5,   14,  22,  7,   10,  radical
  414, 2 3² 23,       0,  4,  1,  7,   11,  6,   15,  0,   8,   11,  
  415, 5 83,          1,  0,  2,  8,   12,  7,   16,  1,   9,   12,  radical
  416, 2⁵ 13,         2,  1,  3,  9,   0,   8,   17,  2,   10,  13,  
  417, 3 139,         0,  2,  4,  10,  1,   9,   18,  3,   11,  14,  radical
  418, 2 11 19,       1,  3,  5,  0,   2,   10,  0,   4,   12,  15,  radical
  419, 419,           2,  4,  6,  1,   3,   11,  1,   5,   13,  16,  prime
  420, 2² 3 5 7,      0,  0,  0,  2,   4,   12,  2,   6,   14,  17,  
  421, 421,           1,  1,  1,  3,   5,   13,  3,   7,   15,  18,  prime
  422, 2 211,         2,  2,  2,  4,   6,   14,  4,   8,   16,  19,  radical
  423, 3² 47,         0,  3,  3,  5,   7,   15,  5,   9,   17,  20,  
  424, 2³ 53,         1,  4,  4,  6,   8,   16,  6,   10,  18,  21,  
  425, 5² 17,         2,  0,  5,  7,   9,   0,   7,   11,  19,  22,  
  426, 2 3 71,        0,  1,  6,  8,   10,  1,   8,   12,  20,  23,  radical
  427, 7 61,          1,  2,  0,  9,   11,  2,   9,   13,  21,  24,  radical
  428, 2² 107,        2,  3,  1,  10,  12,  3,   10,  14,  22,  25,  
  429, 3 11 13,       0,  4,  2,  0,   0,   4,   11,  15,  23,  26,  radical
  430, 2 5 43,        1,  0,  3,  1,   1,   5,   12,  16,  24,  27,  radical
  431, 431,           2,  1,  4,  2,   2,   6,   13,  17,  25,  28,  prime
  432, 2⁴ 3³,         0,  2,  5,  3,   3,   7,   14,  18,  26,  29,  
  433, 433,           1,  3,  6,  4,   4,   8,   15,  19,  27,  30,  prime
  434, 2 7 31,        2,  4,  0,  5,   5,   9,   16,  20,  28,  0,   radical
  435, 3 5 29,        0,  0,  1,  6,   6,   10,  17,  21,  0,   1,   radical
  436, 2² 109,        1,  1,  2,  7,   7,   11,  18,  22,  1,   2,   
  437, 19 23,         2,  2,  3,  8,   8,   12,  0,   0,   2,   3,   radical
  438, 2 3 73,        0,  3,  4,  9,   9,   13,  1,   1,   3,   4,   radical
  439, 439,           1,  4,  5,  10,  10,  14,  2,   2,   4,   5,   prime
  440, 2³ 5 11,       2,  0,  6,  0,   11,  15,  3,   3,   5,   6,   
  441, 3² 7²,         0,  1,  0,  1,   12,  16,  4,   4,   6,   7,   radical power
  442, 2 13 17,       1,  2,  1,  2,   0,   0,   5,   5,   7,   8,   radical
  443, 443,           2,  3,  2,  3,   1,   1,   6,   6,   8,   9,   prime
  444, 2² 3 37,       0,  4,  3,  4,   2,   2,   7,   7,   9,   10,  
  445, 5 89,          1,  0,  4,  5,   3,   3,   8,   8,   10,  11,  radical
  446, 2 223,         2,  1,  5,  6,   4,   4,   9,   9,   11,  12,  radical
  447, 3 149,         0,  2,  6,  7,   5,   5,   10,  10,  12,  13,  radical
  448, 2⁶ 7,          1,  3,  0,  8,   6,   6,   11,  11,  13,  14,  
  449, 449,           2,  4,  1,  9,   7,   7,   12,  12,  14,  15,  prime
  450, 2 3² 5²,       0,  0,  2,  10,  8,   8,   13,  13,  15,  16,  
  451, 11 41,         1,  1,  3,  0,   9,   9,   14,  14,  16,  17,  radical
  452, 2² 113,        2,  2,  4,  1,   10,  10,  15,  15,  17,  18,  
  453, 3 151,         0,  3,  5,  2,   11,  11,  16,  16,  18,  19,  radical
  454, 2 227,         1,  4,  6,  3,   12,  12,  17,  17,  19,  20,  radical
  455, 5 7 13,        2,  0,  0,  4,   0,   13,  18,  18,  20,  21,  radical
  456, 2³ 3 19,       0,  1,  1,  5,   1,   14,  0,   19,  21,  22,  
  457, 457,           1,  2,  2,  6,   2,   15,  1,   20,  22,  23,  prime
  458, 2 229,         2,  3,  3,  7,   3,   16,  2,   21,  23,  24,  radical
  459, 3³ 17,         0,  4,  4,  8,   4,   0,   3,   22,  24,  25,  
  460, 2² 5 23,       1,  0,  5,  9,   5,   1,   4,   0,   25,  26,  
  461, 461,           2,  1,  6,  10,  6,   2,   5,   1,   26,  27,  prime
  462, 2 3 7 11,      0,  2,  0,  0,   7,   3,   6,   2,   27,  28,  radical
  463, 463,           1,  3,  1,  1,   8,   4,   7,   3,   28,  29,  prime
  464, 2⁴ 29,         2,  4,  2,  2,   9,   5,   8,   4,   0,   30,  
  465, 3 5 31,        0,  0,  3,  3,   10,  6,   9,   5,   1,   0,   radical
  466, 2 233,         1,  1,  4,  4,   11,  7,   10,  6,   2,   1,   radical
  467, 467,           2,  2,  5,  5,   12,  8,   11,  7,   3,   2,   prime
  468, 2² 3² 13,      0,  3,  6,  6,   0,   9,   12,  8,   4,   3,   
  469, 7 67,          1,  4,  0,  7,   1,   10,  13,  9,   5,   4,   radical
  470, 2 5 47,        2,  0,  1,  8,   2,   11,  14,  10,  6,   5,   radical
  471, 3 157,         0,  1,  2,  9,   3,   12,  15,  11,  7,   6,   radical
  472, 2³ 59,         1,  2,  3,  10,  4,   13,  16,  12,  8,   7,   
  473, 11 43,         2,  3,  4,  0,   5,   14,  17,  13,  9,   8,   radical
  474, 2 3 79,        0,  4,  5,  1,   6,   15,  18,  14,  10,  9,   radical
  475, 5² 19,         1,  0,  6,  2,   7,   16,  0,   15,  11,  10,  
  476, 2² 7 17,       2,  1,  0,  3,   8,   0,   1,   16,  12,  11,  
  477, 3² 53,         0,  2,  1,  4,   9,   1,   2,   17,  13,  12,  
  478, 2 239,         1,  3,  2,  5,   10,  2,   3,   18,  14,  13,  radical
  479, 479,           2,  4,  3,  6,   11,  3,   4,   19,  15,  14,  prime
  480, 2⁵ 3 5,        0,  0,  4,  7,   12,  4,   5,   20,  16,  15,  
  481, 13 37,         1,  1,  5,  8,   0,   5,   6,   21,  17,  16,  radical
  482, 2 241,         2,  2,  6,  9,   1,   6,   7,   22,  18,  17,  radical
  483, 3 7 23,        0,  3,  0,  10,  2,   7,   8,   0,   19,  18,  radical
  484, 2² 11²,        1,  4,  1,  0,   3,   8,   9,   1,   20,  19,  radical power
  485, 5 97,          2,  0,  2,  1,   4,   9,   10,  2,   21,  20,  radical
  486, 2 3⁵,          0,  1,  3,  2,   5,   10,  11,  3,   22,  21,  
  487, 487,           1,  2,  4,  3,   6,   11,  12,  4,   23,  22,  prime
  488, 2³ 61,         2,  3,  5,  4,   7,   12,  13,  5,   24,  23,  
  489, 3 163,         0,  4,  6,  5,   8,   13,  14,  6,   25,  24,  radical
  490, 2 5 7²,        1,  0,  0,  6,   9,   14,  15,  7,   26,  25,  
  491, 491,           2,  1,  1,  7,   10,  15,  16,  8,   27,  26,  prime
  492, 2² 3 41,       0,  2,  2,  8,   11,  16,  17,  9,   28,  27,  
  493, 17 29,         1,  3,  3,  9,   12,  0,   18,  10,  0,   28,  radical
  494, 2 13 19,       2,  4,  4,  10,  0,   1,   0,   11,  1,   29,  radical
  495, 3² 5 11,       0,  0,  5,  0,   1,   2,   1,   12,  2,   30,  
  496, 2⁴ 31,         1,  1,  6,  1,   2,   3,   2,   13,  3,   0,   
  497, 7 71,          2,  2,  0,  2,   3,   4,   3,   14,  4,   1,   radical
  498, 2 3 83,        0,  3,  1,  3,   4,   5,   4,   15,  5,   2,   radical
  499, 499,           1,  4,  2,  4,   5,   6,   5,   16,  6,   3,   prime
  500, 2² 5³,         2,  0,  3,  5,   6,   7,   6,   17,  7,   4,   
  501, 3 167,         0,  1,  4,  6,   7,   8,   7,   18,  8,   5,   radical
  502, 2 251,         1,  2,  5,  7,   8,   9,   8,   19,  9,   6,   radical
  503, 503,           2,  3,  6,  8,   9,   10,  9,   20,  10,  7,   prime
  504, 2³ 3² 7,       0,  4,  0,  9,   10,  11,  10,  21,  11,  8,   
  505, 5 101,         1,  0,  1,  10,  11,  12,  11,  22,  12,  9,   radical
  506, 2 11 23,       2,  1,  2,  0,   12,  13,  12,  0,   13,  10,  radical
  507, 3 13²,         0,  2,  3,  1,   0,   14,  13,  1,   14,  11,  
  508, 2² 127,        1,  3,  4,  2,   1,   15,  14,  2,   15,  12,  
  509, 509,           2,  4,  5,  3,   2,   16,  15,  3,   16,  13,  prime
  510, 2 3 5 17,      0,  0,  6,  4,   3,   0,   16,  4,   17,  14,  radical
  511, 7 73,          1,  1,  0,  5,   4,   1,   17,  5,   18,  15,  radical
  512, 2⁹,            2,  2,  1,  6,   5,   2,   18,  6,   19,  16,  prime power
  513, 3³ 19,         0,  3,  2,  7,   6,   3,   0,   7,   20,  17,  
  514, 2 257,         1,  4,  3,  8,   7,   4,   1,   8,   21,  18,  radical
  515, 5 103,         2,  0,  4,  9,   8,   5,   2,   9,   22,  19,  radical
  516, 2² 3 43,       0,  1,  5,  10,  9,   6,   3,   10,  23,  20,  
  517, 11 47,         1,  2,  6,  0,   10,  7,   4,   11,  24,  21,  radical
  518, 2 7 37,        2,  3,  0,  1,   11,  8,   5,   12,  25,  22,  radical
  519, 3 173,         0,  4,  1,  2,   12,  9,   6,   13,  26,  23,  radical
  520, 2³ 5 13,       1,  0,  2,  3,   0,   10,  7,   14,  27,  24,  
  521, 521,           2,  1,  3,  4,   1,   11,  8,   15,  28,  25,  prime
  522, 2 3² 29,       0,  2,  4,  5,   2,   12,  9,   16,  0,   26,  
  523, 523,           1,  3,  5,  6,   3,   13,  10,  17,  1,   27,  prime
  524, 2² 131,        2,  4,  6,  7,   4,   14,  11,  18,  2,   28,  
  525, 3 5² 7,        0,  0,  0,  8,   5,   15,  12,  19,  3,   29,  
  526, 2 263,         1,  1,  1,  9,   6,   16,  13,  20,  4,   30,  radical
  527, 17 31,         2,  2,  2,  10,  7,   0,   14,  21,  5,   0,   radical
  528, 2⁴ 3 11,       0,  3,  3,  0,   8,   1,   15,  22,  6,   1,   
  529, 23²,           1,  4,  4,  1,   9,   2,   16,  0,   7,   2,   prime power
  530, 2 5 53,        2,  0,  5,  2,   10,  3,   17,  1,   8,   3,   radical
  531, 3² 59,         0,  1,  6,  3,   11,  4,   18,  2,   9,   4,   
  532, 2² 7 19,       1,  2,  0,  4,   12,  5,   0,   3,   10,  5,   
  533, 13 41,         2,  3,  1,  5,   0,   6,   1,   4,   11,  6,   radical
  534, 2 3 89,        0,  4,  2,  6,   1,   7,   2,   5,   12,  7,   radical
  535, 5 107,         1,  0,  3,  7,   2,   8,   3,   6,   13,  8,   radical
  536, 2³ 67,         2,  1,  4,  8,   3,   9,   4,   7,   14,  9,   
  537, 3 179,         0,  2,  5,  9,   4,   10,  5,   8,   15,  10,  radical
  538, 2 269,         1,  3,  6,  10,  5,   11,  6,   9,   16,  11,  radical
  539, 7² 11,         2,  4,  0,  0,   6,   12,  7,   10,  17,  12,  
  540, 2² 3³ 5,       0,  0,  1,  1,   7,   13,  8,   11,  18,  13,  
  541, 541,           1,  1,  2,  2,   8,   14,  9,   12,  19,  14,  prime
  542, 2 271,         2,  2,  3,  3,   9,   15,  10,  13,  20,  15,  radical
  543, 3 181,         0,  3,  4,  4,   10,  16,  11,  14,  21,  16,  radical
  544, 2⁵ 17,         1,  4,  5,  5,   11,  0,   12,  15,  22,  17,  
  545, 5 109,         2,  0,  6,  6,   12,  1,   13,  16,  23,  18,  radical
  546, 2 3 7 13,      0,  1,  0,  7,   0,   2,   14,  17,  24,  19,  radical
  547, 547,           1,  2,  1,  8,   1,   3,   15,  18,  25,  20,  prime
  548, 2² 137,        2,  3,  2,  9,   2,   4,   16,  19,  26,  21,  
  549, 3² 61,         0,  4,  3,  10,  3,   5,   17,  20,  27,  22,  
  550, 2 5² 11,       1,  0,  4,  0,   4,   6,   18,  21,  28,  23,  
  551, 19 29,         2,  1,  5,  1,   5,   7,   0,   22,  0,   24,  radical
  552, 2³ 3 23,       0,  2,  6,  2,   6,   8,   1,   0,   1,   25,  
  553, 7 79,          1,  3,  0,  3,   7,   9,   2,   1,   2,   26,  radical
  554, 2 277,         2,  4,  1,  4,   8,   10,  3,   2,   3,   27,  radical
  555, 3 5 37,        0,  0,  2,  5,   9,   11,  4,   3,   4,   28,  radical
  556, 2² 139,        1,  1,  3,  6,   10,  12,  5,   4,   5,   29,  
  557, 557,           2,  2,  4,  7,   11,  13,  6,   5,   6,   30,  prime
  558, 2 3² 31,       0,  3,  5,  8,   12,  14,  7,   6,   7,   0,   
  559, 13 43,         1,  4,  6,  9,   0,   15,  8,   7,   8,   1,   radical
  560, 2⁴ 5 7,        2,  0,  0,  10,  1,   16,  9,   8,   9,   2,   
  561, 3 11 17,       0,  1,  1,  0,   2,   0,   10,  9,   10,  3,   radical
  562, 2 281,         1,  2,  2,  1,   3,   1,   11,  10,  11,  4,   radical
  563, 563,           2,  3,  3,  2,   4,   2,   12,  11,  12,  5,   prime
  564, 2² 3 47,       0,  4,  4,  3,   5,   3,   13,  12,  13,  6,   
  565, 5 113,         1,  0,  5,  4,   6,   4,   14,  13,  14,  7,   radical
  566, 2 283,         2,  1,  6,  5,   7,   5,   15,  14,  15,  8,   radical
  567, 3⁴ 7,          0,  2,  0,  6,   8,   6,   16,  15,  16,  9,   
  568, 2³ 71,         1,  3,  1,  7,   9,   7,   17,  16,  17,  10,  
  569, 569,           2,  4,  2,  8,   10,  8,   18,  17,  18,  11,  prime
  570, 2 3 5 19,      0,  0,  3,  9,   11,  9,   0,   18,  19,  12,  radical
  571, 571,           1,  1,  4,  10,  12,  10,  1,   19,  20,  13,  prime
  572, 2² 11 13,      2,  2,  5,  0,   0,   11,  2,   20,  21,  14,  
  573, 3 191,         0,  3,  6,  1,   1,   12,  3,   21,  22,  15,  radical
  574, 2 7 41,        1,  4,  0,  2,   2,   13,  4,   22,  23,  16,  radical
  575, 5² 23,         2,  0,  1,  3,   3,   14,  5,   0,   24,  17,  
  576, 2⁶ 3²,         0,  1,  2,  4,   4,   15,  6,   1,   25,  18,  
  577, 577,           1,  2,  3,  5,   5,   16,  7,   2,   26,  19,  prime
  578, 2 17²,         2,  3,  4,  6,   6,   0,   8,   3,   27,  20,  
  579, 3 193,         0,  4,  5,  7,   7,   1,   9,   4,   28,  21,  radical
  580, 2² 5 29,       1,  0,  6,  8,   8,   2,   10,  5,   0,   22,  
  581, 7 83,          2,  1,  0,  9,   9,   3,   11,  6,   1,   23,  radical
  582, 2 3 97,        0,  2,  1,  10,  10,  4,   12,  7,   2,   24,  radical
  583, 11 53,         1,  3,  2,  0,   11,  5,   13,  8,   3,   25,  radical
  584, 2³ 73,         2,  4,  3,  1,   12,  6,   14,  9,   4,   26,  
  585, 3² 5 13,       0,  0,  4,  2,   0,   7,   15,  10,  5,   27,  
  586, 2 293,         1,  1,  5,  3,   1,   8,   16,  11,  6,   28,  radical
  587, 587,           2,  2,  6,  4,   2,   9,   17,  12,  7,   29,  prime
  588, 2² 3 7²,       0,  3,  0,  5,   3,   10,  18,  13,  8,   30,  
  589, 19 31,         1,  4,  1,  6,   4,   11,  0,   14,  9,   0,   radical
  590, 2 5 59,        2,  0,  2,  7,   5,   12,  1,   15,  10,  1,   radical
  591, 3 197,         0,  1,  3,  8,   6,   13,  2,   16,  11,  2,   radical
  592, 2⁴ 37,         1,  2,  4,  9,   7,   14,  3,   17,  12,  3,   
  593, 593,           2,  3,  5,  10,  8,   15,  4,   18,  13,  4,   prime
  594, 2 3³ 11,       0,  4,  6,  0,   9,   16,  5,   19,  14,  5,   
  595, 5 7 17,        1,  0,  0,  1,   10,  0,   6,   20,  15,  6,   radical
  596, 2² 149,        2,  1,  1,  2,   11,  1,   7,   21,  16,  7,   
  597, 3 199,         0,  2,  2,  3,   12,  2,   8,   22,  17,  8,   radical
  598, 2 13 23,       1,  3,  3,  4,   0,   3,   9,   0,   18,  9,   radical
  599, 599,           2,  4,  4,  5,   1,   4,   10,  1,   19,  10,  prime
  600, 2³ 3 5²,       0,  0,  5,  6,   2,   5,   11,  2,   20,  11,  
  601, 601,           1,  1,  6,  7,   3,   6,   12,  3,   21,  12,  prime
  602, 2 7 43,        2,  2,  0,  8,   4,   7,   13,  4,   22,  13,  radical
  603, 3² 67,         0,  3,  1,  9,   5,   8,   14,  5,   23,  14,  
  604, 2² 151,        1,  4,  2,  10,  6,   9,   15,  6,   24,  15,  
  605, 5 11²,         2,  0,  3,  0,   7,   10,  16,  7,   25,  16,  
  606, 2 3 101,       0,  1,  4,  1,   8,   11,  17,  8,   26,  17,  radical
  607, 607,           1,  2,  5,  2,   9,   12,  18,  9,   27,  18,  prime
  608, 2⁵ 19,         2,  3,  6,  3,   10,  13,  0,   10,  28,  19,  
  609, 3 7 29,        0,  4,  0,  4,   11,  14,  1,   11,  0,   20,  radical
  610, 2 5 61,        1,  0,  1,  5,   12,  15,  2,   12,  1,   21,  radical
  611, 13 47,         2,  1,  2,  6,   0,   16,  3,   13,  2,   22,  radical
  612, 2² 3² 17,      0,  2,  3,  7,   1,   0,   4,   14,  3,   23,  
  613, 613,           1,  3,  4,  8,   2,   1,   5,   15,  4,   24,  prime
  614, 2 307,         2,  4,  5,  9,   3,   2,   6,   16,  5,   25,  radical
  615, 3 5 41,        0,  0,  6,  10,  4,   3,   7,   17,  6,   26,  radical
  616, 2³ 7 11,       1,  1,  0,  0,   5,   4,   8,   18,  7,   27,  
  617, 617,           2,  2,  1,  1,   6,   5,   9,   19,  8,   28,  prime
  618, 2 3 103,       0,  3,  2,  2,   7,   6,   10,  20,  9,   29,  radical
  619, 619,           1,  4,  3,  3,   8,   7,   11,  21,  10,  30,  prime
  620, 2² 5 31,       2,  0,  4,  4,   9,   8,   12,  22,  11,  0,   
  621, 3³ 23,         0,  1,  5,  5,   10,  9,   13,  0,   12,  1,   
  622, 2 311,         1,  2,  6,  6,   11,  10,  14,  1,   13,  2,   radical
  623, 7 89,          2,  3,  0,  7,   12,  11,  15,  2,   14,  3,   radical
  624, 2⁴ 3 13,       0,  4,  1,  8,   0,   12,  16,  3,   15,  4,   
  625, 5⁴,            1,  0,  2,  9,   1,   13,  17,  4,   16,  5,   prime power
  626, 2 313,         2,  1,  3,  10,  2,   14,  18,  5,   17,  6,   radical
  627, 3 11 19,       0,  2,  4,  0,   3,   15,  0,   6,   18,  7,   radical
  628, 2² 157,        1,  3,  5,  1,   4,   16,  1,   7,   19,  8,   
  629, 17 37,         2,  4,  6,  2,   5,   0,   2,   8,   20,  9,   radical
  630, 2 3² 5 7,      0,  0,  0,  3,   6,   1,   3,   9,   21,  10,  
  631, 631,           1,  1,  1,  4,   7,   2,   4,   10,  22,  11,  prime
  632, 2³ 79,         2,  2,  2,  5,   8,   3,   5,   11,  23,  12,  
  633, 3 211,         0,  3,  3,  6,   9,   4,   6,   12,  24,  13,  radical
  634, 2 317,         1,  4,  4,  7,   10,  5,   7,   13,  25,  14,  radical
  635, 5 127,         2,  0,  5,  8,   11,  6,   8,   14,  26,  15,  radical
  636, 2² 3 53,       0,  1,  6,  9,   12,  7,   9,   15,  27,  16,  
  637, 7² 13,         1,  2,  0,  10,  0,   8,   10,  16,  28,  17,  
  638, 2 11 29,       2,  3,  1,  0,   1,   9,   11,  17,  0,   18,  radical
  639, 3² 71,         0,  4,  2,  1,   2,   10,  12,  18,  1,   19,  
  640, 2⁷ 5,          1,  0,  3,  2,   3,   11,  13,  19,  2,   20,  
  641, 641,           2,  1,  4,  3,   4,   12,  14,  20,  3,   21,  prime
  642, 2 3 107,       0,  2,  5,  4,   5,   13,  15,  21,  4,   22,  radical
  643, 643,           1,  3,  6,  5,   6,   14,  16,  22,  5,   23,  prime
  644, 2² 7 23,       2,  4,  0,  6,   7,   15,  17,  0,   6,   24,  
  645, 3 5 43,        0,  0,  1,  7,   8,   16,  18,  1,   7,   25,  radical
  646, 2 17 19,       1,  1,  2,  8,   9,   0,   0,   2,   8,   26,  radical
  647, 647,           2,  2,  3,  9,   10,  1,   1,   3,   9,   27,  prime
  648, 2³ 3⁴,         0,  3,  4,  10,  11,  2,   2,   4,   10,  28,  
  649, 11 59,         1,  4,  5,  0,   12,  3,   3,   5,   11,  29,  radical
  650, 2 5² 13,       2,  0,  6,  1,   0,   4,   4,   6,   12,  30,  
  651, 3 7 31,        0,  1,  0,  2,   1,   5,   5,   7,   13,  0,   radical
  652, 2² 163,        1,  2,  1,  3,   2,   6,   6,   8,   14,  1,   
  653, 653,           2,  3,  2,  4,   3,   7,   7,   9,   15,  2,   prime
  654, 2 3 109,       0,  4,  3,  5,   4,   8,   8,   10,  16,  3,   radical
  655, 5 131,         1,  0,  4,  6,   5,   9,   9,   11,  17,  4,   radical
  656, 2⁴ 41,         2,  1,  5,  7,   6,   10,  10,  12,  18,  5,   
  657, 3² 73,         0,  2,  6,  8,   7,   11,  11,  13,  19,  6,   
  658, 2 7 47,        1,  3,  0,  9,   8,   12,  12,  14,  20,  7,   radical
  659, 659,           2,  4,  1,  10,  9,   13,  13,  15,  21,  8,   prime
  660, 2² 3 5 11,     0,  0,  2,  0,   10,  14,  14,  16,  22,  9,   
  661, 661,           1,  1,  3,  1,   11,  15,  15,  17,  23,  10,  prime
  662, 2 331,         2,  2,  4,  2,   12,  16,  16,  18,  24,  11,  radical
  663, 3 13 17,       0,  3,  5,  3,   0,   0,   17,  19,  25,  12,  radical
  664, 2³ 83,         1,  4,  6,  4,   1,   1,   18,  20,  26,  13,  
  665, 5 7 19,        2,  0,  0,  5,   2,   2,   0,   21,  27,  14,  radical
  666, 2 3² 37,       0,  1,  1,  6,   3,   3,   1,   22,  28,  15,  
  667, 23 29,         1,  2,  2,  7,   4,   4,   2,   0,   0,   16,  radical
  668, 2² 167,        2,  3,  3,  8,   5,   5,   3,   1,   1,   17,  
  669, 3 223,         0,  4,  4,  9,   6,   6,   4,   2,   2,   18,  radical
  670, 2 5 67,        1,  0,  5,  10,  7,   7,   5,   3,   3,   19,  radical
  671, 11 61,         2,  1,  6,  0,   8,   8,   6,   4,   4,   20,  radical
  672, 2⁵ 3 7,        0,  2,  0,  1,   9,   9,   7,   5,   5,   21,  
  673, 673,           1,  3,  1,  2,   10,  10,  8,   6,   6,   22,  prime
  674, 2 337,         2,  4,  2,  3,   11,  11,  9,   7,   7,   23,  radical
  675, 3³ 5²,         0,  0,  3,  4,   12,  12,  10,  8,   8,   24,  
  676, 2² 13²,        1,  1,  4,  5,   0,   13,  11,  9,   9,   25,  radical power
  677, 677,           2,  2,  5,  6,   1,   14,  12,  10,  10,  26,  prime
  678, 2 3 113,       0,  3,  6,  7,   2,   15,  13,  11,  11,  27,  radical
  679, 7 97,          1,  4,  0,  8,   3,   16,  14,  12,  12,  28,  radical
  680, 2³ 5 17,       2,  0,  1,  9,   4,   0,   15,  13,  13,  29,  
  681, 3 227,         0,  1,  2,  10,  5,   1,   16,  14,  14,  30,  radical
  682, 2 11 31,       1,  2,  3,  0,   6,   2,   17,  15,  15,  0,   radical
  683, 683,           2,  3,  4,  1,   7,   3,   18,  16,  16,  1,   prime
  684, 2² 3² 19,      0,  4,  5,  2,   8,   4,   0,   17,  17,  2,   
  685, 5 137,         1,  0,  6,  3,   9,   5,   1,   18,  18,  3,   radical
  686, 2 7³,          2,  1,  0,  4,   10,  6,   2,   19,  19,  4,   
  687, 3 229,         0,  2,  1,  5,   11,  7,   3,   20,  20,  5,   radical
  688, 2⁴ 43,         1,  3,  2,  6,   12,  8,   4,   21,  21,  6,   
  689, 13 53,         2,  4,  3,  7,   0,   9,   5,   22,  22,  7,   radical
  690, 2 3 5 23,      0,  0,  4,  8,   1,   10,  6,   0,   23,  8,   radical
  691, 691,           1,  1,  5,  9,   2,   11,  7,   1,   24,  9,   prime
  692, 2² 173,        2,  2,  6,  10,  3,   12,  8,   2,   25,  10,  
  693, 3² 7 11,       0,  3,  0,  0,   4,   13,  9,   3,   26,  11,  
  694, 2 347,         1,  4,  1,  1,   5,   14,  10,  4,   27,  12,  radical
  695, 5 139,         2,  0,  2,  2,   6,   15,  11,  5,   28,  13,  radical
  696, 2³ 3 29,       0,  1,  3,  3,   7,   16,  12,  6,   0,   14,  
  697, 17 41,         1,  2,  4,  4,   8,   0,   13,  7,   1,   15,  radical
  698, 2 349,         2,  3,  5,  5,   9,   1,   14,  8,   2,   16,  radical
  699, 3 233,         0,  4,  6,  6,   10,  2,   15,  9,   3,   17,  radical
  700, 2² 5² 7,       1,  0,  0,  7,   11,  3,   16,  10,  4,   18,  
  701, 701,           2,  1,  1,  8,   12,  4,   17,  11,  5,   19,  prime
  702, 2 3³ 13,       0,  2,  2,  9,   0,   5,   18,  12,  6,   20,  
  703, 19 37,         1,  3,  3,  10,  1,   6,   0,   13,  7,   21,  radical
  704, 2⁶ 11,         2,  4,  4,  0,   2,   7,   1,   14,  8,   22,  
  705, 3 5 47,        0,  0,  5,  1,   3,   8,   2,   15,  9,   23,  radical
  706, 2 353,         1,  1,  6,  2,   4,   9,   3,   16,  10,  24,  radical
  707, 7 101,         2,  2,  0,  3,   5,   10,  4,   17,  11,  25,  radical
  708, 2² 3 59,       0,  3,  1,  4,   6,   11,  5,   18,  12,  26,  
  709, 709,           1,  4,  2,  5,   7,   12,  6,   19,  13,  27,  prime
  710, 2 5 71,        2,  0,  3,  6,   8,   13,  7,   20,  14,  28,  radical
  711, 3² 79,         0,  1,  4,  7,   9,   14,  8,   21,  15,  29,  
  712, 2³ 89,         1,  2,  5,  8,   10,  15,  9,   22,  16,  30,  
  713, 23 31,         2,  3,  6,  9,   11,  16,  10,  0,   17,  0,   radical
  714, 2 3 7 17,      0,  4,  0,  10,  12,  0,   11,  1,   18,  1,   radical
  715, 5 11 13,       1,  0,  1,  0,   0,   1,   12,  2,   19,  2,   radical
  716, 2² 179,        2,  1,  2,  1,   1,   2,   13,  3,   20,  3,   
  717, 3 239,         0,  2,  3,  2,   2,   3,   14,  4,   21,  4,   radical
  718, 2 359,         1,  3,  4,  3,   3,   4,   15,  5,   22,  5,   radical
  719, 719,           2,  4,  5,  4,   4,   5,   16,  6,   23,  6,   prime
  720, 2⁴ 3² 5,       0,  0,  6,  5,   5,   6,   17,  7,   24,  7,   
  721, 7 103,         1,  1,  0,  6,   6,   7,   18,  8,   25,  8,   radical
  722, 2 19²,         2,  2,  1,  7,   7,   8,   0,   9,   26,  9,   
  723, 3 241,         0,  3,  2,  8,   8,   9,   1,   10,  27,  10,  radical
  724, 2² 181,        1,  4,  3,  9,   9,   10,  2,   11,  28,  11,  
  725, 5² 29,         2,  0,  4,  10,  10,  11,  3,   12,  0,   12,  
  726, 2 3 11²,       0,  1,  5,  0,   11,  12,  4,   13,  1,   13,  
  727, 727,           1,  2,  6,  1,   12,  13,  5,   14,  2,   14,  prime
  728, 2³ 7 13,       2,  3,  0,  2,   0,   14,  6,   15,  3,   15,  
  729, 3⁶,            0,  4,  1,  3,   1,   15,  7,   16,  4,   16,  prime power
  730, 2 5 73,        1,  0,  2,  4,   2,   16,  8,   17,  5,   17,  radical
  731, 17 43,         2,  1,  3,  5,   3,   0,   9,   18,  6,   18,  radical
  732, 2² 3 61,       0,  2,  4,  6,   4,   1,   10,  19,  7,   19,  
  733, 733,           1,  3,  5,  7,   5,   2,   11,  20,  8,   20,  prime
  734, 2 367,         2,  4,  6,  8,   6,   3,   12,  21,  9,   21,  radical
  735, 3 5 7²,        0,  0,  0,  9,   7,   4,   13,  22,  10,  22,  
  736, 2⁵ 23,         1,  1,  1,  10,  8,   5,   14,  0,   11,  23,  
  737, 11 67,         2,  2,  2,  0,   9,   6,   15,  1,   12,  24,  radical
  738, 2 3² 41,       0,  3,  3,  1,   10,  7,   16,  2,   13,  25,  
  739, 739,           1,  4,  4,  2,   11,  8,   17,  3,   14,  26,  prime
  740, 2² 5 37,       2,  0,  5,  3,   12,  9,   18,  4,   15,  27,  
  741, 3 13 19,       0,  1,  6,  4,   0,   10,  0,   5,   16,  28,  radical
  742, 2 7 53,        1,  2,  0,  5,   1,   11,  1,   6,   17,  29,  radical
  743, 743,           2,  3,  1,  6,   2,   12,  2,   7,   18,  30,  prime
  744, 2³ 3 31,       0,  4,  2,  7,   3,   13,  3,   8,   19,  0,   
  745, 5 149,         1,  0,  3,  8,   4,   14,  4,   9,   20,  1,   radical
  746, 2 373,         2,  1,  4,  9,   5,   15,  5,   10,  21,  2,   radical
  747, 3² 83,         0,  2,  5,  10,  6,   16,  6,   11,  22,  3,   
  748, 2² 11 17,      1,  3,  6,  0,   7,   0,   7,   12,  23,  4,   
  749, 7 107,         2,  4,  0,  1,   8,   1,   8,   13,  24,  5,   radical
  750, 2 3 5³,        0,  0,  1,  2,   9,   2,   9,   14,  25,  6,   
  751, 751,           1,  1,  2,  3,   10,  3,   10,  15,  26,  7,   prime
  752, 2⁴ 47,         2,  2,  3,  4,   11,  4,   11,  16,  27,  8,   
  753, 3 251,         0,  3,  4,  5,   12,  5,   12,  17,  28,  9,   radical
  754, 2 13 29,       1,  4,  5,  6,   0,   6,   13,  18,  0,   10,  radical
  755, 5 151,         2,  0,  6,  7,   1,   7,   14,  19,  1,   11,  radical
  756, 2² 3³ 7,       0,  1,  0,  8,   2,   8,   15,  20,  2,   12,  
  757, 757,           1,  2,  1,  9,   3,   9,   16,  21,  3,   13,  prime
  758, 2 379,         2,  3,  2,  10,  4,   10,  17,  22,  4,   14,  radical
  759, 3 11 23,       0,  4,  3,  0,   5,   11,  18,  0,   5,   15,  radical
  760, 2³ 5 19,       1,  0,  4,  1,   6,   12,  0,   1,   6,   16,  
  761, 761,           2,  1,  5,  2,   7,   13,  1,   2,   7,   17,  prime
  762, 2 3 127,       0,  2,  6,  3,   8,   14,  2,   3,   8,   18,  radical
  763, 7 109,         1,  3,  0,  4,   9,   15,  3,   4,   9,   19,  radical
  764, 2² 191,        2,  4,  1,  5,   10,  16,  4,   5,   10,  20,  
  765, 3² 5 17,       0,  0,  2,  6,   11,  0,   5,   6,   11,  21,  
  766, 2 383,         1,  1,  3,  7,   12,  1,   6,   7,   12,  22,  radical
  767, 13 59,         2,  2,  4,  8,   0,   2,   7,   8,   13,  23,  radical
  768, 2⁸ 3,          0,  3,  5,  9,   1,   3,   8,   9,   14,  24,  
  769, 769,           1,  4,  6,  10,  2,   4,   9,   10,  15,  25,  prime
  770, 2 5 7 11,      2,  0,  0,  0,   3,   5,   10,  11,  16,  26,  radical
  771, 3 257,         0,  1,  1,  1,   4,   6,   11,  12,  17,  27,  radical
  772, 2² 193,        1,  2,  2,  2,   5,   7,   12,  13,  18,  28,  
  773, 773,           2,  3,  3,  3,   6,   8,   13,  14,  19,  29,  prime
  774, 2 3² 43,       0,  4,  4,  4,   7,   9,   14,  15,  20,  30,  
  775, 5² 31,         1,  0,  5,  5,   8,   10,  15,  16,  21,  0,   
  776, 2³ 97,         2,  1,  6,  6,   9,   11,  16,  17,  22,  1,   
  777, 3 7 37,        0,  2,  0,  7,   10,  12,  17,  18,  23,  2,   radical
  778, 2 389,         1,  3,  1,  8,   11,  13,  18,  19,  24,  3,   radical
  779, 19 41,         2,  4,  2,  9,   12,  14,  0,   20,  25,  4,   radical
  780, 2² 3 5 13,     0,  0,  3,  10,  0,   15,  1,   21,  26,  5,   
  781, 11 71,         1,  1,  4,  0,   1,   16,  2,   22,  27,  6,   radical
  782, 2 17 23,       2,  2,  5,  1,   2,   0,   3,   0,   28,  7,   radical
  783, 3³ 29,         0,  3,  6,  2,   3,   1,   4,   1,   0,   8,   
  784, 2⁴ 7²,         1,  4,  0,  3,   4,   2,   5,   2,   1,   9,   
  785, 5 157,         2,  0,  1,  4,   5,   3,   6,   3,   2,   10,  radical
  786, 2 3 131,       0,  1,  2,  5,   6,   4,   7,   4,   3,   11,  radical
  787, 787,           1,  2,  3,  6,   7,   5,   8,   5,   4,   12,  prime
  788, 2² 197,        2,  3,  4,  7,   8,   6,   9,   6,   5,   13,  
  789, 3 263,         0,  4,  5,  8,   9,   7,   10,  7,   6,   14,  radical
  790, 2 5 79,        1,  0,  6,  9,   10,  8,   11,  8,   7,   15,  radical
  791, 7 113,         2,  1,  0,  10,  11,  9,   12,  9,   8,   16,  radical
  792, 2³ 3² 11,      0,  2,  1,  0,   12,  10,  13,  10,  9,   17,  
  793, 13 61,         1,  3,  2,  1,   0,   11,  14,  11,  10,  18,  radical
  794, 2 397,         2,  4,  3,  2,   1,   12,  15,  12,  11,  19,  radical
  795, 3 5 53,        0,  0,  4,  3,   2,   13,  16,  13,  12,  20,  radical
  796, 2² 199,        1,  1,  5,  4,   3,   14,  17,  14,  13,  21,  
  797, 797,           2,  2,  6,  5,   4,   15,  18,  15,  14,  22,  prime
  798, 2 3 7 19,      0,  3,  0,  6,   5,   16,  0,   16,  15,  23,  radical
  799, 17 47,         1,  4,  1,  7,   6,   0,   1,   17,  16,  24,  radical
  800, 2⁵ 5²,         2,  0,  2,  8,   7,   1,   2,   18,  17,  25,  
  801, 3² 89,         0,  1,  3,  9,   8,   2,   3,   19,  18,  26,  
  802, 2 401,         1,  2,  4,  10,  9,   3,   4,   20,  19,  27,  radical
  803, 11 73,         2,  3,  5,  0,   10,  4,   5,   21,  20,  28,  radical
  804, 2² 3 67,       0,  4,  6,  1,   11,  5,   6,   22,  21,  29,  
  805, 5 7 23,        1,  0,  0,  2,   12,  6,   7,   0,   22,  30,  radical
  806, 2 13 31,       2,  1,  1,  3,   0,   7,   8,   1,   23,  0,   radical
  807, 3 269,         0,  2,  2,  4,   1,   8,   9,   2,   24,  1,   radical
  808, 2³ 101,        1,  3,  3,  5,   2,   9,   10,  3,   25,  2,   
  809, 809,           2,  4,  4,  6,   3,   10,  11,  4,   26,  3,   prime
  810, 2 3⁴ 5,        0,  0,  5,  7,   4,   11,  12,  5,   27,  4,   
  811, 811,           1,  1,  6,  8,   5,   12,  13,  6,   28,  5,   prime
  812, 2² 7 29,       2,  2,  0,  9,   6,   13,  14,  7,   0,   6,   
  813, 3 271,         0,  3,  1,  10,  7,   14,  15,  8,   1,   7,   radical
  814, 2 11 37,       1,  4,  2,  0,   8,   15,  16,  9,   2,   8,   radical
  815, 5 163,         2,  0,  3,  1,   9,   16,  17,  10,  3,   9,   radical
  816, 2⁴ 3 17,       0,  1,  4,  2,   10,  0,   18,  11,  4,   10,  
  817, 19 43,         1,  2,  5,  3,   11,  1,   0,   12,  5,   11,  radical
  818, 2 409,         2,  3,  6,  4,   12,  2,   1,   13,  6,   12,  radical
  819, 3² 7 13,       0,  4,  0,  5,   0,   3,   2,   14,  7,   13,  
  820, 2² 5 41,       1,  0,  1,  6,   1,   4,   3,   15,  8,   14,  
  821, 821,           2,  1,  2,  7,   2,   5,   4,   16,  9,   15,  prime
  822, 2 3 137,       0,  2,  3,  8,   3,   6,   5,   17,  10,  16,  radical
  823, 823,           1,  3,  4,  9,   4,   7,   6,   18,  11,  17,  prime
  824, 2³ 103,        2,  4,  5,  10,  5,   8,   7,   19,  12,  18,  
  825, 3 5² 11,       0,  0,  6,  0,   6,   9,   8,   20,  13,  19,  
  826, 2 7 59,        1,  1,  0,  1,   7,   10,  9,   21,  14,  20,  radical
  827, 827,           2,  2,  1,  2,   8,   11,  10,  22,  15,  21,  prime
  828, 2² 3² 23,      0,  3,  2,  3,   9,   12,  11,  0,   16,  22,  
  829, 829,           1,  4,  3,  4,   10,  13,  12,  1,   17,  23,  prime
  830, 2 5 83,        2,  0,  4,  5,   11,  14,  13,  2,   18,  24,  radical
  831, 3 277,         0,  1,  5,  6,   12,  15,  14,  3,   19,  25,  radical
  832, 2⁶ 13,         1,  2,  6,  7,   0,   16,  15,  4,   20,  26,  
  833, 7² 17,         2,  3,  0,  8,   1,   0,   16,  5,   21,  27,  
  834, 2 3 139,       0,  4,  1,  9,   2,   1,   17,  6,   22,  28,  radical
  835, 5 167,         1,  0,  2,  10,  3,   2,   18,  7,   23,  29,  radical
  836, 2² 11 19,      2,  1,  3,  0,   4,   3,   0,   8,   24,  30,  
  837, 3³ 31,         0,  2,  4,  1,   5,   4,   1,   9,   25,  0,   
  838, 2 419,         1,  3,  5,  2,   6,   5,   2,   10,  26,  1,   radical
  839, 839,           2,  4,  6,  3,   7,   6,   3,   11,  27,  2,   prime
  840, 2³ 3 5 7,      0,  0,  0,  4,   8,   7,   4,   12,  28,  3,   
  841, 29²,           1,  1,  1,  5,   9,   8,   5,   13,  0,   4,   prime power
  842, 2 421,         2,  2,  2,  6,   10,  9,   6,   14,  1,   5,   radical
  843, 3 281,         0,  3,  3,  7,   11,  10,  7,   15,  2,   6,   radical
  844, 2² 211,        1,  4,  4,  8,   12,  11,  8,   16,  3,   7,   
  845, 5 13²,         2,  0,  5,  9,   0,   12,  9,   17,  4,   8,   
  846, 2 3² 47,       0,  1,  6,  10,  1,   13,  10,  18,  5,   9,   
  847, 7 11²,         1,  2,  0,  0,   2,   14,  11,  19,  6,   10,  
  848, 2⁴ 53,         2,  3,  1,  1,   3,   15,  12,  20,  7,   11,  
  849, 3 283,         0,  4,  2,  2,   4,   16,  13,  21,  8,   12,  radical
  850, 2 5² 17,       1,  0,  3,  3,   5,   0,   14,  22,  9,   13,  
  851, 23 37,         2,  1,  4,  4,   6,   1,   15,  0,   10,  14,  radical
  852, 2² 3 71,       0,  2,  5,  5,   7,   2,   16,  1,   11,  15,  
  853, 853,           1,  3,  6,  6,   8,   3,   17,  2,   12,  16,  prime
  854, 2 7 61,        2,  4,  0,  7,   9,   4,   18,  3,   13,  17,  radical
  855, 3² 5 19,       0,  0,  1,  8,   10,  5,   0,   4,   14,  18,  
  856, 2³ 107,        1,  1,  2,  9,   11,  6,   1,   5,   15,  19,  
  857, 857,           2,  2,  3,  10,  12,  7,   2,   6,   16,  20,  prime
  858, 2 3 11 13,     0,  3,  4,  0,   0,   8,   3,   7,   17,  21,  radical
  859, 859,           1,  4,  5,  1,   1,   9,   4,   8,   18,  22,  prime
  860, 2² 5 43,       2,  0,  6,  2,   2,   10,  5,   9,   19,  23,  
  861, 3 7 41,        0,  1,  0,  3,   3,   11,  6,   10,  20,  24,  radical
  862, 2 431,         1,  2,  1,  4,   4,   12,  7,   11,  21,  25,  radical
  863, 863,           2,  3,  2,  5,   5,   13,  8,   12,  22,  26,  prime
  864, 2⁵ 3³,         0,  4,  3,  6,   6,   14,  9,   13,  23,  27,  
  865, 5 173,         1,  0,  4,  7,   7,   15,  10,  14,  24,  28,  radical
  866, 2 433,         2,  1,  5,  8,   8,   16,  11,  15,  25,  29,  radical
  867, 3 17²,         0,  2,  6,  9,   9,   0,   12,  16,  26,  30,  
  868, 2² 7 31,       1,  3,  0,  10,  10,  1,   13,  17,  27,  0,   
  869, 11 79,         2,  4,  1,  0,   11,  2,   14,  18,  28,  1,   radical
  870, 2 3 5 29,      0,  0,  2,  1,   12,  3,   15,  19,  0,   2,   radical
  871, 13 67,         1,  1,  3,  2,   0,   4,   16,  20,  1,   3,   radical
  872, 2³ 109,        2,  2,  4,  3,   1,   5,   17,  21,  2,   4,   
  873, 3² 97,         0,  3,  5,  4,   2,   6,   18,  22,  3,   5,   
  874, 2 19 23,       1,  4,  6,  5,   3,   7,   0,   0,   4,   6,   radical
  875, 5³ 7,          2,  0,  0,  6,   4,   8,   1,   1,   5,   7,   
  876, 2² 3 73,       0,  1,  1,  7,   5,   9,   2,   2,   6,   8,   
  877, 877,           1,  2,  2,  8,   6,   10,  3,   3,   7,   9,   prime
  878, 2 439,         2,  3,  3,  9,   7,   11,  4,   4,   8,   10,  radical
  879, 3 293,         0,  4,  4,  10,  8,   12,  5,   5,   9,   11,  radical
  880, 2⁴ 5 11,       1,  0,  5,  0,   9,   13,  6,   6,   10,  12,  
  881, 881,           2,  1,  6,  1,   10,  14,  7,   7,   11,  13,  prime
  882, 2 3² 7²,       0,  2,  0,  2,   11,  15,  8,   8,   12,  14,  
  883, 883,           1,  3,  1,  3,   12,  16,  9,   9,   13,  15,  prime
  884, 2² 13 17,      2,  4,  2,  4,   0,   0,   10,  10,  14,  16,  
  885, 3 5 59,        0,  0,  3,  5,   1,   1,   11,  11,  15,  17,  radical
  886, 2 443,         1,  1,  4,  6,   2,   2,   12,  12,  16,  18,  radical
  887, 887,           2,  2,  5,  7,   3,   3,   13,  13,  17,  19,  prime
  888, 2³ 3 37,       0,  3,  6,  8,   4,   4,   14,  14,  18,  20,  
  889, 7 127,         1,  4,  0,  9,   5,   5,   15,  15,  19,  21,  radical
  890, 2 5 89,        2,  0,  1,  10,  6,   6,   16,  16,  20,  22,  radical
  891, 3⁴ 11,         0,  1,  2,  0,   7,   7,   17,  17,  21,  23,  
  892, 2² 223,        1,  2,  3,  1,   8,   8,   18,  18,  22,  24,  
  893, 19 47,         2,  3,  4,  2,   9,   9,   0,   19,  23,  25,  radical
  894, 2 3 149,       0,  4,  5,  3,   10,  10,  1,   20,  24,  26,  radical
  895, 5 179,         1,  0,  6,  4,   11,  11,  2,   21,  25,  27,  radical
  896, 2⁷ 7,          2,  1,  0,  5,   12,  12,  3,   22,  26,  28,  
  897, 3 13 23,       0,  2,  1,  6,   0,   13,  4,   0,   27,  29,  radical
  898, 2 449,         1,  3,  2,  7,   1,   14,  5,   1,   28,  30,  radical
  899, 29 31,         2,  4,  3,  8,   2,   15,  6,   2,   0,   0,   radical
  900, 2² 3² 5²,      0,  0,  4,  9,   3,   16,  7,   3,   1,   1,   radical power
  901, 17 53,         1,  1,  5,  10,  4,   0,   8,   4,   2,   2,   radical
  902, 2 11 41,       2,  2,  6,  0,   5,   1,   9,   5,   3,   3,   radical
  903, 3 7 43,        0,  3,  0,  1,   6,   2,   10,  6,   4,   4,   radical
  904, 2³ 113,        1,  4,  1,  2,   7,   3,   11,  7,   5,   5,   
  905, 5 181,         2,  0,  2,  3,   8,   4,   12,  8,   6,   6,   radical
  906, 2 3 151,       0,  1,  3,  4,   9,   5,   13,  9,   7,   7,   radical
  907, 907,           1,  2,  4,  5,   10,  6,   14,  10,  8,   8,   prime
  908, 2² 227,        2,  3,  5,  6,   11,  7,   15,  11,  9,   9,   
  909, 3² 101,        0,  4,  6,  7,   12,  8,   16,  12,  10,  10,  
  910, 2 5 7 13,      1,  0,  0,  8,   0,   9,   17,  13,  11,  11,  radical
  911, 911,           2,  1,  1,  9,   1,   10,  18,  14,  12,  12,  prime
  912, 2⁴ 3 19,       0,  2,  2,  10,  2,   11,  0,   15,  13,  13,  
  913, 11 83,         1,  3,  3,  0,   3,   12,  1,   16,  14,  14,  radical
  914, 2 457,         2,  4,  4,  1,   4,   13,  2,   17,  15,  15,  radical
  915, 3 5 61,        0,  0,  5,  2,   5,   14,  3,   18,  16,  16,  radical
  916, 2² 229,        1,  1,  6,  3,   6,   15,  4,   19,  17,  17,  
  917, 7 131,         2,  2,  0,  4,   7,   16,  5,   20,  18,  18,  radical
  918, 2 3³ 17,       0,  3,  1,  5,   8,   0,   6,   21,  19,  19,  
  919, 919,           1,  4,  2,  6,   9,   1,   7,   22,  20,  20,  prime
  920, 2³ 5 23,       2,  0,  3,  7,   10,  2,   8,   0,   21,  21,  
  921, 3 307,         0,  1,  4,  8,   11,  3,   9,   1,   22,  22,  radical
  922, 2 461,         1,  2,  5,  9,   12,  4,   10,  2,   23,  23,  radical
  923, 13 71,         2,  3,  6,  10,  0,   5,   11,  3,   24,  24,  radical
  924, 2² 3 7 11,     0,  4,  0,  0,   1,   6,   12,  4,   25,  25,  
  925, 5² 37,         1,  0,  1,  1,   2,   7,   13,  5,   26,  26,  
  926, 2 463,         2,  1,  2,  2,   3,   8,   14,  6,   27,  27,  radical
  927, 3² 103,        0,  2,  3,  3,   4,   9,   15,  7,   28,  28,  
  928, 2⁵ 29,         1,  3,  4,  4,   5,   10,  16,  8,   0,   29,  
  929, 929,           2,  4,  5,  5,   6,   11,  17,  9,   1,   30,  prime
  930, 2 3 5 31,      0,  0,  6,  6,   7,   12,  18,  10,  2,   0,   radical
  931, 7² 19,         1,  1,  0,  7,   8,   13,  0,   11,  3,   1,   
  932, 2² 233,        2,  2,  1,  8,   9,   14,  1,   12,  4,   2,   
  933, 3 311,         0,  3,  2,  9,   10,  15,  2,   13,  5,   3,   radical
  934, 2 467,         1,  4,  3,  10,  11,  16,  3,   14,  6,   4,   radical
  935, 5 11 17,       2,  0,  4,  0,   12,  0,   4,   15,  7,   5,   radical
  936, 2³ 3² 13,      0,  1,  5,  1,   0,   1,   5,   16,  8,   6,   
  937, 937,           1,  2,  6,  2,   1,   2,   6,   17,  9,   7,   prime
  938, 2 7 67,        2,  3,  0,  3,   2,   3,   7,   18,  10,  8,   radical
  939, 3 313,         0,  4,  1,  4,   3,   4,   8,   19,  11,  9,   radical
  940, 2² 5 47,       1,  0,  2,  5,   4,   5,   9,   20,  12,  10,  
  941, 941,           2,  1,  3,  6,   5,   6,   10,  21,  13,  11,  prime
  942, 2 3 157,       0,  2,  4,  7,   6,   7,   11,  22,  14,  12,  radical
  943, 23 41,         1,  3,  5,  8,   7,   8,   12,  0,   15,  13,  radical
  944, 2⁴ 59,         2,  4,  6,  9,   8,   9,   13,  1,   16,  14,  
  945, 3³ 5 7,        0,  0,  0,  10,  9,   10,  14,  2,   17,  15,  
  946, 2 11 43,       1,  1,  1,  0,   10,  11,  15,  3,   18,  16,  radical
  947, 947,           2,  2,  2,  1,   11,  12,  16,  4,   19,  17,  prime
  948, 2² 3 79,       0,  3,  3,  2,   12,  13,  17,  5,   20,  18,  
  949, 13 73,         1,  4,  4,  3,   0,   14,  18,  6,   21,  19,  radical
  950, 2 5² 19,       2,  0,  5,  4,   1,   15,  0,   7,   22,  20,  
  951, 3 317,         0,  1,  6,  5,   2,   16,  1,   8,   23,  21,  radical
  952, 2³ 7 17,       1,  2,  0,  6,   3,   0,   2,   9,   24,  22,  
  953, 953,           2,  3,  1,  7,   4,   1,   3,   10,  25,  23,  prime
  954, 2 3² 53,       0,  4,  2,  8,   5,   2,   4,   11,  26,  24,  
  955, 5 191,         1,  0,  3,  9,   6,   3,   5,   12,  27,  25,  radical
  956, 2² 239,        2,  1,  4,  10,  7,   4,   6,   13,  28,  26,  
  957, 3 11 29,       0,  2,  5,  0,   8,   5,   7,   14,  0,   27,  radical
  958, 2 479,         1,  3,  6,  1,   9,   6,   8,   15,  1,   28,  radical
  959, 7 137,         2,  4,  0,  2,   10,  7,   9,   16,  2,   29,  radical
  960, 2⁶ 3 5,        0,  0,  1,  3,   11,  8,   10,  17,  3,   30,  
  961, 31²,           1,  1,  2,  4,   12,  9,   11,  18,  4,   0,   prime power
  962, 2 13 37,       2,  2,  3,  5,   0,   10,  12,  19,  5,   1,   radical
  963, 3² 107,        0,  3,  4,  6,   1,   11,  13,  20,  6,   2,   
  964, 2² 241,        1,  4,  5,  7,   2,   12,  14,  21,  7,   3,   
  965, 5 193,         2,  0,  6,  8,   3,   13,  15,  22,  8,   4,   radical
  966, 2 3 7 23,      0,  1,  0,  9,   4,   14,  16,  0,   9,   5,   radical
  967, 967,           1,  2,  1,  10,  5,   15,  17,  1,   10,  6,   prime
  968, 2³ 11²,        2,  3,  2,  0,   6,   16,  18,  2,   11,  7,   
  969, 3 17 19,       0,  4,  3,  1,   7,   0,   0,   3,   12,  8,   radical
  970, 2 5 97,        1,  0,  4,  2,   8,   1,   1,   4,   13,  9,   radical
  971, 971,           2,  1,  5,  3,   9,   2,   2,   5,   14,  10,  prime
  972, 2² 3⁵,         0,  2,  6,  4,   10,  3,   3,   6,   15,  11,  
  973, 7 139,         1,  3,  0,  5,   11,  4,   4,   7,   16,  12,  radical
  974, 2 487,         2,  4,  1,  6,   12,  5,   5,   8,   17,  13,  radical
  975, 3 5² 13,       0,  0,  2,  7,   0,   6,   6,   9,   18,  14,  
  976, 2⁴ 61,         1,  1,  3,  8,   1,   7,   7,   10,  19,  15,  
  977, 977,           2,  2,  4,  9,   2,   8,   8,   11,  20,  16,  prime
  978, 2 3 163,       0,  3,  5,  10,  3,   9,   9,   12,  21,  17,  radical
  979, 11 89,         1,  4,  6,  0,   4,   10,  10,  13,  22,  18,  radical
  980, 2² 5 7²,       2,  0,  0,  1,   5,   11,  11,  14,  23,  19,  
  981, 3² 109,        0,  1,  1,  2,   6,   12,  12,  15,  24,  20,  
  982, 2 491,         1,  2,  2,  3,   7,   13,  13,  16,  25,  21,  radical
  983, 983,           2,  3,  3,  4,   8,   14,  14,  17,  26,  22,  prime
  984, 2³ 3 41,       0,  4,  4,  5,   9,   15,  15,  18,  27,  23,  
  985, 5 197,         1,  0,  5,  6,   10,  16,  16,  19,  28,  24,  radical
  986, 2 17 29,       2,  1,  6,  7,   11,  0,   17,  20,  0,   25,  radical
  987, 3 7 47,        0,  2,  0,  8,   12,  1,   18,  21,  1,   26,  radical
  988, 2² 13 19,      1,  3,  1,  9,   0,   2,   0,   22,  2,   27,  
  989, 23 43,         2,  4,  2,  10,  1,   3,   1,   0,   3,   28,  radical
  990, 2 3² 5 11,     0,  0,  3,  0,   2,   4,   2,   1,   4,   29,  
  991, 991,           1,  1,  4,  1,   3,   5,   3,   2,   5,   30,  prime
  992, 2⁵ 31,         2,  2,  5,  2,   4,   6,   4,   3,   6,   0,   
  993, 3 331,         0,  3,  6,  3,   5,   7,   5,   4,   7,   1,   radical
  994, 2 7 71,        1,  4,  0,  4,   6,   8,   6,   5,   8,   2,   radical
  995, 5 199,         2,  0,  1,  5,   7,   9,   7,   6,   9,   3,   radical
  996, 2² 3 83,       0,  1,  2,  6,   8,   10,  8,   7,   10,  4,   
  997, 997,           1,  2,  3,  7,   9,   11,  9,   8,   11,  5,   prime
  998, 2 499,         2,  3,  4,  8,   10,  12,  10,  9,   12,  6,   radical
  999, 3³ 37,         0,  4,  5,  9,   11,  13,  11,  10,  13,  7,   
 1000, 2³ 5³,         1,  0,  6,  10,  12,  14,  12,  11,  14,  8,   radical power
