# "Odd core neighbor" fingerprints by Collatz odd-to-odd stopping distance
#
# `dist`    the number of odd-to-odd Collatz for n steps to reach 1
# `n`       a positive odd integer
# `nl`      the odd core valuation of the even number n-1 to the left of odd n
# `nr`      the odd core valuation of the even number n+1 to the right of odd n
# `base2`   the binary representation of n
# `factors` the prime factors of n

dist,    n,       nl,       nr,       base2, factors
   0,    1,    (0 0),    (1 1),           1, {}
   1,    5,    (1 2),    (3 1),         101, {5}
   1,   21,    (5 2),   (11 1),       10101, {3 7}
   1,   85,   (21 2),   (43 1),     1010101, {5 17}
   1,  341,   (85 2),  (171 1),   101010101, {11 31}
   2,    3,    (1 1),    (1 2),          11, {3}
   2,   13,    (3 2),    (7 1),        1101, {13}
   2,   53,   (13 2),   (27 1),      110101, {53}
   2,  113,    (7 4),   (57 1),     1110001, {113}
   2,  213,   (53 2),  (107 1),    11010101, {3 71}
   2,  227,  (113 1),   (57 2),    11100011, {227}
   2,  453,  (113 2),  (227 1),   111000101, {3 151}
   2,  853,  (213 2),  (427 1),  1101010101, {853}
   2,  909,  (227 2),  (455 1),  1110001101, {3 101}
   3,   17,    (1 4),    (9 1),       10001, {17}
   3,   35,   (17 1),    (9 2),      100011, {5 7}
   3,   69,   (17 2),   (35 1),     1000101, {3 23}
   3,   75,   (37 1),   (19 2),     1001011, {3 5}
   3,  141,   (35 2),   (71 1),    10001101, {3 47}
   3,  151,   (75 1),   (19 3),    10010111, {151}
   3,  277,   (69 2),  (139 1),   100010101, {277}
   3,  301,   (75 2),  (151 1),   100101101, {7 43}
   3,  565,  (141 2),  (283 1),  1000110101, {5 113}
   3,  605,  (151 2),  (303 1),  1001011101, {5 11}
   4,   11,    (5 1),    (3 2),        1011, {11}
   4,   23,   (11 1),    (3 3),       10111, {23}
   4,   45,   (11 2),   (23 1),      101101, {3 5}
   4,   93,   (23 2),   (47 1),     1011101, {3 31}
   4,  181,   (45 2),   (91 1),    10110101, {181}
   4,  201,   (25 3),  (101 1),    11001001, {3 67}
   4,  369,   (23 4),  (185 1),   101110001, {3 41}
   4,  373,   (93 2),  (187 1),   101110101, {373}
   4,  401,   (25 4),  (201 1),   110010001, {401}
   4,  403,  (201 1),  (101 2),   110010011, {13 31}
   4,  725,  (181 2),  (363 1),  1011010101, {5 29}
   4,  739,  (369 1),  (185 2),  1011100011, {739}
   4,  753,   (47 4),  (377 1),  1011110001, {3 251}
   4,  803,  (401 1),  (201 2),  1100100011, {11 73}
   4,  805,  (201 2),  (403 1),  1100100101, {5 7 23}
   5,    7,    (3 1),    (1 3),         111, {7}
   5,   15,    (7 1),    (1 4),        1111, {3 5}
   5,   29,    (7 2),   (15 1),       11101, {29}
   5,   61,   (15 2),   (31 1),      111101, {61}
   5,  117,   (29 2),   (59 1),     1110101, {3 13}
   5,  241,   (15 4),  (121 1),    11110001, {241}
   5,  245,   (61 2),  (123 1),    11110101, {5 7}
   5,  267,  (133 1),   (67 2),   100001011, {3 89}
   5,  469,  (117 2),  (235 1),   111010101, {7 67}
   5,  483,  (241 1),  (121 2),   111100011, {3 7 23}
   5,  497,   (31 4),  (249 1),   111110001, {7 71}
   5,  535,  (267 1),   (67 3),  1000010111, {5 107}
   5,  537,   (67 3),  (269 1),  1000011001, {3 179}
   5,  965,  (241 2),  (483 1),  1111000101, {5 193}
   5,  981,  (245 2),  (491 1),  1111010101, {3 109}
   5,  985,  (123 3),  (493 1),  1111011001, {5 197}
   5,  995,  (497 1),  (249 2),  1111100011, {5 199}
   6,    9,    (1 3),    (5 1),        1001, {3}
   6,   19,    (9 1),    (5 2),       10011, {19}
   6,   37,    (9 2),   (19 1),      100101, {37}
   6,   77,   (19 2),   (39 1),     1001101, {7 11}
   6,   81,    (5 4),   (41 1),     1010001, {3}
   6,  149,   (37 2),   (75 1),    10010101, {149}
   6,  163,   (81 1),   (41 2),    10100011, {163}
   6,  309,   (77 2),  (155 1),   100110101, {3 103}
   6,  321,    (5 6),  (161 1),   101000001, {3 107}
   6,  325,   (81 2),  (163 1),   101000101, {5 13}
   6,  331,  (165 1),   (83 2),   101001011, {331}
   6,  597,  (149 2),  (299 1),  1001010101, {3 199}
   6,  625,   (39 4),  (313 1),  1001110001, {5}
   6,  643,  (321 1),  (161 2),  1010000011, {643}
   6,  653,  (163 2),  (327 1),  1010001101, {653}
   6,  663,  (331 1),   (83 3),  1010010111, {3 13 17}
   6,  713,   (89 3),  (357 1),  1011001001, {23 31}
   6,  715,  (357 1),  (179 2),  1011001011, {5 11 13}
   7,   25,    (3 3),   (13 1),       11001, {5}
   7,   49,    (3 4),   (25 1),      110001, {7}
   7,   51,   (25 1),   (13 2),      110011, {3 17}
   7,   99,   (49 1),   (25 2),     1100011, {3 11}
   7,  101,   (25 2),   (51 1),     1100101, {101}
   7,  197,   (49 2),   (99 1),    11000101, {197}
   7,  205,   (51 2),  (103 1),    11001101, {5 41}
   7,  217,   (27 3),  (109 1),    11011001, {7 31}
   7,  397,   (99 2),  (199 1),   110001101, {397}
   7,  405,  (101 2),  (203 1),   110010101, {3 5}
   7,  433,   (27 4),  (217 1),   110110001, {433}
   7,  435,  (217 1),  (109 2),   110110011, {3 5 29}
   7,  441,   (55 3),  (221 1),   110111001, {3 7}
   7,  475,  (237 1),  (119 2),   111011011, {5 19}
   7,  789,  (197 2),  (395 1),  1100010101, {3 263}
   7,  821,  (205 2),  (411 1),  1100110101, {821}
   7,  833,   (13 6),  (417 1),  1101000001, {7 17}
   7,  857,  (107 3),  (429 1),  1101011001, {857}
   7,  867,  (433 1),  (217 2),  1101100011, {3 17}
   7,  869,  (217 2),  (435 1),  1101100101, {11 79}
   7,  875,  (437 1),  (219 2),  1101101011, {5 7}
   7,  883,  (441 1),  (221 2),  1101110011, {883}
   7,  951,  (475 1),  (119 3),  1110110111, {3 317}
   7,  953,  (119 3),  (477 1),  1110111001, {953}
   7,  955,  (477 1),  (239 2),  1110111011, {5 191}
   8,   33,    (1 5),   (17 1),      100001, {3 11}
   8,   65,    (1 6),   (33 1),     1000001, {5 13}
   8,   67,   (33 1),   (17 2),     1000011, {67}
   8,  131,   (65 1),   (33 2),    10000011, {131}
   8,  133,   (33 2),   (67 1),    10000101, {7 19}
   8,  261,   (65 2),  (131 1),   100000101, {3 29}
   8,  269,   (67 2),  (135 1),   100001101, {269}
   8,  273,   (17 4),  (137 1),   100010001, {3 7 13}
   8,  289,    (9 5),  (145 1),   100100001, {17}
   8,  525,  (131 2),  (263 1),  1000001101, {3 5 7}
   8,  529,   (33 4),  (265 1),  1000010001, {23}
   8,  533,  (133 2),  (267 1),  1000010101, {13 41}
   8,  547,  (273 1),  (137 2),  1000100011, {547}
   8,  555,  (277 1),  (139 2),  1000101011, {3 5 37}
   8,  571,  (285 1),  (143 2),  1000111011, {571}
   8,  577,    (9 6),  (289 1),  1001000001, {577}
   8,  579,  (289 1),  (145 2),  1001000011, {3 193}
   8,  583,  (291 1),   (73 3),  1001000111, {11 53}
   8,  633,   (79 3),  (317 1),  1001111001, {3 211}
   8,  635,  (317 1),  (159 2),  1001111011, {5 127}
   9,   43,   (21 1),   (11 2),      101011, {43}
   9,   87,   (43 1),   (11 3),     1010111, {3 29}
   9,   89,   (11 3),   (45 1),     1011001, {89}
   9,  173,   (43 2),   (87 1),    10101101, {173}
   9,  177,   (11 4),   (89 1),    10110001, {3 59}
   9,  179,   (89 1),   (45 2),    10110011, {179}
   9,  349,   (87 2),  (175 1),   101011101, {349}
   9,  355,  (177 1),   (89 2),   101100011, {5 71}
   9,  357,   (89 2),  (179 1),   101100101, {3 7 17}
   9,  385,    (3 7),  (193 1),   110000001, {5 7 11}
   9,  423,  (211 1),   (53 3),   110100111, {3 47}
   9,  693,  (173 2),  (347 1),  1010110101, {3 7 11}
   9,  705,   (11 6),  (353 1),  1011000001, {3 5 47}
   9,  709,  (177 2),  (355 1),  1011000101, {709}
   9,  717,  (179 2),  (359 1),  1011001101, {3 239}
   9,  729,   (91 3),  (365 1),  1011011001, {3}
   9,  761,   (95 3),  (381 1),  1011111001, {761}
   9,  769,    (3 8),  (385 1),  1100000001, {769}
   9,  771,  (385 1),  (193 2),  1100000011, {3 257}
   9,  777,   (97 3),  (389 1),  1100001001, {3 7 37}
   9,  847,  (423 1),   (53 4),  1101001111, {7 11}
  10,   57,    (7 3),   (29 1),      111001, {3 19}
  10,   59,   (29 1),   (15 2),      111011, {59}
  10,  115,   (57 1),   (29 2),     1110011, {5 23}
  10,  119,   (59 1),   (15 3),     1110111, {7 17}
  10,  229,   (57 2),  (115 1),    11100101, {229}
  10,  237,   (59 2),  (119 1),    11101101, {3 79}
  10,  461,  (115 2),  (231 1),   111001101, {461}
  10,  465,   (29 4),  (233 1),   111010001, {3 5 31}
  10,  473,   (59 3),  (237 1),   111011001, {11 43}
  10,  477,  (119 2),  (239 1),   111011101, {3 53}
  10,  507,  (253 1),  (127 2),   111111011, {3 13}
  10,  513,    (1 9),  (257 1),  1000000001, {3 19}
  10,  917,  (229 2),  (459 1),  1110010101, {7 131}
  10,  931,  (465 1),  (233 2),  1110100011, {7 19}
  10,  943,  (471 1),   (59 4),  1110101111, {23 41}
  10,  945,   (59 4),  (473 1),  1110110001, {3 5 7}
  10,  947,  (473 1),  (237 2),  1110110011, {947}
  10,  949,  (237 2),  (475 1),  1110110101, {13 73}
  10,  971,  (485 1),  (243 2),  1111001011, {971}
  10,  987,  (493 1),  (247 2),  1111011011, {3 7 47}
  11,   39,   (19 1),    (5 3),      100111, {3 13}
  11,   79,   (39 1),    (5 4),     1001111, {79}
  11,  153,   (19 3),   (77 1),    10011001, {3 17}
  11,  157,   (39 2),   (79 1),    10011101, {157}
  11,  305,   (19 4),  (153 1),   100110001, {5 61}
  11,  307,  (153 1),   (77 2),   100110011, {307}
  11,  315,  (157 1),   (79 2),   100111011, {3 5 7}
  11,  317,   (79 2),  (159 1),   100111101, {317}
  11,  611,  (305 1),  (153 2),  1001100011, {13 47}
  11,  613,  (153 2),  (307 1),  1001100101, {613}
  11,  629,  (157 2),  (315 1),  1001110101, {17 37}
  11,  631,  (315 1),   (79 3),  1001110111, {631}
  11,  647,  (323 1),   (81 3),  1010000111, {647}
  11,  683,  (341 1),  (171 2),  1010101011, {683}
  11,  687,  (343 1),   (43 4),  1010101111, {3 229}
  12,  105,   (13 3),   (53 1),     1101001, {3 5 7}
  12,  203,  (101 1),   (51 2),    11001011, {7 29}
  12,  209,   (13 4),  (105 1),    11010001, {11 19}
  12,  211,  (105 1),   (53 2),    11010011, {211}
  12,  407,  (203 1),   (51 3),   110010111, {11 37}
  12,  409,   (51 3),  (205 1),   110011001, {409}
  12,  419,  (209 1),  (105 2),   110100011, {419}
  12,  421,  (105 2),  (211 1),   110100101, {421}
  12,  431,  (215 1),   (27 4),   110101111, {431}
  12,  455,  (227 1),   (57 3),   111000111, {5 7 13}
  12,  813,  (203 2),  (407 1),  1100101101, {3 271}
  12,  817,   (51 4),  (409 1),  1100110001, {19 43}
  12,  819,  (409 1),  (205 2),  1100110011, {3 7 13}
  12,  827,  (413 1),  (207 2),  1100111011, {827}
  12,  837,  (209 2),  (419 1),  1101000101, {3 31}
  12,  841,  (105 3),  (421 1),  1101001001, {29}
  12,  843,  (421 1),  (211 2),  1101001011, {3 281}
  12,  845,  (211 2),  (423 1),  1101001101, {5 13}
  12,  863,  (431 1),   (27 5),  1101011111, {863}
  12,  911,  (455 1),   (57 4),  1110001111, {911}
  13,  135,   (67 1),   (17 3),    10000111, {3 5}
  13,  139,   (69 1),   (35 2),    10001011, {139}
  13,  271,  (135 1),   (17 4),   100001111, {271}
  13,  279,  (139 1),   (35 3),   100010111, {3 31}
  13,  281,   (35 3),  (141 1),   100011001, {281}
  13,  287,  (143 1),    (9 5),   100011111, {7 41}
  13,  303,  (151 1),   (19 4),   100101111, {3 101}
  13,  541,  (135 2),  (271 1),  1000011101, {541}
  13,  545,   (17 5),  (273 1),  1000100001, {5 109}
  13,  551,  (275 1),   (69 3),  1000100111, {19 29}
  13,  557,  (139 2),  (279 1),  1000101101, {557}
  13,  561,   (35 4),  (281 1),  1000110001, {3 11 17}
  13,  563,  (281 1),  (141 2),  1000110011, {563}
  13,  575,  (287 1),    (9 6),  1000111111, {5 23}
  13,  607,  (303 1),   (19 5),  1001011111, {607}
  14,  185,   (23 3),   (93 1),    10111001, {5 37}
  14,  187,   (93 1),   (47 2),    10111011, {11 17}
  14,  191,   (95 1),    (3 6),    10111111, {191}
  14,  361,   (45 3),  (181 1),   101101001, {19}
  14,  363,  (181 1),   (91 2),   101101011, {3 11}
  14,  367,  (183 1),   (23 4),   101101111, {367}
  14,  371,  (185 1),   (93 2),   101110011, {7 53}
  14,  375,  (187 1),   (47 3),   101110111, {3 5}
  14,  383,  (191 1),    (3 7),   101111111, {383}
  14,  721,   (45 4),  (361 1),  1011010001, {7 103}
  14,  723,  (361 1),  (181 2),  1011010011, {3 241}
  14,  727,  (363 1),   (91 3),  1011010111, {727}
  14,  735,  (367 1),   (23 5),  1011011111, {3 5 7}
  14,  741,  (185 2),  (371 1),  1011100101, {3 13 19}
  14,  747,  (373 1),  (187 2),  1011101011, {3 83}
  14,  749,  (187 2),  (375 1),  1011101101, {7 107}
  14,  765,  (191 2),  (383 1),  1011111101, {3 5 17}
  14,  809,  (101 3),  (405 1),  1100101001, {809}
  14,  891,  (445 1),  (223 2),  1101111011, {3 11}
  15,  123,   (61 1),   (31 2),     1111011, {3 41}
  15,  127,   (63 1),    (1 7),     1111111, {127}
  15,  247,  (123 1),   (31 3),    11110111, {13 19}
  15,  249,   (31 3),  (125 1),    11111001, {3 83}
  15,  255,  (127 1),    (1 8),    11111111, {3 5 17}
  15,  481,   (15 5),  (241 1),   111100001, {13 37}
  15,  489,   (61 3),  (245 1),   111101001, {3 163}
  15,  493,  (123 2),  (247 1),   111101101, {17 29}
  15,  499,  (249 1),  (125 2),   111110011, {499}
  15,  509,  (127 2),  (255 1),   111111101, {509}
  15,  539,  (269 1),  (135 2),  1000011011, {7 11}
  15,  961,   (15 6),  (481 1),  1111000001, {31}
  15,  963,  (481 1),  (241 2),  1111000011, {3 107}
  15,  969,  (121 3),  (485 1),  1111001001, {3 17 19}
  15,  979,  (489 1),  (245 2),  1111010011, {11 89}
  15,  989,  (247 2),  (495 1),  1111011101, {23 43}
  15,  997,  (249 2),  (499 1),  1111100101, {997}
  15,  999,  (499 1),  (125 3),  1111100111, {3 37}
  16,  169,   (21 3),   (85 1),    10101001, {13}
  16,  329,   (41 3),  (165 1),   101001001, {7 47}
  16,  339,  (169 1),   (85 2),   101010011, {3 113}
  16,  359,  (179 1),   (45 3),   101100111, {359}
  16,  641,    (5 7),  (321 1),  1010000001, {641}
  16,  657,   (41 4),  (329 1),  1010010001, {3 73}
  16,  659,  (329 1),  (165 2),  1010010011, {659}
  16,  665,   (83 3),  (333 1),  1010011001, {5 7 19}
  16,  677,  (169 2),  (339 1),  1010100101, {677}
  16,  719,  (359 1),   (45 4),  1011001111, {719}
  17,  219,  (109 1),   (55 2),    11011011, {3 73}
  17,  225,    (7 5),  (113 1),    11100001, {3 5}
  17,  239,  (119 1),   (15 4),    11101111, {239}
  17,  427,  (213 1),  (107 2),   110101011, {7 61}
  17,  439,  (219 1),   (55 3),   110110111, {439}
  17,  443,  (221 1),  (111 2),   110111011, {443}
  17,  451,  (225 1),  (113 2),   111000011, {11 41}
  17,  479,  (239 1),   (15 5),   111011111, {479}
  17,  855,  (427 1),  (107 3),  1101010111, {3 5 19}
  17,  877,  (219 2),  (439 1),  1101101101, {877}
  17,  887,  (443 1),  (111 3),  1101110111, {887}
  17,  901,  (225 2),  (451 1),  1110000101, {17 53}
  17,  907,  (453 1),  (227 2),  1110001011, {907}
  17,  957,  (239 2),  (479 1),  1110111101, {3 11 29}
  18,  159,   (79 1),    (5 5),    10011111, {3 53}
  18,  295,  (147 1),   (37 3),   100100111, {5 59}
  18,  319,  (159 1),    (5 6),   100111111, {11 29}
  18,  569,   (71 3),  (285 1),  1000111001, {569}
  18,  585,   (73 3),  (293 1),  1001001001, {3 5 13}
  18,  591,  (295 1),   (37 4),  1001001111, {3 197}
  18,  601,   (75 3),  (301 1),  1001011001, {601}
  18,  637,  (159 2),  (319 1),  1001111101, {7 13}
  19,  379,  (189 1),   (95 2),   101111011, {379}
  19,  393,   (49 3),  (197 1),   110001001, {3 131}
  19,  425,   (53 3),  (213 1),   110101001, {5 17}
  19,  759,  (379 1),   (95 3),  1011110111, {3 11 23}
  19,  767,  (383 1),    (3 8),  1011111111, {13 59}
  19,  779,  (389 1),  (195 2),  1100001011, {19 41}
  19,  787,  (393 1),  (197 2),  1100010011, {787}
  19,  801,   (25 5),  (401 1),  1100100001, {3 89}
  19,  849,   (53 4),  (425 1),  1101010001, {3 283}
  19,  851,  (425 1),  (213 2),  1101010011, {23 37}
  20,  283,  (141 1),   (71 2),   100011011, {283}
  20,  505,   (63 3),  (253 1),   111111001, {5 101}
  20,  511,  (255 1),    (1 9),   111111111, {7 73}
  20,  519,  (259 1),   (65 3),  1000000111, {3 173}
  20,  567,  (283 1),   (71 3),  1000110111, {3 7}
  21,  377,   (47 3),  (189 1),   101111001, {13 29}
  21,  673,   (21 5),  (337 1),  1010100001, {673}
  21,  679,  (339 1),   (85 3),  1010100111, {7 97}
  21,  681,   (85 3),  (341 1),  1010101001, {3 227}
  21,  699,  (349 1),  (175 2),  1010111011, {3 233}
  21,  711,  (355 1),   (89 3),  1011000111, {3 79}
  21,  755,  (377 1),  (189 2),  1011110011, {5 151}
  22,  251,  (125 1),   (63 2),    11111011, {251}
  22,  503,  (251 1),   (63 3),   111110111, {503}
  22,  897,    (7 7),  (449 1),  1110000001, {3 13 23}
  22,  905,  (113 3),  (453 1),  1110001001, {5 181}
  22,  923,  (461 1),  (231 2),  1110011011, {13 71}
  23,  167,   (83 1),   (21 3),    10100111, {167}
  23,  335,  (167 1),   (21 4),   101001111, {5 67}
  23,  603,  (301 1),  (151 2),  1001011011, {3 67}
  23,  615,  (307 1),   (77 3),  1001100111, {3 5 41}
  23,  669,  (167 2),  (335 1),  1010011101, {3 223}
  24,  111,   (55 1),    (7 4),     1101111, {3 37}
  24,  223,  (111 1),    (7 5),    11011111, {223}
  24,  445,  (111 2),  (223 1),   110111101, {5 89}
  24,  799,  (399 1),   (25 5),  1100011111, {17 47}
  24,  807,  (403 1),  (101 3),  1100100111, {3 269}
  24,  893,  (223 2),  (447 1),  1101111101, {19 47}
  25,  297,   (37 3),  (149 1),   100101001, {3 11}
  25,  593,   (37 4),  (297 1),  1001010001, {593}
  25,  595,  (297 1),  (149 2),  1001010011, {5 7 17}
  26,  395,  (197 1),   (99 2),   110001011, {5 79}
  26,  791,  (395 1),   (99 3),  1100010111, {7 113}
  26,  793,   (99 3),  (397 1),  1100011001, {13 61}
  27,  263,  (131 1),   (33 3),   100000111, {263}
  27,  527,  (263 1),   (33 4),  1000001111, {17 31}
  28,  175,   (87 1),   (11 4),    10101111, {5 7}
  28,  351,  (175 1),   (11 5),   101011111, {3 13}
  28,  701,  (175 2),  (351 1),  1010111101, {701}
  29,  233,   (29 3),  (117 1),    11101001, {233}
  29,  467,  (233 1),  (117 2),   111010011, {467}
  29,  839,  (419 1),  (105 3),  1101000111, {839}
  29,  933,  (233 2),  (467 1),  1110100101, {3 311}
  29,  939,  (469 1),  (235 2),  1110101011, {3 313}
  30,  155,   (77 1),   (39 2),    10011011, {5 31}
  30,  311,  (155 1),   (39 3),   100110111, {311}
  30,  559,  (279 1),   (35 4),  1000101111, {13 43}
  30,  621,  (155 2),  (311 1),  1001101101, {3 23}
  31,  103,   (51 1),   (13 3),     1100111, {103}
  31,  207,  (103 1),   (13 4),    11001111, {3 23}
  31,  413,  (103 2),  (207 1),   110011101, {7 59}
  31,  745,   (93 3),  (373 1),  1011101001, {5 149}
  31,  829,  (207 2),  (415 1),  1100111101, {829}
  32,  137,   (17 3),   (69 1),    10001001, {137}
  32,  275,  (137 1),   (69 2),   100010011, {5 11}
  32,  549,  (137 2),  (275 1),  1000100101, {3 61}
  32,  993,   (31 5),  (497 1),  1111100001, {3 331}
  33,   91,   (45 1),   (23 2),     1011011, {7 13}
  33,  183,   (91 1),   (23 3),    10110111, {3 61}
  33,  365,   (91 2),  (183 1),   101101101, {5 73}
  33,  671,  (335 1),   (21 5),  1010011111, {11 61}
  33,  733,  (183 2),  (367 1),  1011011101, {733}
  33,  743,  (371 1),   (93 3),  1011100111, {743}
  34,  121,   (15 3),   (61 1),     1111001, {11}
  34,  243,  (121 1),   (61 2),    11110011, {3}
  34,  447,  (223 1),    (7 6),   110111111, {3 149}
  34,  485,  (121 2),  (243 1),   111100101, {5 97}
  34,  495,  (247 1),   (31 4),   111101111, {3 5 11}
  34,  895,  (447 1),    (7 7),  1101111111, {5 179}
  34,  973,  (243 2),  (487 1),  1111001101, {7 139}
  34,  977,   (61 4),  (489 1),  1111010001, {977}
  34,  991,  (495 1),   (31 5),  1111011111, {991}
  35,  161,    (5 5),   (81 1),    10100001, {7 23}
  35,  323,  (161 1),   (81 2),   101000011, {17 19}
  35,  645,  (161 2),  (323 1),  1010000101, {3 5 43}
  35,  651,  (325 1),  (163 2),  1010001011, {3 7 31}
  36,  107,   (53 1),   (27 2),     1101011, {107}
  36,  215,  (107 1),   (27 3),    11010111, {5 43}
  36,  429,  (107 2),  (215 1),   110101101, {3 11 13}
  36,  795,  (397 1),  (199 2),  1100011011, {3 5 53}
  36,  861,  (215 2),  (431 1),  1101011101, {3 7 41}
  37,   71,   (35 1),    (9 3),     1000111, {71}
  37,  143,   (71 1),    (9 4),    10001111, {11 13}
  37,  285,   (71 2),  (143 1),   100011101, {3 5 19}
  37,  573,  (143 2),  (287 1),  1000111101, {3 191}
  38,   47,   (23 1),    (3 4),      101111, {47}
  38,   95,   (47 1),    (3 5),     1011111, {5 19}
  38,  189,   (47 2),   (95 1),    10111101, {3 7}
  38,  381,   (95 2),  (191 1),   101111101, {3 127}
  38,  757,  (189 2),  (379 1),  1011110101, {757}
  39,   31,   (15 1),    (1 5),       11111, {31}
  39,   63,   (31 1),    (1 6),      111111, {3 7}
  39,  125,   (31 2),   (63 1),     1111101, {5}
  39,  253,   (63 2),  (127 1),    11111101, {11 23}
  39,  501,  (125 2),  (251 1),   111110101, {3 167}
  40,   41,    (5 3),   (21 1),      101001, {41}
  40,   83,   (41 1),   (21 2),     1010011, {83}
  40,  165,   (41 2),   (83 1),    10100101, {3 5 11}
  40,  333,   (83 2),  (167 1),   101001101, {3 37}
  40,  337,   (21 4),  (169 1),   101010001, {337}
  40,  661,  (165 2),  (331 1),  1010010101, {661}
  40,  675,  (337 1),  (169 2),  1010100011, {3 5}
  41,   27,   (13 1),    (7 2),       11011, {3}
  41,   55,   (27 1),    (7 3),      110111, {5 11}
  41,  109,   (27 2),   (55 1),     1101101, {109}
  41,  221,   (55 2),  (111 1),    11011101, {13 17}
  41,  437,  (109 2),  (219 1),   110110101, {19 23}
  41,  449,    (7 6),  (225 1),   111000001, {449}
  41,  881,   (55 4),  (441 1),  1101110001, {881}
  41,  885,  (221 2),  (443 1),  1101110101, {3 5 59}
  41,  899,  (449 1),  (225 2),  1110000011, {29 31}
  41,  903,  (451 1),  (113 3),  1110000111, {3 7 43}
  41,  927,  (463 1),   (29 5),  1110011111, {3 103}
  42,   73,    (9 3),   (37 1),     1001001, {73}
  42,  145,    (9 4),   (73 1),    10010001, {5 29}
  42,  147,   (73 1),   (37 2),    10010011, {3 7}
  42,  291,  (145 1),   (73 2),   100100011, {3 97}
  42,  293,   (73 2),  (147 1),   100100101, {293}
  42,  299,  (149 1),   (75 2),   100101011, {13 23}
  42,  581,  (145 2),  (291 1),  1001000101, {7 83}
  42,  587,  (293 1),  (147 2),  1001001011, {587}
  42,  589,  (147 2),  (295 1),  1001001101, {19 31}
  42,  599,  (299 1),   (75 3),  1001010111, {599}
  43,   97,    (3 5),   (49 1),     1100001, {97}
  43,  193,    (3 6),   (97 1),    11000001, {193}
  43,  195,   (97 1),   (49 2),    11000011, {3 5 13}
  43,  199,   (99 1),   (25 3),    11000111, {199}
  43,  387,  (193 1),   (97 2),   110000011, {3 43}
  43,  389,   (97 2),  (195 1),   110000101, {389}
  43,  391,  (195 1),   (49 3),   110000111, {17 23}
  43,  399,  (199 1),   (25 4),   110001111, {3 7 19}
  43,  773,  (193 2),  (387 1),  1100000101, {773}
  43,  781,  (195 2),  (391 1),  1100001101, {11 71}
  43,  783,  (391 1),   (49 4),  1100001111, {3 29}
  43,  785,   (49 4),  (393 1),  1100010001, {5 157}
  43,  797,  (199 2),  (399 1),  1100011101, {797}
  44,  129,    (1 7),   (65 1),    10000001, {3 43}
  44,  257,    (1 8),  (129 1),   100000001, {257}
  44,  259,  (129 1),   (65 2),   100000011, {7 37}
  44,  265,   (33 3),  (133 1),   100001001, {5 53}
  44,  515,  (257 1),  (129 2),  1000000011, {5 103}
  44,  517,  (129 2),  (259 1),  1000000101, {11 47}
  44,  521,   (65 3),  (261 1),  1000001001, {521}
  44,  523,  (261 1),  (131 2),  1000001011, {523}
  44,  531,  (265 1),  (133 2),  1000010011, {3 59}
  45,  171,   (85 1),   (43 2),    10101011, {3 19}
  45,  343,  (171 1),   (43 3),   101010111, {7}
  45,  345,   (43 3),  (173 1),   101011001, {3 5 23}
  45,  347,  (173 1),   (87 2),   101011011, {347}
  45,  353,   (11 5),  (177 1),   101100001, {353}
  45,  685,  (171 2),  (343 1),  1010101101, {5 137}
  45,  689,   (43 4),  (345 1),  1010110001, {13 53}
  45,  691,  (345 1),  (173 2),  1010110011, {691}
  45,  695,  (347 1),   (87 3),  1010110111, {5 139}
  45,  697,   (87 3),  (349 1),  1010111001, {17 41}
  45,  707,  (353 1),  (177 2),  1011000011, {7 101}
  46,  231,  (115 1),   (29 3),    11100111, {3 7 11}
  46,  235,  (117 1),   (59 2),    11101011, {5 47}
  46,  457,   (57 3),  (229 1),   111001001, {457}
  46,  459,  (229 1),  (115 2),   111001011, {3 17}
  46,  463,  (231 1),   (29 4),   111001111, {463}
  46,  471,  (235 1),   (59 3),   111010111, {3 157}
  46,  913,   (57 4),  (457 1),  1110010001, {11 83}
  46,  915,  (457 1),  (229 2),  1110010011, {3 5 61}
  46,  919,  (459 1),  (115 3),  1110010111, {919}
  46,  921,  (115 3),  (461 1),  1110011001, {3 307}
  46,  925,  (231 2),  (463 1),  1110011101, {5 37}
  46,  929,   (29 5),  (465 1),  1110100001, {929}
  46,  935,  (467 1),  (117 3),  1110100111, {5 11 17}
  46,  941,  (235 2),  (471 1),  1110101101, {941}
  46,  959,  (479 1),   (15 6),  1110111111, {7 137}
  47,  313,   (39 3),  (157 1),   100111001, {313}
  47,  609,   (19 5),  (305 1),  1001100001, {3 7 29}
  47,  617,   (77 3),  (309 1),  1001101001, {617}
  47,  619,  (309 1),  (155 2),  1001101011, {619}
  47,  623,  (311 1),   (39 4),  1001101111, {7 89}
  47,  627,  (313 1),  (157 2),  1001110011, {3 11 19}
  47,  639,  (319 1),    (5 7),  1001111111, {3 71}
  48,  411,  (205 1),  (103 2),   110011011, {3 137}
  48,  415,  (207 1),   (13 5),   110011111, {5 83}
  48,  417,   (13 5),  (209 1),   110100001, {3 139}
  48,  811,  (405 1),  (203 2),  1100101011, {811}
  48,  815,  (407 1),   (51 4),  1100101111, {5 163}
  48,  823,  (411 1),  (103 3),  1100110111, {823}
  48,  825,  (103 3),  (413 1),  1100111001, {3 5 11}
  48,  831,  (415 1),   (13 6),  1100111111, {3 277}
  48,  835,  (417 1),  (209 2),  1101000011, {5 167}
  49,  543,  (271 1),   (17 5),  1000011111, {3 181}
  49,  553,   (69 3),  (277 1),  1000101001, {7 79}
  50,  731,  (365 1),  (183 2),  1011011011, {17 43}
  50,  737,   (23 5),  (369 1),  1011100001, {11 67}
  50,  751,  (375 1),   (47 4),  1011101111, {751}
  51,  487,  (243 1),   (61 3),   111100111, {487}
  51,  491,  (245 1),  (123 2),   111101011, {491}
  51,  967,  (483 1),  (121 3),  1111000111, {967}
  51,  975,  (487 1),   (61 4),  1111001111, {3 5 13}
  51,  983,  (491 1),  (123 3),  1111010111, {983}
  52,  327,  (163 1),   (41 3),   101000111, {3 109}
  52,  649,   (81 3),  (325 1),  1010001001, {11 59}
  52,  655,  (327 1),   (41 4),  1010001111, {5 131}
  52,  667,  (333 1),  (167 2),  1010011011, {23 29}
  53,  859,  (429 1),  (215 2),  1101011011, {859}
  53,  865,   (27 5),  (433 1),  1101100001, {5 173}
  53,  873,  (109 3),  (437 1),  1101101001, {3 97}
  53,  879,  (439 1),   (55 4),  1101101111, {3 293}
  53,  889,  (111 3),  (445 1),  1101111001, {7 127}
  55,  763,  (381 1),  (191 2),  1011111011, {7 109}
  55,  775,  (387 1),   (97 3),  1100000111, {5 31}
  62,  703,  (351 1),   (11 6),  1010111111, {19 37}
  63,  937,  (117 3),  (469 1),  1110101001, {937}
  65,  871,  (435 1),  (109 3),  1101100111, {13 67}

