# Odd number information

# `n`       a positive odd integer
# `base3`   the ternary representation of n
# `base2`   the binary representation of n
# `dist`    the number of odd-to-odd Collatz for n steps to reach 1
# `nl`      the odd core valuation of the even number n-1 to the left of odd n
# `nr`      the odd core valuation of the even number n+1 to the right of odd n
# `m*`      the prime residues of n modulo a set of primes
# `factors` the prime factors of n

   n,    base3,       base2, dist,       nl,       nr, m3, m5, m7, m11, m13, m17, factors
   1,        1,           1,    0,    (0 0),    (1 1), 1,  1,  1,  1,   1,   1,   {}
   3,       10,          11,    2,    (1 1),    (1 2), 0,  3,  3,  3,   3,   3,   {3}
   5,       12,         101,    1,    (1 2),    (3 1), 2,  0,  5,  5,   5,   5,   {5}
   7,       21,         111,    5,    (3 1),    (1 3), 1,  2,  0,  7,   7,   7,   {7}
   9,      100,        1001,    6,    (1 3),    (5 1), 0,  4,  2,  9,   9,   9,   {3}
  11,      102,        1011,    4,    (5 1),    (3 2), 2,  1,  4,  0,   11,  11,  {11}
  13,      111,        1101,    2,    (3 2),    (7 1), 1,  3,  6,  2,   0,   13,  {13}
  15,      120,        1111,    5,    (7 1),    (1 4), 0,  0,  1,  4,   2,   15,  {3 5}
  17,      122,       10001,    3,    (1 4),    (9 1), 2,  2,  3,  6,   4,   0,   {17}
  19,      201,       10011,    6,    (9 1),    (5 2), 1,  4,  5,  8,   6,   2,   {19}
  21,      210,       10101,    1,    (5 2),   (11 1), 0,  1,  0,  10,  8,   4,   {3 7}
  23,      212,       10111,    4,   (11 1),    (3 3), 2,  3,  2,  1,   10,  6,   {23}
  25,      221,       11001,    7,    (3 3),   (13 1), 1,  0,  4,  3,   12,  8,   {5}
  27,     1000,       11011,   41,   (13 1),    (7 2), 0,  2,  6,  5,   1,   10,  {3}
  29,     1002,       11101,    5,    (7 2),   (15 1), 2,  4,  1,  7,   3,   12,  {29}
  31,     1011,       11111,   39,   (15 1),    (1 5), 1,  1,  3,  9,   5,   14,  {31}
  33,     1020,      100001,    8,    (1 5),   (17 1), 0,  3,  5,  0,   7,   16,  {3 11}
  35,     1022,      100011,    3,   (17 1),    (9 2), 2,  0,  0,  2,   9,   1,   {5 7}
  37,     1101,      100101,    6,    (9 2),   (19 1), 1,  2,  2,  4,   11,  3,   {37}
  39,     1110,      100111,   11,   (19 1),    (5 3), 0,  4,  4,  6,   0,   5,   {3 13}
  41,     1112,      101001,   40,    (5 3),   (21 1), 2,  1,  6,  8,   2,   7,   {41}
  43,     1121,      101011,    9,   (21 1),   (11 2), 1,  3,  1,  10,  4,   9,   {43}
  45,     1200,      101101,    4,   (11 2),   (23 1), 0,  0,  3,  1,   6,   11,  {3 5}
  47,     1202,      101111,   38,   (23 1),    (3 4), 2,  2,  5,  3,   8,   13,  {47}
  49,     1211,      110001,    7,    (3 4),   (25 1), 1,  4,  0,  5,   10,  15,  {7}
  51,     1220,      110011,    7,   (25 1),   (13 2), 0,  1,  2,  7,   12,  0,   {3 17}
  53,     1222,      110101,    2,   (13 2),   (27 1), 2,  3,  4,  9,   1,   2,   {53}
  55,     2001,      110111,   41,   (27 1),    (7 3), 1,  0,  6,  0,   3,   4,   {5 11}
  57,     2010,      111001,   10,    (7 3),   (29 1), 0,  2,  1,  2,   5,   6,   {3 19}
  59,     2012,      111011,   10,   (29 1),   (15 2), 2,  4,  3,  4,   7,   8,   {59}
  61,     2021,      111101,    5,   (15 2),   (31 1), 1,  1,  5,  6,   9,   10,  {61}
  63,     2100,      111111,   39,   (31 1),    (1 6), 0,  3,  0,  8,   11,  12,  {3 7}
  65,     2102,     1000001,    8,    (1 6),   (33 1), 2,  0,  2,  10,  0,   14,  {5 13}
  67,     2111,     1000011,    8,   (33 1),   (17 2), 1,  2,  4,  1,   2,   16,  {67}
  69,     2120,     1000101,    3,   (17 2),   (35 1), 0,  4,  6,  3,   4,   1,   {3 23}
  71,     2122,     1000111,   37,   (35 1),    (9 3), 2,  1,  1,  5,   6,   3,   {71}
  73,     2201,     1001001,   42,    (9 3),   (37 1), 1,  3,  3,  7,   8,   5,   {73}
  75,     2210,     1001011,    3,   (37 1),   (19 2), 0,  0,  5,  9,   10,  7,   {3 5}
  77,     2212,     1001101,    6,   (19 2),   (39 1), 2,  2,  0,  0,   12,  9,   {7 11}
  79,     2221,     1001111,   11,   (39 1),    (5 4), 1,  4,  2,  2,   1,   11,  {79}
  81,    10000,     1010001,    6,    (5 4),   (41 1), 0,  1,  4,  4,   3,   13,  {3}
  83,    10002,     1010011,   40,   (41 1),   (21 2), 2,  3,  6,  6,   5,   15,  {83}
  85,    10011,     1010101,    1,   (21 2),   (43 1), 1,  0,  1,  8,   7,   0,   {5 17}
  87,    10020,     1010111,    9,   (43 1),   (11 3), 0,  2,  3,  10,  9,   2,   {3 29}
  89,    10022,     1011001,    9,   (11 3),   (45 1), 2,  4,  5,  1,   11,  4,   {89}
  91,    10101,     1011011,   33,   (45 1),   (23 2), 1,  1,  0,  3,   0,   6,   {7 13}
  93,    10110,     1011101,    4,   (23 2),   (47 1), 0,  3,  2,  5,   2,   8,   {3 31}
  95,    10112,     1011111,   38,   (47 1),    (3 5), 2,  0,  4,  7,   4,   10,  {5 19}
  97,    10121,     1100001,   43,    (3 5),   (49 1), 1,  2,  6,  9,   6,   12,  {97}
  99,    10200,     1100011,    7,   (49 1),   (25 2), 0,  4,  1,  0,   8,   14,  {3 11}
 101,    10202,     1100101,    7,   (25 2),   (51 1), 2,  1,  3,  2,   10,  16,  {101}
 103,    10211,     1100111,   31,   (51 1),   (13 3), 1,  3,  5,  4,   12,  1,   {103}
 105,    10220,     1101001,   12,   (13 3),   (53 1), 0,  0,  0,  6,   1,   3,   {3 5 7}
 107,    10222,     1101011,   36,   (53 1),   (27 2), 2,  2,  2,  8,   3,   5,   {107}
 109,    11001,     1101101,   41,   (27 2),   (55 1), 1,  4,  4,  10,  5,   7,   {109}
 111,    11010,     1101111,   24,   (55 1),    (7 4), 0,  1,  6,  1,   7,   9,   {3 37}
 113,    11012,     1110001,    2,    (7 4),   (57 1), 2,  3,  1,  3,   9,   11,  {113}
 115,    11021,     1110011,   10,   (57 1),   (29 2), 1,  0,  3,  5,   11,  13,  {5 23}
 117,    11100,     1110101,    5,   (29 2),   (59 1), 0,  2,  5,  7,   0,   15,  {3 13}
 119,    11102,     1110111,   10,   (59 1),   (15 3), 2,  4,  0,  9,   2,   0,   {7 17}
 121,    11111,     1111001,   34,   (15 3),   (61 1), 1,  1,  2,  0,   4,   2,   {11}
 123,    11120,     1111011,   15,   (61 1),   (31 2), 0,  3,  4,  2,   6,   4,   {3 41}
 125,    11122,     1111101,   39,   (31 2),   (63 1), 2,  0,  6,  4,   8,   6,   {5}
 127,    11201,     1111111,   15,   (63 1),    (1 7), 1,  2,  1,  6,   10,  8,   {127}
 129,    11210,    10000001,   44,    (1 7),   (65 1), 0,  4,  3,  8,   12,  10,  {3 43}
 131,    11212,    10000011,    8,   (65 1),   (33 2), 2,  1,  5,  10,  1,   12,  {131}
 133,    11221,    10000101,    8,   (33 2),   (67 1), 1,  3,  0,  1,   3,   14,  {7 19}
 135,    12000,    10000111,   13,   (67 1),   (17 3), 0,  0,  2,  3,   5,   16,  {3 5}
 137,    12002,    10001001,   32,   (17 3),   (69 1), 2,  2,  4,  5,   7,   1,   {137}
 139,    12011,    10001011,   13,   (69 1),   (35 2), 1,  4,  6,  7,   9,   3,   {139}
 141,    12020,    10001101,    3,   (35 2),   (71 1), 0,  1,  1,  9,   11,  5,   {3 47}
 143,    12022,    10001111,   37,   (71 1),    (9 4), 2,  3,  3,  0,   0,   7,   {11 13}
 145,    12101,    10010001,   42,    (9 4),   (73 1), 1,  0,  5,  2,   2,   9,   {5 29}
 147,    12110,    10010011,   42,   (73 1),   (37 2), 0,  2,  0,  4,   4,   11,  {3 7}
 149,    12112,    10010101,    6,   (37 2),   (75 1), 2,  4,  2,  6,   6,   13,  {149}
 151,    12121,    10010111,    3,   (75 1),   (19 3), 1,  1,  4,  8,   8,   15,  {151}
 153,    12200,    10011001,   11,   (19 3),   (77 1), 0,  3,  6,  10,  10,  0,   {3 17}
 155,    12202,    10011011,   30,   (77 1),   (39 2), 2,  0,  1,  1,   12,  2,   {5 31}
 157,    12211,    10011101,   11,   (39 2),   (79 1), 1,  2,  3,  3,   1,   4,   {157}
 159,    12220,    10011111,   18,   (79 1),    (5 5), 0,  4,  5,  5,   3,   6,   {3 53}
 161,    12222,    10100001,   35,    (5 5),   (81 1), 2,  1,  0,  7,   5,   8,   {7 23}
 163,    20001,    10100011,    6,   (81 1),   (41 2), 1,  3,  2,  9,   7,   10,  {163}
 165,    20010,    10100101,   40,   (41 2),   (83 1), 0,  0,  4,  0,   9,   12,  {3 5 11}
 167,    20012,    10100111,   23,   (83 1),   (21 3), 2,  2,  6,  2,   11,  14,  {167}
 169,    20021,    10101001,   16,   (21 3),   (85 1), 1,  4,  1,  4,   0,   16,  {13}
 171,    20100,    10101011,   45,   (85 1),   (43 2), 0,  1,  3,  6,   2,   1,   {3 19}
 173,    20102,    10101101,    9,   (43 2),   (87 1), 2,  3,  5,  8,   4,   3,   {173}
 175,    20111,    10101111,   28,   (87 1),   (11 4), 1,  0,  0,  10,  6,   5,   {5 7}
 177,    20120,    10110001,    9,   (11 4),   (89 1), 0,  2,  2,  1,   8,   7,   {3 59}
 179,    20122,    10110011,    9,   (89 1),   (45 2), 2,  4,  4,  3,   10,  9,   {179}
 181,    20201,    10110101,    4,   (45 2),   (91 1), 1,  1,  6,  5,   12,  11,  {181}
 183,    20210,    10110111,   33,   (91 1),   (23 3), 0,  3,  1,  7,   1,   13,  {3 61}
 185,    20212,    10111001,   14,   (23 3),   (93 1), 2,  0,  3,  9,   3,   15,  {5 37}
 187,    20221,    10111011,   14,   (93 1),   (47 2), 1,  2,  5,  0,   5,   0,   {11 17}
 189,    21000,    10111101,   38,   (47 2),   (95 1), 0,  4,  0,  2,   7,   2,   {3 7}
 191,    21002,    10111111,   14,   (95 1),    (3 6), 2,  1,  2,  4,   9,   4,   {191}
 193,    21011,    11000001,   43,    (3 6),   (97 1), 1,  3,  4,  6,   11,  6,   {193}
 195,    21020,    11000011,   43,   (97 1),   (49 2), 0,  0,  6,  8,   0,   8,   {3 5 13}
 197,    21022,    11000101,    7,   (49 2),   (99 1), 2,  2,  1,  10,  2,   10,  {197}
 199,    21101,    11000111,   43,   (99 1),   (25 3), 1,  4,  3,  1,   4,   12,  {199}
 201,    21110,    11001001,    4,   (25 3),  (101 1), 0,  1,  5,  3,   6,   14,  {3 67}
 203,    21112,    11001011,   12,  (101 1),   (51 2), 2,  3,  0,  5,   8,   16,  {7 29}
 205,    21121,    11001101,    7,   (51 2),  (103 1), 1,  0,  2,  7,   10,  1,   {5 41}
 207,    21200,    11001111,   31,  (103 1),   (13 4), 0,  2,  4,  9,   12,  3,   {3 23}
 209,    21202,    11010001,   12,   (13 4),  (105 1), 2,  4,  6,  0,   1,   5,   {11 19}
 211,    21211,    11010011,   12,  (105 1),   (53 2), 1,  1,  1,  2,   3,   7,   {211}
 213,    21220,    11010101,    2,   (53 2),  (107 1), 0,  3,  3,  4,   5,   9,   {3 71}
 215,    21222,    11010111,   36,  (107 1),   (27 3), 2,  0,  5,  6,   7,   11,  {5 43}
 217,    22001,    11011001,    7,   (27 3),  (109 1), 1,  2,  0,  8,   9,   13,  {7 31}
 219,    22010,    11011011,   17,  (109 1),   (55 2), 0,  4,  2,  10,  11,  15,  {3 73}
 221,    22012,    11011101,   41,   (55 2),  (111 1), 2,  1,  4,  1,   0,   0,   {13 17}
 223,    22021,    11011111,   24,  (111 1),    (7 5), 1,  3,  6,  3,   2,   2,   {223}
 225,    22100,    11100001,   17,    (7 5),  (113 1), 0,  0,  1,  5,   4,   4,   {3 5}
 227,    22102,    11100011,    2,  (113 1),   (57 2), 2,  2,  3,  7,   6,   6,   {227}
 229,    22111,    11100101,   10,   (57 2),  (115 1), 1,  4,  5,  9,   8,   8,   {229}
 231,    22120,    11100111,   46,  (115 1),   (29 3), 0,  1,  0,  0,   10,  10,  {3 7 11}
 233,    22122,    11101001,   29,   (29 3),  (117 1), 2,  3,  2,  2,   12,  12,  {233}
 235,    22201,    11101011,   46,  (117 1),   (59 2), 1,  0,  4,  4,   1,   14,  {5 47}
 237,    22210,    11101101,   10,   (59 2),  (119 1), 0,  2,  6,  6,   3,   16,  {3 79}
 239,    22212,    11101111,   17,  (119 1),   (15 4), 2,  4,  1,  8,   5,   1,   {239}
 241,    22221,    11110001,    5,   (15 4),  (121 1), 1,  1,  3,  10,  7,   3,   {241}
 243,   100000,    11110011,   34,  (121 1),   (61 2), 0,  3,  5,  1,   9,   5,   {3}
 245,   100002,    11110101,    5,   (61 2),  (123 1), 2,  0,  0,  3,   11,  7,   {5 7}
 247,   100011,    11110111,   15,  (123 1),   (31 3), 1,  2,  2,  5,   0,   9,   {13 19}
 249,   100020,    11111001,   15,   (31 3),  (125 1), 0,  4,  4,  7,   2,   11,  {3 83}
 251,   100022,    11111011,   22,  (125 1),   (63 2), 2,  1,  6,  9,   4,   13,  {251}
 253,   100101,    11111101,   39,   (63 2),  (127 1), 1,  3,  1,  0,   6,   15,  {11 23}
 255,   100110,    11111111,   15,  (127 1),    (1 8), 0,  0,  3,  2,   8,   0,   {3 5 17}
 257,   100112,   100000001,   44,    (1 8),  (129 1), 2,  2,  5,  4,   10,  2,   {257}
 259,   100121,   100000011,   44,  (129 1),   (65 2), 1,  4,  0,  6,   12,  4,   {7 37}
 261,   100200,   100000101,    8,   (65 2),  (131 1), 0,  1,  2,  8,   1,   6,   {3 29}
 263,   100202,   100000111,   27,  (131 1),   (33 3), 2,  3,  4,  10,  3,   8,   {263}
 265,   100211,   100001001,   44,   (33 3),  (133 1), 1,  0,  6,  1,   5,   10,  {5 53}
 267,   100220,   100001011,    5,  (133 1),   (67 2), 0,  2,  1,  3,   7,   12,  {3 89}
 269,   100222,   100001101,    8,   (67 2),  (135 1), 2,  4,  3,  5,   9,   14,  {269}
 271,   101001,   100001111,   13,  (135 1),   (17 4), 1,  1,  5,  7,   11,  16,  {271}
 273,   101010,   100010001,    8,   (17 4),  (137 1), 0,  3,  0,  9,   0,   1,   {3 7 13}
 275,   101012,   100010011,   32,  (137 1),   (69 2), 2,  0,  2,  0,   2,   3,   {5 11}
 277,   101021,   100010101,    3,   (69 2),  (139 1), 1,  2,  4,  2,   4,   5,   {277}
 279,   101100,   100010111,   13,  (139 1),   (35 3), 0,  4,  6,  4,   6,   7,   {3 31}
 281,   101102,   100011001,   13,   (35 3),  (141 1), 2,  1,  1,  6,   8,   9,   {281}
 283,   101111,   100011011,   20,  (141 1),   (71 2), 1,  3,  3,  8,   10,  11,  {283}
 285,   101120,   100011101,   37,   (71 2),  (143 1), 0,  0,  5,  10,  12,  13,  {3 5 19}
 287,   101122,   100011111,   13,  (143 1),    (9 5), 2,  2,  0,  1,   1,   15,  {7 41}
 289,   101201,   100100001,    8,    (9 5),  (145 1), 1,  4,  2,  3,   3,   0,   {17}
 291,   101210,   100100011,   42,  (145 1),   (73 2), 0,  1,  4,  5,   5,   2,   {3 97}
 293,   101212,   100100101,   42,   (73 2),  (147 1), 2,  3,  6,  7,   7,   4,   {293}
 295,   101221,   100100111,   18,  (147 1),   (37 3), 1,  0,  1,  9,   9,   6,   {5 59}
 297,   102000,   100101001,   25,   (37 3),  (149 1), 0,  2,  3,  0,   11,  8,   {3 11}
 299,   102002,   100101011,   42,  (149 1),   (75 2), 2,  4,  5,  2,   0,   10,  {13 23}
 301,   102011,   100101101,    3,   (75 2),  (151 1), 1,  1,  0,  4,   2,   12,  {7 43}
 303,   102020,   100101111,   13,  (151 1),   (19 4), 0,  3,  2,  6,   4,   14,  {3 101}
 305,   102022,   100110001,   11,   (19 4),  (153 1), 2,  0,  4,  8,   6,   16,  {5 61}
 307,   102101,   100110011,   11,  (153 1),   (77 2), 1,  2,  6,  10,  8,   1,   {307}
 309,   102110,   100110101,    6,   (77 2),  (155 1), 0,  4,  1,  1,   10,  3,   {3 103}
 311,   102112,   100110111,   30,  (155 1),   (39 3), 2,  1,  3,  3,   12,  5,   {311}
 313,   102121,   100111001,   47,   (39 3),  (157 1), 1,  3,  5,  5,   1,   7,   {313}
 315,   102200,   100111011,   11,  (157 1),   (79 2), 0,  0,  0,  7,   3,   9,   {3 5 7}
 317,   102202,   100111101,   11,   (79 2),  (159 1), 2,  2,  2,  9,   5,   11,  {317}
 319,   102211,   100111111,   18,  (159 1),    (5 6), 1,  4,  4,  0,   7,   13,  {11 29}
 321,   102220,   101000001,    6,    (5 6),  (161 1), 0,  1,  6,  2,   9,   15,  {3 107}
 323,   102222,   101000011,   35,  (161 1),   (81 2), 2,  3,  1,  4,   11,  0,   {17 19}
 325,   110001,   101000101,    6,   (81 2),  (163 1), 1,  0,  3,  6,   0,   2,   {5 13}
 327,   110010,   101000111,   52,  (163 1),   (41 3), 0,  2,  5,  8,   2,   4,   {3 109}
 329,   110012,   101001001,   16,   (41 3),  (165 1), 2,  4,  0,  10,  4,   6,   {7 47}
 331,   110021,   101001011,    6,  (165 1),   (83 2), 1,  1,  2,  1,   6,   8,   {331}
 333,   110100,   101001101,   40,   (83 2),  (167 1), 0,  3,  4,  3,   8,   10,  {3 37}
 335,   110102,   101001111,   23,  (167 1),   (21 4), 2,  0,  6,  5,   10,  12,  {5 67}
 337,   110111,   101010001,   40,   (21 4),  (169 1), 1,  2,  1,  7,   12,  14,  {337}
 339,   110120,   101010011,   16,  (169 1),   (85 2), 0,  4,  3,  9,   1,   16,  {3 113}
 341,   110122,   101010101,    1,   (85 2),  (171 1), 2,  1,  5,  0,   3,   1,   {11 31}
 343,   110201,   101010111,   45,  (171 1),   (43 3), 1,  3,  0,  2,   5,   3,   {7}
 345,   110210,   101011001,   45,   (43 3),  (173 1), 0,  0,  2,  4,   7,   5,   {3 5 23}
 347,   110212,   101011011,   45,  (173 1),   (87 2), 2,  2,  4,  6,   9,   7,   {347}
 349,   110221,   101011101,    9,   (87 2),  (175 1), 1,  4,  6,  8,   11,  9,   {349}
 351,   111000,   101011111,   28,  (175 1),   (11 5), 0,  1,  1,  10,  0,   11,  {3 13}
 353,   111002,   101100001,   45,   (11 5),  (177 1), 2,  3,  3,  1,   2,   13,  {353}
 355,   111011,   101100011,    9,  (177 1),   (89 2), 1,  0,  5,  3,   4,   15,  {5 71}
 357,   111020,   101100101,    9,   (89 2),  (179 1), 0,  2,  0,  5,   6,   0,   {3 7 17}
 359,   111022,   101100111,   16,  (179 1),   (45 3), 2,  4,  2,  7,   8,   2,   {359}
 361,   111101,   101101001,   14,   (45 3),  (181 1), 1,  1,  4,  9,   10,  4,   {19}
 363,   111110,   101101011,   14,  (181 1),   (91 2), 0,  3,  6,  0,   12,  6,   {3 11}
 365,   111112,   101101101,   33,   (91 2),  (183 1), 2,  0,  1,  2,   1,   8,   {5 73}
 367,   111121,   101101111,   14,  (183 1),   (23 4), 1,  2,  3,  4,   3,   10,  {367}
 369,   111200,   101110001,    4,   (23 4),  (185 1), 0,  4,  5,  6,   5,   12,  {3 41}
 371,   111202,   101110011,   14,  (185 1),   (93 2), 2,  1,  0,  8,   7,   14,  {7 53}
 373,   111211,   101110101,    4,   (93 2),  (187 1), 1,  3,  2,  10,  9,   16,  {373}
 375,   111220,   101110111,   14,  (187 1),   (47 3), 0,  0,  4,  1,   11,  1,   {3 5}
 377,   111222,   101111001,   21,   (47 3),  (189 1), 2,  2,  6,  3,   0,   3,   {13 29}
 379,   112001,   101111011,   19,  (189 1),   (95 2), 1,  4,  1,  5,   2,   5,   {379}
 381,   112010,   101111101,   38,   (95 2),  (191 1), 0,  1,  3,  7,   4,   7,   {3 127}
 383,   112012,   101111111,   14,  (191 1),    (3 7), 2,  3,  5,  9,   6,   9,   {383}
 385,   112021,   110000001,    9,    (3 7),  (193 1), 1,  0,  0,  0,   8,   11,  {5 7 11}
 387,   112100,   110000011,   43,  (193 1),   (97 2), 0,  2,  2,  2,   10,  13,  {3 43}
 389,   112102,   110000101,   43,   (97 2),  (195 1), 2,  4,  4,  4,   12,  15,  {389}
 391,   112111,   110000111,   43,  (195 1),   (49 3), 1,  1,  6,  6,   1,   0,   {17 23}
 393,   112120,   110001001,   19,   (49 3),  (197 1), 0,  3,  1,  8,   3,   2,   {3 131}
 395,   112122,   110001011,   26,  (197 1),   (99 2), 2,  0,  3,  10,  5,   4,   {5 79}
 397,   112201,   110001101,    7,   (99 2),  (199 1), 1,  2,  5,  1,   7,   6,   {397}
 399,   112210,   110001111,   43,  (199 1),   (25 4), 0,  4,  0,  3,   9,   8,   {3 7 19}
 401,   112212,   110010001,    4,   (25 4),  (201 1), 2,  1,  2,  5,   11,  10,  {401}
 403,   112221,   110010011,    4,  (201 1),  (101 2), 1,  3,  4,  7,   0,   12,  {13 31}
 405,   120000,   110010101,    7,  (101 2),  (203 1), 0,  0,  6,  9,   2,   14,  {3 5}
 407,   120002,   110010111,   12,  (203 1),   (51 3), 2,  2,  1,  0,   4,   16,  {11 37}
 409,   120011,   110011001,   12,   (51 3),  (205 1), 1,  4,  3,  2,   6,   1,   {409}
 411,   120020,   110011011,   48,  (205 1),  (103 2), 0,  1,  5,  4,   8,   3,   {3 137}
 413,   120022,   110011101,   31,  (103 2),  (207 1), 2,  3,  0,  6,   10,  5,   {7 59}
 415,   120101,   110011111,   48,  (207 1),   (13 5), 1,  0,  2,  8,   12,  7,   {5 83}
 417,   120110,   110100001,   48,   (13 5),  (209 1), 0,  2,  4,  10,  1,   9,   {3 139}
 419,   120112,   110100011,   12,  (209 1),  (105 2), 2,  4,  6,  1,   3,   11,  {419}
 421,   120121,   110100101,   12,  (105 2),  (211 1), 1,  1,  1,  3,   5,   13,  {421}
 423,   120200,   110100111,    9,  (211 1),   (53 3), 0,  3,  3,  5,   7,   15,  {3 47}
 425,   120202,   110101001,   19,   (53 3),  (213 1), 2,  0,  5,  7,   9,   0,   {5 17}
 427,   120211,   110101011,   17,  (213 1),  (107 2), 1,  2,  0,  9,   11,  2,   {7 61}
 429,   120220,   110101101,   36,  (107 2),  (215 1), 0,  4,  2,  0,   0,   4,   {3 11 13}
 431,   120222,   110101111,   12,  (215 1),   (27 4), 2,  1,  4,  2,   2,   6,   {431}
 433,   121001,   110110001,    7,   (27 4),  (217 1), 1,  3,  6,  4,   4,   8,   {433}
 435,   121010,   110110011,    7,  (217 1),  (109 2), 0,  0,  1,  6,   6,   10,  {3 5 29}
 437,   121012,   110110101,   41,  (109 2),  (219 1), 2,  2,  3,  8,   8,   12,  {19 23}
 439,   121021,   110110111,   17,  (219 1),   (55 3), 1,  4,  5,  10,  10,  14,  {439}
 441,   121100,   110111001,    7,   (55 3),  (221 1), 0,  1,  0,  1,   12,  16,  {3 7}
 443,   121102,   110111011,   17,  (221 1),  (111 2), 2,  3,  2,  3,   1,   1,   {443}
 445,   121111,   110111101,   24,  (111 2),  (223 1), 1,  0,  4,  5,   3,   3,   {5 89}
 447,   121120,   110111111,   34,  (223 1),    (7 6), 0,  2,  6,  7,   5,   5,   {3 149}
 449,   121122,   111000001,   41,    (7 6),  (225 1), 2,  4,  1,  9,   7,   7,   {449}
 451,   121201,   111000011,   17,  (225 1),  (113 2), 1,  1,  3,  0,   9,   9,   {11 41}
 453,   121210,   111000101,    2,  (113 2),  (227 1), 0,  3,  5,  2,   11,  11,  {3 151}
 455,   121212,   111000111,   12,  (227 1),   (57 3), 2,  0,  0,  4,   0,   13,  {5 7 13}
 457,   121221,   111001001,   46,   (57 3),  (229 1), 1,  2,  2,  6,   2,   15,  {457}
 459,   122000,   111001011,   46,  (229 1),  (115 2), 0,  4,  4,  8,   4,   0,   {3 17}
 461,   122002,   111001101,   10,  (115 2),  (231 1), 2,  1,  6,  10,  6,   2,   {461}
 463,   122011,   111001111,   46,  (231 1),   (29 4), 1,  3,  1,  1,   8,   4,   {463}
 465,   122020,   111010001,   10,   (29 4),  (233 1), 0,  0,  3,  3,   10,  6,   {3 5 31}
 467,   122022,   111010011,   29,  (233 1),  (117 2), 2,  2,  5,  5,   12,  8,   {467}
 469,   122101,   111010101,    5,  (117 2),  (235 1), 1,  4,  0,  7,   1,   10,  {7 67}
 471,   122110,   111010111,   46,  (235 1),   (59 3), 0,  1,  2,  9,   3,   12,  {3 157}
 473,   122112,   111011001,   10,   (59 3),  (237 1), 2,  3,  4,  0,   5,   14,  {11 43}
 475,   122121,   111011011,    7,  (237 1),  (119 2), 1,  0,  6,  2,   7,   16,  {5 19}
 477,   122200,   111011101,   10,  (119 2),  (239 1), 0,  2,  1,  4,   9,   1,   {3 53}
 479,   122202,   111011111,   17,  (239 1),   (15 5), 2,  4,  3,  6,   11,  3,   {479}
 481,   122211,   111100001,   15,   (15 5),  (241 1), 1,  1,  5,  8,   0,   5,   {13 37}
 483,   122220,   111100011,    5,  (241 1),  (121 2), 0,  3,  0,  10,  2,   7,   {3 7 23}
 485,   122222,   111100101,   34,  (121 2),  (243 1), 2,  0,  2,  1,   4,   9,   {5 97}
 487,   200001,   111100111,   51,  (243 1),   (61 3), 1,  2,  4,  3,   6,   11,  {487}
 489,   200010,   111101001,   15,   (61 3),  (245 1), 0,  4,  6,  5,   8,   13,  {3 163}
 491,   200012,   111101011,   51,  (245 1),  (123 2), 2,  1,  1,  7,   10,  15,  {491}
 493,   200021,   111101101,   15,  (123 2),  (247 1), 1,  3,  3,  9,   12,  0,   {17 29}
 495,   200100,   111101111,   34,  (247 1),   (31 4), 0,  0,  5,  0,   1,   2,   {3 5 11}
 497,   200102,   111110001,    5,   (31 4),  (249 1), 2,  2,  0,  2,   3,   4,   {7 71}
 499,   200111,   111110011,   15,  (249 1),  (125 2), 1,  4,  2,  4,   5,   6,   {499}
 501,   200120,   111110101,   39,  (125 2),  (251 1), 0,  1,  4,  6,   7,   8,   {3 167}
 503,   200122,   111110111,   22,  (251 1),   (63 3), 2,  3,  6,  8,   9,   10,  {503}
 505,   200201,   111111001,   20,   (63 3),  (253 1), 1,  0,  1,  10,  11,  12,  {5 101}
 507,   200210,   111111011,   10,  (253 1),  (127 2), 0,  2,  3,  1,   0,   14,  {3 13}
 509,   200212,   111111101,   15,  (127 2),  (255 1), 2,  4,  5,  3,   2,   16,  {509}
 511,   200221,   111111111,   20,  (255 1),    (1 9), 1,  1,  0,  5,   4,   1,   {7 73}
 513,   201000,  1000000001,   10,    (1 9),  (257 1), 0,  3,  2,  7,   6,   3,   {3 19}
 515,   201002,  1000000011,   44,  (257 1),  (129 2), 2,  0,  4,  9,   8,   5,   {5 103}
 517,   201011,  1000000101,   44,  (129 2),  (259 1), 1,  2,  6,  0,   10,  7,   {11 47}
 519,   201020,  1000000111,   20,  (259 1),   (65 3), 0,  4,  1,  2,   12,  9,   {3 173}
 521,   201022,  1000001001,   44,   (65 3),  (261 1), 2,  1,  3,  4,   1,   11,  {521}
 523,   201101,  1000001011,   44,  (261 1),  (131 2), 1,  3,  5,  6,   3,   13,  {523}
 525,   201110,  1000001101,    8,  (131 2),  (263 1), 0,  0,  0,  8,   5,   15,  {3 5 7}
 527,   201112,  1000001111,   27,  (263 1),   (33 4), 2,  2,  2,  10,  7,   0,   {17 31}
 529,   201121,  1000010001,    8,   (33 4),  (265 1), 1,  4,  4,  1,   9,   2,   {23}
 531,   201200,  1000010011,   44,  (265 1),  (133 2), 0,  1,  6,  3,   11,  4,   {3 59}
 533,   201202,  1000010101,    8,  (133 2),  (267 1), 2,  3,  1,  5,   0,   6,   {13 41}
 535,   201211,  1000010111,    5,  (267 1),   (67 3), 1,  0,  3,  7,   2,   8,   {5 107}
 537,   201220,  1000011001,    5,   (67 3),  (269 1), 0,  2,  5,  9,   4,   10,  {3 179}
 539,   201222,  1000011011,   15,  (269 1),  (135 2), 2,  4,  0,  0,   6,   12,  {7 11}
 541,   202001,  1000011101,   13,  (135 2),  (271 1), 1,  1,  2,  2,   8,   14,  {541}
 543,   202010,  1000011111,   49,  (271 1),   (17 5), 0,  3,  4,  4,   10,  16,  {3 181}
 545,   202012,  1000100001,   13,   (17 5),  (273 1), 2,  0,  6,  6,   12,  1,   {5 109}
 547,   202021,  1000100011,    8,  (273 1),  (137 2), 1,  2,  1,  8,   1,   3,   {547}
 549,   202100,  1000100101,   32,  (137 2),  (275 1), 0,  4,  3,  10,  3,   5,   {3 61}
 551,   202102,  1000100111,   13,  (275 1),   (69 3), 2,  1,  5,  1,   5,   7,   {19 29}
 553,   202111,  1000101001,   49,   (69 3),  (277 1), 1,  3,  0,  3,   7,   9,   {7 79}
 555,   202120,  1000101011,    8,  (277 1),  (139 2), 0,  0,  2,  5,   9,   11,  {3 5 37}
 557,   202122,  1000101101,   13,  (139 2),  (279 1), 2,  2,  4,  7,   11,  13,  {557}
 559,   202201,  1000101111,   30,  (279 1),   (35 4), 1,  4,  6,  9,   0,   15,  {13 43}
 561,   202210,  1000110001,   13,   (35 4),  (281 1), 0,  1,  1,  0,   2,   0,   {3 11 17}
 563,   202212,  1000110011,   13,  (281 1),  (141 2), 2,  3,  3,  2,   4,   2,   {563}
 565,   202221,  1000110101,    3,  (141 2),  (283 1), 1,  0,  5,  4,   6,   4,   {5 113}
 567,   210000,  1000110111,   20,  (283 1),   (71 3), 0,  2,  0,  6,   8,   6,   {3 7}
 569,   210002,  1000111001,   18,   (71 3),  (285 1), 2,  4,  2,  8,   10,  8,   {569}
 571,   210011,  1000111011,    8,  (285 1),  (143 2), 1,  1,  4,  10,  12,  10,  {571}
 573,   210020,  1000111101,   37,  (143 2),  (287 1), 0,  3,  6,  1,   1,   12,  {3 191}
 575,   210022,  1000111111,   13,  (287 1),    (9 6), 2,  0,  1,  3,   3,   14,  {5 23}
 577,   210101,  1001000001,    8,    (9 6),  (289 1), 1,  2,  3,  5,   5,   16,  {577}
 579,   210110,  1001000011,    8,  (289 1),  (145 2), 0,  4,  5,  7,   7,   1,   {3 193}
 581,   210112,  1001000101,   42,  (145 2),  (291 1), 2,  1,  0,  9,   9,   3,   {7 83}
 583,   210121,  1001000111,    8,  (291 1),   (73 3), 1,  3,  2,  0,   11,  5,   {11 53}
 585,   210200,  1001001001,   18,   (73 3),  (293 1), 0,  0,  4,  2,   0,   7,   {3 5 13}
 587,   210202,  1001001011,   42,  (293 1),  (147 2), 2,  2,  6,  4,   2,   9,   {587}
 589,   210211,  1001001101,   42,  (147 2),  (295 1), 1,  4,  1,  6,   4,   11,  {19 31}
 591,   210220,  1001001111,   18,  (295 1),   (37 4), 0,  1,  3,  8,   6,   13,  {3 197}
 593,   210222,  1001010001,   25,   (37 4),  (297 1), 2,  3,  5,  10,  8,   15,  {593}
 595,   211001,  1001010011,   25,  (297 1),  (149 2), 1,  0,  0,  1,   10,  0,   {5 7 17}
 597,   211010,  1001010101,    6,  (149 2),  (299 1), 0,  2,  2,  3,   12,  2,   {3 199}
 599,   211012,  1001010111,   42,  (299 1),   (75 3), 2,  4,  4,  5,   1,   4,   {599}
 601,   211021,  1001011001,   18,   (75 3),  (301 1), 1,  1,  6,  7,   3,   6,   {601}
 603,   211100,  1001011011,   23,  (301 1),  (151 2), 0,  3,  1,  9,   5,   8,   {3 67}
 605,   211102,  1001011101,    3,  (151 2),  (303 1), 2,  0,  3,  0,   7,   10,  {5 11}
 607,   211111,  1001011111,   13,  (303 1),   (19 5), 1,  2,  5,  2,   9,   12,  {607}
 609,   211120,  1001100001,   47,   (19 5),  (305 1), 0,  4,  0,  4,   11,  14,  {3 7 29}
 611,   211122,  1001100011,   11,  (305 1),  (153 2), 2,  1,  2,  6,   0,   16,  {13 47}
 613,   211201,  1001100101,   11,  (153 2),  (307 1), 1,  3,  4,  8,   2,   1,   {613}
 615,   211210,  1001100111,   23,  (307 1),   (77 3), 0,  0,  6,  10,  4,   3,   {3 5 41}
 617,   211212,  1001101001,   47,   (77 3),  (309 1), 2,  2,  1,  1,   6,   5,   {617}
 619,   211221,  1001101011,   47,  (309 1),  (155 2), 1,  4,  3,  3,   8,   7,   {619}
 621,   212000,  1001101101,   30,  (155 2),  (311 1), 0,  1,  5,  5,   10,  9,   {3 23}
 623,   212002,  1001101111,   47,  (311 1),   (39 4), 2,  3,  0,  7,   12,  11,  {7 89}
 625,   212011,  1001110001,    6,   (39 4),  (313 1), 1,  0,  2,  9,   1,   13,  {5}
 627,   212020,  1001110011,   47,  (313 1),  (157 2), 0,  2,  4,  0,   3,   15,  {3 11 19}
 629,   212022,  1001110101,   11,  (157 2),  (315 1), 2,  4,  6,  2,   5,   0,   {17 37}
 631,   212101,  1001110111,   11,  (315 1),   (79 3), 1,  1,  1,  4,   7,   2,   {631}
 633,   212110,  1001111001,    8,   (79 3),  (317 1), 0,  3,  3,  6,   9,   4,   {3 211}
 635,   212112,  1001111011,    8,  (317 1),  (159 2), 2,  0,  5,  8,   11,  6,   {5 127}
 637,   212121,  1001111101,   18,  (159 2),  (319 1), 1,  2,  0,  10,  0,   8,   {7 13}
 639,   212200,  1001111111,   47,  (319 1),    (5 7), 0,  4,  2,  1,   2,   10,  {3 71}
 641,   212202,  1010000001,   16,    (5 7),  (321 1), 2,  1,  4,  3,   4,   12,  {641}
 643,   212211,  1010000011,    6,  (321 1),  (161 2), 1,  3,  6,  5,   6,   14,  {643}
 645,   212220,  1010000101,   35,  (161 2),  (323 1), 0,  0,  1,  7,   8,   16,  {3 5 43}
 647,   212222,  1010000111,   11,  (323 1),   (81 3), 2,  2,  3,  9,   10,  1,   {647}
 649,   220001,  1010001001,   52,   (81 3),  (325 1), 1,  4,  5,  0,   12,  3,   {11 59}
 651,   220010,  1010001011,   35,  (325 1),  (163 2), 0,  1,  0,  2,   1,   5,   {3 7 31}
 653,   220012,  1010001101,    6,  (163 2),  (327 1), 2,  3,  2,  4,   3,   7,   {653}
 655,   220021,  1010001111,   52,  (327 1),   (41 4), 1,  0,  4,  6,   5,   9,   {5 131}
 657,   220100,  1010010001,   16,   (41 4),  (329 1), 0,  2,  6,  8,   7,   11,  {3 73}
 659,   220102,  1010010011,   16,  (329 1),  (165 2), 2,  4,  1,  10,  9,   13,  {659}
 661,   220111,  1010010101,   40,  (165 2),  (331 1), 1,  1,  3,  1,   11,  15,  {661}
 663,   220120,  1010010111,    6,  (331 1),   (83 3), 0,  3,  5,  3,   0,   0,   {3 13 17}
 665,   220122,  1010011001,   16,   (83 3),  (333 1), 2,  0,  0,  5,   2,   2,   {5 7 19}
 667,   220201,  1010011011,   52,  (333 1),  (167 2), 1,  2,  2,  7,   4,   4,   {23 29}
 669,   220210,  1010011101,   23,  (167 2),  (335 1), 0,  4,  4,  9,   6,   6,   {3 223}
 671,   220212,  1010011111,   33,  (335 1),   (21 5), 2,  1,  6,  0,   8,   8,   {11 61}
 673,   220221,  1010100001,   21,   (21 5),  (337 1), 1,  3,  1,  2,   10,  10,  {673}
 675,   221000,  1010100011,   40,  (337 1),  (169 2), 0,  0,  3,  4,   12,  12,  {3 5}
 677,   221002,  1010100101,   16,  (169 2),  (339 1), 2,  2,  5,  6,   1,   14,  {677}
 679,   221011,  1010100111,   21,  (339 1),   (85 3), 1,  4,  0,  8,   3,   16,  {7 97}
 681,   221020,  1010101001,   21,   (85 3),  (341 1), 0,  1,  2,  10,  5,   1,   {3 227}
 683,   221022,  1010101011,   11,  (341 1),  (171 2), 2,  3,  4,  1,   7,   3,   {683}
 685,   221101,  1010101101,   45,  (171 2),  (343 1), 1,  0,  6,  3,   9,   5,   {5 137}
 687,   221110,  1010101111,   11,  (343 1),   (43 4), 0,  2,  1,  5,   11,  7,   {3 229}
 689,   221112,  1010110001,   45,   (43 4),  (345 1), 2,  4,  3,  7,   0,   9,   {13 53}
 691,   221121,  1010110011,   45,  (345 1),  (173 2), 1,  1,  5,  9,   2,   11,  {691}
 693,   221200,  1010110101,    9,  (173 2),  (347 1), 0,  3,  0,  0,   4,   13,  {3 7 11}
 695,   221202,  1010110111,   45,  (347 1),   (87 3), 2,  0,  2,  2,   6,   15,  {5 139}
 697,   221211,  1010111001,   45,   (87 3),  (349 1), 1,  2,  4,  4,   8,   0,   {17 41}
 699,   221220,  1010111011,   21,  (349 1),  (175 2), 0,  4,  6,  6,   10,  2,   {3 233}
 701,   221222,  1010111101,   28,  (175 2),  (351 1), 2,  1,  1,  8,   12,  4,   {701}
 703,   222001,  1010111111,   62,  (351 1),   (11 6), 1,  3,  3,  10,  1,   6,   {19 37}
 705,   222010,  1011000001,    9,   (11 6),  (353 1), 0,  0,  5,  1,   3,   8,   {3 5 47}
 707,   222012,  1011000011,   45,  (353 1),  (177 2), 2,  2,  0,  3,   5,   10,  {7 101}
 709,   222021,  1011000101,    9,  (177 2),  (355 1), 1,  4,  2,  5,   7,   12,  {709}
 711,   222100,  1011000111,   21,  (355 1),   (89 3), 0,  1,  4,  7,   9,   14,  {3 79}
 713,   222102,  1011001001,    6,   (89 3),  (357 1), 2,  3,  6,  9,   11,  16,  {23 31}
 715,   222111,  1011001011,    6,  (357 1),  (179 2), 1,  0,  1,  0,   0,   1,   {5 11 13}
 717,   222120,  1011001101,    9,  (179 2),  (359 1), 0,  2,  3,  2,   2,   3,   {3 239}
 719,   222122,  1011001111,   16,  (359 1),   (45 4), 2,  4,  5,  4,   4,   5,   {719}
 721,   222201,  1011010001,   14,   (45 4),  (361 1), 1,  1,  0,  6,   6,   7,   {7 103}
 723,   222210,  1011010011,   14,  (361 1),  (181 2), 0,  3,  2,  8,   8,   9,   {3 241}
 725,   222212,  1011010101,    4,  (181 2),  (363 1), 2,  0,  4,  10,  10,  11,  {5 29}
 727,   222221,  1011010111,   14,  (363 1),   (91 3), 1,  2,  6,  1,   12,  13,  {727}
 729,  1000000,  1011011001,    9,   (91 3),  (365 1), 0,  4,  1,  3,   1,   15,  {3}
 731,  1000002,  1011011011,   50,  (365 1),  (183 2), 2,  1,  3,  5,   3,   0,   {17 43}
 733,  1000011,  1011011101,   33,  (183 2),  (367 1), 1,  3,  5,  7,   5,   2,   {733}
 735,  1000020,  1011011111,   14,  (367 1),   (23 5), 0,  0,  0,  9,   7,   4,   {3 5 7}
 737,  1000022,  1011100001,   50,   (23 5),  (369 1), 2,  2,  2,  0,   9,   6,   {11 67}
 739,  1000101,  1011100011,    4,  (369 1),  (185 2), 1,  4,  4,  2,   11,  8,   {739}
 741,  1000110,  1011100101,   14,  (185 2),  (371 1), 0,  1,  6,  4,   0,   10,  {3 13 19}
 743,  1000112,  1011100111,   33,  (371 1),   (93 3), 2,  3,  1,  6,   2,   12,  {743}
 745,  1000121,  1011101001,   31,   (93 3),  (373 1), 1,  0,  3,  8,   4,   14,  {5 149}
 747,  1000200,  1011101011,   14,  (373 1),  (187 2), 0,  2,  5,  10,  6,   16,  {3 83}
 749,  1000202,  1011101101,   14,  (187 2),  (375 1), 2,  4,  0,  1,   8,   1,   {7 107}
 751,  1000211,  1011101111,   50,  (375 1),   (47 4), 1,  1,  2,  3,   10,  3,   {751}
 753,  1000220,  1011110001,    4,   (47 4),  (377 1), 0,  3,  4,  5,   12,  5,   {3 251}
 755,  1000222,  1011110011,   21,  (377 1),  (189 2), 2,  0,  6,  7,   1,   7,   {5 151}
 757,  1001001,  1011110101,   38,  (189 2),  (379 1), 1,  2,  1,  9,   3,   9,   {757}
 759,  1001010,  1011110111,   19,  (379 1),   (95 3), 0,  4,  3,  0,   5,   11,  {3 11 23}
 761,  1001012,  1011111001,    9,   (95 3),  (381 1), 2,  1,  5,  2,   7,   13,  {761}
 763,  1001021,  1011111011,   55,  (381 1),  (191 2), 1,  3,  0,  4,   9,   15,  {7 109}
 765,  1001100,  1011111101,   14,  (191 2),  (383 1), 0,  0,  2,  6,   11,  0,   {3 5 17}
 767,  1001102,  1011111111,   19,  (383 1),    (3 8), 2,  2,  4,  8,   0,   2,   {13 59}
 769,  1001111,  1100000001,    9,    (3 8),  (385 1), 1,  4,  6,  10,  2,   4,   {769}
 771,  1001120,  1100000011,    9,  (385 1),  (193 2), 0,  1,  1,  1,   4,   6,   {3 257}
 773,  1001122,  1100000101,   43,  (193 2),  (387 1), 2,  3,  3,  3,   6,   8,   {773}
 775,  1001201,  1100000111,   55,  (387 1),   (97 3), 1,  0,  5,  5,   8,   10,  {5 31}
 777,  1001210,  1100001001,    9,   (97 3),  (389 1), 0,  2,  0,  7,   10,  12,  {3 7 37}
 779,  1001212,  1100001011,   19,  (389 1),  (195 2), 2,  4,  2,  9,   12,  14,  {19 41}
 781,  1001221,  1100001101,   43,  (195 2),  (391 1), 1,  1,  4,  0,   1,   16,  {11 71}
 783,  1002000,  1100001111,   43,  (391 1),   (49 4), 0,  3,  6,  2,   3,   1,   {3 29}
 785,  1002002,  1100010001,   43,   (49 4),  (393 1), 2,  0,  1,  4,   5,   3,   {5 157}
 787,  1002011,  1100010011,   19,  (393 1),  (197 2), 1,  2,  3,  6,   7,   5,   {787}
 789,  1002020,  1100010101,    7,  (197 2),  (395 1), 0,  4,  5,  8,   9,   7,   {3 263}
 791,  1002022,  1100010111,   26,  (395 1),   (99 3), 2,  1,  0,  10,  11,  9,   {7 113}
 793,  1002101,  1100011001,   26,   (99 3),  (397 1), 1,  3,  2,  1,   0,   11,  {13 61}
 795,  1002110,  1100011011,   36,  (397 1),  (199 2), 0,  0,  4,  3,   2,   13,  {3 5 53}
 797,  1002112,  1100011101,   43,  (199 2),  (399 1), 2,  2,  6,  5,   4,   15,  {797}
 799,  1002121,  1100011111,   24,  (399 1),   (25 5), 1,  4,  1,  7,   6,   0,   {17 47}
 801,  1002200,  1100100001,   19,   (25 5),  (401 1), 0,  1,  3,  9,   8,   2,   {3 89}
 803,  1002202,  1100100011,    4,  (401 1),  (201 2), 2,  3,  5,  0,   10,  4,   {11 73}
 805,  1002211,  1100100101,    4,  (201 2),  (403 1), 1,  0,  0,  2,   12,  6,   {5 7 23}
 807,  1002220,  1100100111,   24,  (403 1),  (101 3), 0,  2,  2,  4,   1,   8,   {3 269}
 809,  1002222,  1100101001,   14,  (101 3),  (405 1), 2,  4,  4,  6,   3,   10,  {809}
 811,  1010001,  1100101011,   48,  (405 1),  (203 2), 1,  1,  6,  8,   5,   12,  {811}
 813,  1010010,  1100101101,   12,  (203 2),  (407 1), 0,  3,  1,  10,  7,   14,  {3 271}
 815,  1010012,  1100101111,   48,  (407 1),   (51 4), 2,  0,  3,  1,   9,   16,  {5 163}
 817,  1010021,  1100110001,   12,   (51 4),  (409 1), 1,  2,  5,  3,   11,  1,   {19 43}
 819,  1010100,  1100110011,   12,  (409 1),  (205 2), 0,  4,  0,  5,   0,   3,   {3 7 13}
 821,  1010102,  1100110101,    7,  (205 2),  (411 1), 2,  1,  2,  7,   2,   5,   {821}
 823,  1010111,  1100110111,   48,  (411 1),  (103 3), 1,  3,  4,  9,   4,   7,   {823}
 825,  1010120,  1100111001,   48,  (103 3),  (413 1), 0,  0,  6,  0,   6,   9,   {3 5 11}
 827,  1010122,  1100111011,   12,  (413 1),  (207 2), 2,  2,  1,  2,   8,   11,  {827}
 829,  1010201,  1100111101,   31,  (207 2),  (415 1), 1,  4,  3,  4,   10,  13,  {829}
 831,  1010210,  1100111111,   48,  (415 1),   (13 6), 0,  1,  5,  6,   12,  15,  {3 277}
 833,  1010212,  1101000001,    7,   (13 6),  (417 1), 2,  3,  0,  8,   1,   0,   {7 17}
 835,  1010221,  1101000011,   48,  (417 1),  (209 2), 1,  0,  2,  10,  3,   2,   {5 167}
 837,  1011000,  1101000101,   12,  (209 2),  (419 1), 0,  2,  4,  1,   5,   4,   {3 31}
 839,  1011002,  1101000111,   29,  (419 1),  (105 3), 2,  4,  6,  3,   7,   6,   {839}
 841,  1011011,  1101001001,   12,  (105 3),  (421 1), 1,  1,  1,  5,   9,   8,   {29}
 843,  1011020,  1101001011,   12,  (421 1),  (211 2), 0,  3,  3,  7,   11,  10,  {3 281}
 845,  1011022,  1101001101,   12,  (211 2),  (423 1), 2,  0,  5,  9,   0,   12,  {5 13}
 847,  1011101,  1101001111,    9,  (423 1),   (53 4), 1,  2,  0,  0,   2,   14,  {7 11}
 849,  1011110,  1101010001,   19,   (53 4),  (425 1), 0,  4,  2,  2,   4,   16,  {3 283}
 851,  1011112,  1101010011,   19,  (425 1),  (213 2), 2,  1,  4,  4,   6,   1,   {23 37}
 853,  1011121,  1101010101,    2,  (213 2),  (427 1), 1,  3,  6,  6,   8,   3,   {853}
 855,  1011200,  1101010111,   17,  (427 1),  (107 3), 0,  0,  1,  8,   10,  5,   {3 5 19}
 857,  1011202,  1101011001,    7,  (107 3),  (429 1), 2,  2,  3,  10,  12,  7,   {857}
 859,  1011211,  1101011011,   53,  (429 1),  (215 2), 1,  4,  5,  1,   1,   9,   {859}
 861,  1011220,  1101011101,   36,  (215 2),  (431 1), 0,  1,  0,  3,   3,   11,  {3 7 41}
 863,  1011222,  1101011111,   12,  (431 1),   (27 5), 2,  3,  2,  5,   5,   13,  {863}
 865,  1012001,  1101100001,   53,   (27 5),  (433 1), 1,  0,  4,  7,   7,   15,  {5 173}
 867,  1012010,  1101100011,    7,  (433 1),  (217 2), 0,  2,  6,  9,   9,   0,   {3 17}
 869,  1012012,  1101100101,    7,  (217 2),  (435 1), 2,  4,  1,  0,   11,  2,   {11 79}
 871,  1012021,  1101100111,   65,  (435 1),  (109 3), 1,  1,  3,  2,   0,   4,   {13 67}
 873,  1012100,  1101101001,   53,  (109 3),  (437 1), 0,  3,  5,  4,   2,   6,   {3 97}
 875,  1012102,  1101101011,    7,  (437 1),  (219 2), 2,  0,  0,  6,   4,   8,   {5 7}
 877,  1012111,  1101101101,   17,  (219 2),  (439 1), 1,  2,  2,  8,   6,   10,  {877}
 879,  1012120,  1101101111,   53,  (439 1),   (55 4), 0,  4,  4,  10,  8,   12,  {3 293}
 881,  1012122,  1101110001,   41,   (55 4),  (441 1), 2,  1,  6,  1,   10,  14,  {881}
 883,  1012201,  1101110011,    7,  (441 1),  (221 2), 1,  3,  1,  3,   12,  16,  {883}
 885,  1012210,  1101110101,   41,  (221 2),  (443 1), 0,  0,  3,  5,   1,   1,   {3 5 59}
 887,  1012212,  1101110111,   17,  (443 1),  (111 3), 2,  2,  5,  7,   3,   3,   {887}
 889,  1012221,  1101111001,   53,  (111 3),  (445 1), 1,  4,  0,  9,   5,   5,   {7 127}
 891,  1020000,  1101111011,   14,  (445 1),  (223 2), 0,  1,  2,  0,   7,   7,   {3 11}
 893,  1020002,  1101111101,   24,  (223 2),  (447 1), 2,  3,  4,  2,   9,   9,   {19 47}
 895,  1020011,  1101111111,   34,  (447 1),    (7 7), 1,  0,  6,  4,   11,  11,  {5 179}
 897,  1020020,  1110000001,   22,    (7 7),  (449 1), 0,  2,  1,  6,   0,   13,  {3 13 23}
 899,  1020022,  1110000011,   41,  (449 1),  (225 2), 2,  4,  3,  8,   2,   15,  {29 31}
 901,  1020101,  1110000101,   17,  (225 2),  (451 1), 1,  1,  5,  10,  4,   0,   {17 53}
 903,  1020110,  1110000111,   41,  (451 1),  (113 3), 0,  3,  0,  1,   6,   2,   {3 7 43}
 905,  1020112,  1110001001,   22,  (113 3),  (453 1), 2,  0,  2,  3,   8,   4,   {5 181}
 907,  1020121,  1110001011,   17,  (453 1),  (227 2), 1,  2,  4,  5,   10,  6,   {907}
 909,  1020200,  1110001101,    2,  (227 2),  (455 1), 0,  4,  6,  7,   12,  8,   {3 101}
 911,  1020202,  1110001111,   12,  (455 1),   (57 4), 2,  1,  1,  9,   1,   10,  {911}
 913,  1020211,  1110010001,   46,   (57 4),  (457 1), 1,  3,  3,  0,   3,   12,  {11 83}
 915,  1020220,  1110010011,   46,  (457 1),  (229 2), 0,  0,  5,  2,   5,   14,  {3 5 61}
 917,  1020222,  1110010101,   10,  (229 2),  (459 1), 2,  2,  0,  4,   7,   16,  {7 131}
 919,  1021001,  1110010111,   46,  (459 1),  (115 3), 1,  4,  2,  6,   9,   1,   {919}
 921,  1021010,  1110011001,   46,  (115 3),  (461 1), 0,  1,  4,  8,   11,  3,   {3 307}
 923,  1021012,  1110011011,   22,  (461 1),  (231 2), 2,  3,  6,  10,  0,   5,   {13 71}
 925,  1021021,  1110011101,   46,  (231 2),  (463 1), 1,  0,  1,  1,   2,   7,   {5 37}
 927,  1021100,  1110011111,   41,  (463 1),   (29 5), 0,  2,  3,  3,   4,   9,   {3 103}
 929,  1021102,  1110100001,   46,   (29 5),  (465 1), 2,  4,  5,  5,   6,   11,  {929}
 931,  1021111,  1110100011,   10,  (465 1),  (233 2), 1,  1,  0,  7,   8,   13,  {7 19}
 933,  1021120,  1110100101,   29,  (233 2),  (467 1), 0,  3,  2,  9,   10,  15,  {3 311}
 935,  1021122,  1110100111,   46,  (467 1),  (117 3), 2,  0,  4,  0,   12,  0,   {5 11 17}
 937,  1021201,  1110101001,   63,  (117 3),  (469 1), 1,  2,  6,  2,   1,   2,   {937}
 939,  1021210,  1110101011,   29,  (469 1),  (235 2), 0,  4,  1,  4,   3,   4,   {3 313}
 941,  1021212,  1110101101,   46,  (235 2),  (471 1), 2,  1,  3,  6,   5,   6,   {941}
 943,  1021221,  1110101111,   10,  (471 1),   (59 4), 1,  3,  5,  8,   7,   8,   {23 41}
 945,  1022000,  1110110001,   10,   (59 4),  (473 1), 0,  0,  0,  10,  9,   10,  {3 5 7}
 947,  1022002,  1110110011,   10,  (473 1),  (237 2), 2,  2,  2,  1,   11,  12,  {947}
 949,  1022011,  1110110101,   10,  (237 2),  (475 1), 1,  4,  4,  3,   0,   14,  {13 73}
 951,  1022020,  1110110111,    7,  (475 1),  (119 3), 0,  1,  6,  5,   2,   16,  {3 317}
 953,  1022022,  1110111001,    7,  (119 3),  (477 1), 2,  3,  1,  7,   4,   1,   {953}
 955,  1022101,  1110111011,    7,  (477 1),  (239 2), 1,  0,  3,  9,   6,   3,   {5 191}
 957,  1022110,  1110111101,   17,  (239 2),  (479 1), 0,  2,  5,  0,   8,   5,   {3 11 29}
 959,  1022112,  1110111111,   46,  (479 1),   (15 6), 2,  4,  0,  2,   10,  7,   {7 137}
 961,  1022121,  1111000001,   15,   (15 6),  (481 1), 1,  1,  2,  4,   12,  9,   {31}
 963,  1022200,  1111000011,   15,  (481 1),  (241 2), 0,  3,  4,  6,   1,   11,  {3 107}
 965,  1022202,  1111000101,    5,  (241 2),  (483 1), 2,  0,  6,  8,   3,   13,  {5 193}
 967,  1022211,  1111000111,   51,  (483 1),  (121 3), 1,  2,  1,  10,  5,   15,  {967}
 969,  1022220,  1111001001,   15,  (121 3),  (485 1), 0,  4,  3,  1,   7,   0,   {3 17 19}
 971,  1022222,  1111001011,   10,  (485 1),  (243 2), 2,  1,  5,  3,   9,   2,   {971}
 973,  1100001,  1111001101,   34,  (243 2),  (487 1), 1,  3,  0,  5,   11,  4,   {7 139}
 975,  1100010,  1111001111,   51,  (487 1),   (61 4), 0,  0,  2,  7,   0,   6,   {3 5 13}
 977,  1100012,  1111010001,   34,   (61 4),  (489 1), 2,  2,  4,  9,   2,   8,   {977}
 979,  1100021,  1111010011,   15,  (489 1),  (245 2), 1,  4,  6,  0,   4,   10,  {11 89}
 981,  1100100,  1111010101,    5,  (245 2),  (491 1), 0,  1,  1,  2,   6,   12,  {3 109}
 983,  1100102,  1111010111,   51,  (491 1),  (123 3), 2,  3,  3,  4,   8,   14,  {983}
 985,  1100111,  1111011001,    5,  (123 3),  (493 1), 1,  0,  5,  6,   10,  16,  {5 197}
 987,  1100120,  1111011011,   10,  (493 1),  (247 2), 0,  2,  0,  8,   12,  1,   {3 7 47}
 989,  1100122,  1111011101,   15,  (247 2),  (495 1), 2,  4,  2,  10,  1,   3,   {23 43}
 991,  1100201,  1111011111,   34,  (495 1),   (31 5), 1,  1,  4,  1,   3,   5,   {991}
 993,  1100210,  1111100001,   32,   (31 5),  (497 1), 0,  3,  6,  3,   5,   7,   {3 331}
 995,  1100212,  1111100011,    5,  (497 1),  (249 2), 2,  0,  1,  5,   7,   9,   {5 199}
 997,  1100221,  1111100101,   15,  (249 2),  (499 1), 1,  2,  3,  7,   9,   11,  {997}
 999,  1101000,  1111100111,   15,  (499 1),  (125 3), 0,  4,  5,  9,   11,  13,  {3 37}


