# `n`       a positive odd integer
# `base3`   the ternary representation of n
# `base2`   the binary representation of n
# `dist`    the number of odd-to-odd Collatz for n steps to reach 1
# `nl`      the odd core valuation of the even number n-1 to the left of odd n
# `nr`      the odd core valuation of the even number n+1 to the right of odd n
# `sm*`     the signed prime residues of n modulo a set of primes
# `factors` the prime factors of n

       n,           base3,                   base2, dist,          nl,           nr, m3, m5, m7, m11, m13, m17, m19, m23, m29, m31, m37, m41, m43, m47, m53, m59, m61, m67, m71, m73, m79, m83, m89, m97, m101, m103, m107, m109, m113, m127, factors
    6471,        22212200,           1100101000111,   60,    (3235 1),      (809 3), 0, *1,  3,  3,   10,  11,  11,  8,   4,   23,  33,  34,  21,  32,  5,   40,  5,   39,  10,  47,  72,  80,  63,  69,  7,    85,   51,   40,   30,   121,  {3 719}
    9707,       111022112,          10010111101011,   59,    (4853 1),     (2427 2), 2, *2,  5,  5,   9,   0,   17, *1,   21,  4,   13,  31,  32,  25,  8,   31,  8,   59,  51,  71,  69,  79,  6,   7,   11,   25,   77,   6,    102,  55,   {17 571}
   14561,       201222022,          11100011100001,   58,     (455 5),     (7281 1), 2,  1,  1,  8,  |1,   9,   7,  *2,   3,   22,  20,  6,   27,  38,  39,  47,  43,  22,  6,   34,  25,  36,  54,  11,  17,   38,   9,    64,   97,   83,   {14561}
   10921,       112222111,          10101010101001,   57,    (1365 3),     (5461 1), 1,  1,  1,  9,  |1,   7,   15,  19,  17,  9,   6,   15,  42,  17,  3,   6,   2,   0,   58,  44,  19,  48,  63,  57,  13,   3,    7,    21,   73,   126,  {67 163}
    8191,       102020101,           1111111111111,   56,    (4095 1),       (1 13),*1, *1, *1,  7,  *1,   14,  2,   3,   13, [7, ] 14,  32,  21,  13,  29,  49,  17,  17,  26,  15,  54,  57,  3,   43,  10,   54,   59,   16,   55,   63,   {8191}
   12287,       121212002,          10111111111111,   55,    (6143 1),       (3 12),*2, *2, *2,  0,  *2,   13,  13,  5,   20, [11,] 3,   28,  32,  20,  44,  15,  26,  26,  4,   23,  42,  3,   5,   65,  66,   30,   89,   79,   83,   95,   {11 1117}
   18431,       221021122,         100011111111111,   54,    (9215 1),       (9 11), 2,  1,  0,  6,   10,  3,  *1,   8,   16, [17,] 5,   22,  27, [7, ] 40,  23,  9,   6,   42,  35,  24,  5,   8,  *1,   49,   97,   27,   10,   12,   16,   {7 2633}
   27647,      1101220222,         110101111111111,   53,   (13823 1),      (27 10), 2,  2,  4,  4,   9,   5,  *2,  *1,   10,  26,  8,   13,  41, [11,] 34,  35,  14,  43,  28,  53,  76,  8,   57, *2,   74,   43,   41,   70,   75,   88,   {27647}
   41471,      2002212222,        1010000111111111,   52,   (20735 1),       (81 9), 2,  1,  3, *1,  *1,   8,   13, *2,  *1,   24,  31,  20,  19, [17,] 25,  53,  52,  65, [7, ][7, ] 75,  54,  86,  52,  61,   65,   62,   51,   0,    69,   {113 367}
   62207,     10011022222,        1111001011111111,   51,   (31103 1),      (243 8), 2,  2,  5, *2,  *2,   4,  *1,   15, *2,   21,  10,  10,  29,  26,  38,  21,  48,  31, [11,][11,] 34,  40,  85,  30,  92,   98,   40,   77,   57,   104,  {62207}
   93311,     11201222222,       10110110001111111,   50,   (46655 1),      (729 7), 2,  1,  1,  9,   10,  15, *2,   0,   18,  1,   34,  36, *1,   16,  31,  32,  42,  47, [17,][17,] 12,  19,  39,  94,  88,   96,  [7, ] [7, ]   86,   93,   {23 4057}
  139967,     21002222222,      100010001010111111,   49,   (69983 1),     (2187 6), 2,  2,  2,  3,   9,   6,   13,  12,  13,  2,   33,  34, *2,  *1,   47,  19,  33,  4,   26,  26,  58,  29,  59,  93,  82,   93,  [11,] [11,]   73,   13,   {139967}
  209951,    101122222222,      110011010000011111,   48,  (104975 1),     (6561 5), 2,  1,  0,  5,  *1,  *1,  *1,  [7, ] 20,  19,  13,  31,  25, *2,   18,  29,  50,  40,  4,   3,   48,  44,  0,   43,  73,   37,  [17,] [17,]   110,  20,   {7 89 337}
  314927,    120222222222,     1001100111000101111,   47,  (157463 1),    (19683 4), 2,  2,  4,  8,  *2,  *2,  *2,  [11,] 16,  29,  20,  6,   38,  27, *1,   44,  45,  27,  42,  5,   33,  25,  45,  65,  9,    56,   26,---26,   109,  94,   {314927}
  472391,    212222222222,     1110011010101000111,   46,  (236195 1),    (59049 3), 2,  1,  3,  7,   10,  12,  13, [17,] 10,  13,  12,  30,  36,  41, *2,   37, [7, ] 41,  28,  8,   50,  38,  68, *1,   14,   33,   93,   94,   51,   78,   {472391}
  708587,   1022222222222,    10101100111111101011,   45,  (354293 1),   (177147 2), 2,  2,  5,  0,   9,   10, *1,   3,  *1,   20,  0,   25,  33,  15,  30,  56, [11,] 62,  7,   49,  36,  16,  58, *2,   72,   50,   33,   87,   77,   54,   {11 37 1741}
 1062881,   1222222222222,   100000011011111100001,   44,   (33215 5),   (531441 1), 2,  1,  1,  6,   1,   7,  *2,   5,  *2,   15,  19,  38,  7,   23,  19,  55, [17,] 60,  11, |1,   15,  66,  43,  52,  58,   24,   50,   22,   3,    18,   {1062881}
  797161,   1111111111111,    11000010100111101001,   43,   (99645 3),   (398581 1), 1,  1,  1,  2,   1,   14,  16,  4,   9,   27,  33,  39,  27,  41,  41,  12,  13,  62,  44, |1,   51,  29,  77,  15,  69,   44,   11,   44,   59,   109,  {797161}
  597871,   1010101010101,    10010001111101101111,   42,  (298935 1),    (37367 4),*1, *1, *1, |10,  1,   15,  17,  9,  [7, ] 5,   25,  9,  |42,  31,  31,  24,  10,  30,  51, *1,  |78,  22,  58,  60,  52,   59,   62,   6,    101,  82,   {547 1093}
  896807,   1200120012002,    11011010111100100111,   41,  (448403 1),   (112101 3),*2, *2, *2, |10,  2,   6,  [7, ] 14, [11,] 8,  *1,   14, |42,  0,   47, [7, ] 46,  12,  6,  *2,  |78,  75,  43,  42,  28,   89,   40,   64,   39,   60,   {47 19081}
 1345211,   2112100021122,   101001000011010111011,   40,  (672605 1),   (336303 2), 2, *1,  0, |10,  10, *1,  [11,] 10, [17,] 28, *2,  *1,  |42,  24,  18, [11,] 39,  52,  45,  40, |78,  30,  65,  15,  93,   31,   7,    42,   59,   27,   {7 192173}
 2017817,  10210111220222,   111101100101000011001,   39,  (252227 3),  (1008909 1), 2, *2,  4, |10,  9,  *2,  [17,] 4,   26,  27,  22, *2,  |42,  13,  1,  [17,] 59,  45,  68,  24, |78,  4,   9,   23,  39,   47,   11,   9,    89,   41,   {2017817}
 1513363,   2211212221111,   101110001011110010011,   38,  (756681 1),   (378341 2), 1,  3,  5,  5,   7,   6,   13,  9,   27,  5,   26,  12,  21,  10, *1,   13,  14,  34,  69,  0,   39,  24,  7,   66,  80,   87,   62,   7,    67,   31,   {73 20731}
 2270045,  11021022220202,  1000101010001101011101,   37,  (567511 2),  (1135023 1), 2,  0,  1,  8,   11,  1,   1,  |14,  12,  8,   21,  39,  32,  39, *2,   20,  52,  18,  33,  37,  59,  78,  11,  51,  70,   28,   40,   11,   101,  47,   {5 454009}
  851267,   1121020201102,    11001111110101000011,   36,  (425633 1),   (212817 2), 2,  2,  4, |10,  1,   9,   10, |14,  1,   7,   8,   25,  39,  3,   34,  15,  12,  32,  48,  14,  42,  19,  71,  92,  39,   75,   82,   86,   38,   113,  {851267}
 1276901,   2101212120122,   100110111101111100101,   35,  (319225 2),   (638451 1), 2,  1,  3, |10,  2,   14,  6,   10,  2,   11,  31,  38,  16,  5,   25,  23,  49,  15,  37,  58,  24,  29,  18,  90,  59,   10,   70,   75,   1,    43,   {577 2213}
  239419,    110011102101,      111010011100111011,   34,  (119709 1),    (59855 2), 1,  4,  5,  4,   11,  8,   0,   12,  24,  6,   29,  20,  38, *1,   18,  56,  55,  28,  7,   52,  49,  47,  9,   23,  49,   47,   60,   55,   85,   24,   {19 12601}
  359129,    200020122002,     1010111101011011001,   33,   (44891 3),   (179565 1), 2,  4,  1,  1,   4,   4,   10,  7,   22,  25,  7,   10,  36, *2,   1,   55,  22,  9,   11,  42,  74,  71,  14,  35,  74,   71,   37,   83,   15,   100,  {359129}
  269347,    111200110211,     1000001110000100011,   32,  (134673 1),    (67337 2), 1,  2, *1, *1,   0,  |16,  3,   17,  24,  19,  24,  18,  38,  37, *1,   12,  32,  7,   44,  50,  36,  12,  33,  75,  81,   2,    28,   8,    68,   107,  {13 20719}
  404021,    202112012202,     1100010101000110101,   31,  (101005 2),   (202011 1), 2, *1, *2, *2,   7,  |16,  5,   3,   22,  29,  18,  7,   36,  9,  *2,   48,  18,  11,  31,  39,  15,  60,  50,  16,  21,   55,   96,   67,   46,   34,   {404021}
   37877,      1220221212,        1001001111110101,   30,    (9469 2),    (18939 1), 2, *2,  0,  4,   8,   1,   10,  19,  3,   26,  26,  34,  37,  42,  35,  58,  57,  22,  34,  63,  36,  29,  52,  47,  2,    76,   106,  54,   22,   31,   {7 773}
    3551,        11212112,            110111011111,   29,    (1775 1),      (111 5), 2, *1,  2,  9,   2,   15,  17,  9,   13,  17, |36,  25,  25,  26,  0,   11,  13,  0,  *1,   47,  75,  65,  80,  59,  16,   49,   20,   63,   48,   122,  {53 67}
    5327,        21022022,           1010011001111,   28,    (2663 1),      (333 4), 2, *2,  0,  3,   10,  6,  [7, ] 14,  20,  26, |36,  38,  38,  16,  27,  17,  20,  34, *2,   71,  34,  15,  76,  89,  75,   74,   84,   95,   16,   120,  {7 761}
    7991,       101221222,           1111100110111,   27,    (3995 1),      (999 3), 2, *1,  4,  5,   9,  *1,  [11,] 10,  16,  24, |36,  37,  36, *1,   41,  26,  0,   18,  39,  34,  12,  23,  70,  37,  12,   60,   73,   34,   81,   117,  {61 131}
   11987,       121102222,          10111011010011,   26,    (5993 1),     (2997 2), 2, *2,  3,  8,  *1,  *2,  [17,] 4,   10,  21, |36,  15,  33, *2,   9,   10,  31,  61,  59,  15,  58,  35,  61,  56,  69,   39,   3,    106,  9,    49,   {11987}
   17981,       220122222,         100011000111101,   25,    (4495 2),     (8991 1), 2,  1,  5,  7,  *2,   12,  7,   18,  1,   1,  |36,  23,  7,   27,  14,  45,  47,  25,  18,  23,  48,  53,  3,   36,  3,    59,   5,    105,  14,   74,   {17981}
    6743,       100020202,           1101001010111,   24,    (3371 1),      (843 3), 2,  3,  2,  0,   9,   11,  17,  4,   15,  16,  9,   19,  35,  22,  12,  17,  33,  43,  69,  27,  28,  20,  68,  50,  77,   48,   2,    94,   76,   12,   {11 613}
   10115,       111212122,          10011110000011,   23,    (5057 1),     (2529 2), 2,  0,  0,  6,  *1,   0,   7,   18,  23,  9,   14,  29,  10,  10,  45,  26,  50,  65,  33,  41,  3,   72,  58,  27,  15,   21,   57,   87,   58,   82,   {5 7 17}
   15173,       202210222,          11101101000101,   22,    (3793 2),     (7587 1), 2,  3,  4,  4,  *2,   9,   11, |16,  6,   14,  3,   3,   37,  39,  15,  10,  45, |31,  50,  62,  5,   67,  43,  41,  23,   32,   86,   22,   31,   60,   {15173}
    2845,        10220101,            101100011101,   21,     (711 2),     (1423 1),*1,  0,  3,  7,   11,  6,   14, |16,  3,   24,  33,  16,  7,   25,  36,  13,  39, |31,  5,   71,  1,   23,  86,  32,  17,   64,   63,   11,   20,  |51,   {5 569}
    1067,         1110112,             10000101011,   20,     (533 1),      (267 2),*2,  2,  3,  0,  *1,   13,  3,   9,   23,  13,  31, *1,   35,  33,  7,   5,   30,  62,  2,   45,  40,  71, |88,  0,   57,   37,   104,  86,   50,  |51,   {11 97}
    1601,         2012022,             11001000001,   19,      (25 6),      (801 1), 2,  1,  5,  6,  *2,   3,   5,   14,  6,   20,  10, *2,   10,  3,   11,  8,   15,  60,  39,  68,  21,  24, |88,  49,  86,   56,   103,  75,   19,   77,   {1601}
    1201,         1122111,             10010110001,   18,      (75 4),      (601 1), 1,  1,  4,  2,   5,   11,  4,   5,   12,  23,  17,  12,  40,  26,  35,  21,  42,  62,  65,  33,  16,  39,  44,  37,  90,   68,   24,   2,    71,   58,   {1201}
     901,         1020101,              1110000101,   17,     (225 2),      (451 1), 1,  1,  5,  10,  4,   0,   8,   4,   2,   2,   13,  40,  41,  8,   0,   16, |47,  30,  49,  25,  32,  71,  11,  28,  93,   77,   45,   29,   110,  12,   {17 53}
     169,           20021,                10101001,   16,      (21 3),       (85 1), 1,  4,  1,  4,   0,   16,  17,  8,   24,  14,  21,  5,   40,  28,  10,  51, |47,  35,  27,  23,  11,  3,   80,  72,  68,   66,   62,   60,   56,   42,   {13}
     127,           11201,                 1111111,   15,      (63 1),        (1 7), 1,  2,  1,  6,   10,  8,   13,  12,  11,  3,   16,  4,   41,  33,  21,  9,   5,   60,  56,  54,  48,  44,  38,  30,  26,   24,   20,   18,   14,   0,    {127}
     191,           21002,                10111111,   14,      (95 1),        (3 6), 2,  1,  2,  4,   9,   4,   1,  [7, ] 17,  5,   6,   27,  19,  3,   32,  14,  8,   57,  49,  45,  33,  25,  13,  94,  90,   88,   84,   82,   78,   64,   {191}
     287,          101122,               100011111,   13,     (143 1),        (9 5), 2,  2,  0,  1,  *1,   15,  2,  [11,] 26,  8,   28,  0,   29,  5,   22,  51,  43,  19,  3,   68,  50,  38,  20,  93,  85,   81,   73,   69,   61,   33,   {7 41}
     431,          120222,               110101111,   12,     (215 1),       (27 4), 2,  1,  4,  2,  *2,   6,   13, [17,] 25,  28,  24,  21, *1,   8,  [7, ] 18,  4,   29,  5,   66,  36,  16,  75,  43,  27,   19,   3,    104,  92,   50,   {431}
     647,          212222,              1010000111,   11,     (323 1),       (81 3), 2,  2,  3,  9,   10, *1,  *1,   3,   9,   27,  18,  32, *2,   36, [11,] 57,  37,  44,  8,   63,  15,  66,  24,  65,  41,   29,   5,    102,  82,   12,   {647}
     971,         1022222,              1111001011,   10,     (485 1),      (243 2), 2,  1,  5,  3,   9,  *2,  *2,   5,   14,  10,  9,   28,  25,  31, [17,] 27,  56,  33,  48,  22,  23,  58,  81, *1,   62,   44,   8,    99,   67,   82,   {971}
    1457,         1222222,             10110110001,    9,      (91 4),      (729 1), 2,  2,  1,  5,   1,   12,  13,  8,   7,   0,   14,  22,  38,  0,   26,  41,  54,  50,  37,  70,  35,  46,  33, *2,   43,   15,   66,   40,   101,  60,   {31 47}
    1093,         1111111,             10001000101,    8,     (273 2),      (547 1), 1,  3, *1,  4,   1,   5,   10,  12,  20,  8,  |20,  27,  18,  12,  33,  31,  56,  21,  28,  71,  66,  14,  25,  26,  83,   63,   23,   3,    76,   77,   {1093}        # gained at distance 42
     205,           21121,                11001101,    7,      (51 2),      (103 1), 1,  0, *2,  7,   10,  1,   15,  21,  2,   19, |20,  0,   33,  17,  46,  28,  22,  4,   63,  59,  47,  39,  27,  11,  3,    102,  98,   96,   92,   78,   {5 41}
      77,            2212,                 1001101,    6,      (19 2),       (39 1), 2,  2,  0,  0,   12,  9,   1,   8,   19,  15,  3,   36,  34,  30,  24,  18,  16,  10,  6,   4,   77,  77,  77,  77,  77,   77,   77,   77,   77,   77,   {7 11}
      29,            1002,                   11101,    5,       (7 2),       (15 1), 2,  4,  1,  7,   3,   12,  10,  6,   0,   29,  29,  29,  29,  29,  29,  29,  29,  29,  29,  29,  29,  29,  29,  29,  29,   29,   29,   29,   29,   29,   {29}
      11,             102,                    1011,    4,       (5 1),        (3 2), 2,  1,  4,  0,   11,  11,  11,  11,  11,  11,  11,  11,  11,  11,  11,  11,  11,  11,  11,  11,  11,  11,  11,  11,  11,   11,   11,   11,   11,   11,   {11}
      17,             122,                   10001,    3,       (1 4),        (9 1), 2,  2,  3,  6,   4,   0,   17,  17,  17,  17,  17,  17,  17,  17,  17,  17,  17,  17,  17,  17,  17,  17,  17,  17,  17,   17,   17,   17,   17,   17,   {17}
      13,             111,                    1101,    2,       (3 2),        (7 1), 1,  3,  6,  2,   0,   13,  13,  13,  13,  13,  13,  13,  13,  13,  13,  13,  13,  13,  13,  13,  13,  13,  13,  13,  13,   13,   13,   13,   13,   13,   {13}
       5,              12,                     101,    1,       (1 2),        (3 1), 2,  0,  5,  5,   5,   5,   5,   5,   5,   5,   5,   5,   5,   5,   5,   5,   5,   5,   5,   5,   5,   5,   5,   5,   5,    5,    5,    5,    5,    5,    {5}
       1,               1,                       1,    0,       (0 0),        (1 1), 1,  1,  1,  1,   1,   1,   1,   1,   1,   1,   1,   1,   1,   1,   1,   1,   1,   1,   1,   1,   1,   1,   1,   1,   1,    1,    1,    1,    1,    1,    {}



       n,           base3,                   base2, dist,          nl,           nr, m3, m5, m7, m11, m13, m17, m19, m23, m29, m31, m37, m41, m43, m47, m53, m59, m61, m67, m71, m73, m79, m83, m89, m97, m101, m103, m107, m109, m113, m127, factors
    6471,        22212200,           1100101000111,   60,    (3235 1),      (809 3), 0,  1,  3,  3,   10,  11,  11,  8,   4,   23,  33,  34,  21,  32,  5,   40,  5,   39,  10,  47,  72,  80,  63,  69,  7,    85,   51,   40,   30,   121,  {3 719}
    9707,       111022112,          10010111101011,   59,    (4853 1),     (2427 2), 2,  2,  5,  5,   9,   0,   17,  1,   21,  4,   13,  31,  32,  25,  8,   31,  8,   59,  51,  71,  69,  79,  6,   7,   11,   25,   77,   6,    102,  55,   {17 571}
   14561,       201222022,          11100011100001,   58,     (455 5),     (7281 1), 2,  1,  1,  8,   1,   9,   7,   2,   3,   22,  20,  6,   27,  38,  39,  47,  43,  22,  6,   34,  25,  36,  54,  11,  17,   38,   9,    64,   97,   83,   {14561}
   10921,       112222111,          10101010101001,   57,    (1365 3),     (5461 1), 1,  1,  1,  9,   1,   7,   15,  19,  17,  9,   6,   15,  42,  17,  3,   6,   2,   0,   58,  44,  19,  48,  63,  57,  13,   3,    7,    21,   73,   126,  {67 163}
    8191,       102020101,           1111111111111,   56,    (4095 1),       (1 13), 1,  1,  1,  7,   1,   14,  2,   3,   13,  7,   14,  32,  21,  13,  29,  49,  17,  17,  26,  15,  54,  57,  3,   43,  10,   54,   59,   16,   55,   63,   {8191}
   12287,       121212002,          10111111111111,   55,    (6143 1),       (3 12), 2,  2,  2,  0,   2,   13,  13,  5,   20,  11,  3,   28,  32,  20,  44,  15,  26,  26,  4,   23,  42,  3,   5,   65,  66,   30,   89,   79,   83,   95,   {11 1117}
   18431,       221021122,         100011111111111,   54,    (9215 1),       (9 11), 2,  1,  0,  6,   10,  3,   1,   8,   16,  17,  5,   22,  27,  7,   40,  23,  9,   6,   42,  35,  24,  5,   8,   1,   49,   97,   27,   10,   12,   16,   {7 2633}
   27647,      1101220222,         110101111111111,   53,   (13823 1),      (27 10), 2,  2,  4,  4,   9,   5,   2,   1,   10,  26,  8,   13,  41,  11,  34,  35,  14,  43,  28,  53,  76,  8,   57,  2,   74,   43,   41,   70,   75,   88,   {27647}
   41471,      2002212222,        1010000111111111,   52,   (20735 1),       (81 9), 2,  1,  3,  1,   1,   8,   13,  2,   1,   24,  31,  20,  19,  17,  25,  53,  52,  65,  7,   7,   75,  54,  86,  52,  61,   65,   62,   51,   0,    69,   {113 367}
   62207,     10011022222,        1111001011111111,   51,   (31103 1),      (243 8), 2,  2,  5,  2,   2,   4,   1,   15,  2,   21,  10,  10,  29,  26,  38,  21,  48,  31,  11,  11,  34,  40,  85,  30,  92,   98,   40,   77,   57,   104,  {62207}
   93311,     11201222222,       10110110001111111,   50,   (46655 1),      (729 7), 2,  1,  1,  9,   10,  15,  2,   0,   18,  1,   34,  36,  1,   16,  31,  32,  42,  47,  17,  17,  12,  19,  39,  94,  88,   96,   7,    7,    86,   93,   {23 4057}
  139967,     21002222222,      100010001010111111,   49,   (69983 1),     (2187 6), 2,  2,  2,  3,   9,   6,   13,  12,  13,  2,   33,  34,  2,   1,   47,  19,  33,  4,   26,  26,  58,  29,  59,  93,  82,   93,   11,   11,   73,   13,   {139967}
  209951,    101122222222,      110011010000011111,   48,  (104975 1),     (6561 5), 2,  1,  0,  5,   1,   1,   1,   7,   20,  19,  13,  31,  25,  2,   18,  29,  50,  40,  4,   3,   48,  44,  0,   43,  73,   37,   17,   17,   110,  20,   {7 89 337}
  314927,    120222222222,     1001100111000101111,   47,  (157463 1),    (19683 4), 2,  2,  4,  8,   2,   2,   2,   11,  16,  29,  20,  6,   38,  27,  1,   44,  45,  27,  42,  5,   33,  25,  45,  65,  9,    56,   26,   26,   109,  94,   {314927}
  472391,    212222222222,     1110011010101000111,   46,  (236195 1),    (59049 3), 2,  1,  3,  7,   10,  12,  13,  17,  10,  13,  12,  30,  36,  41,  2,   37,  7,   41,  28,  8,   50,  38,  68,  1,   14,   33,   93,   94,   51,   78,   {472391}
  708587,   1022222222222,    10101100111111101011,   45,  (354293 1),   (177147 2), 2,  2,  5,  0,   9,   10,  1,   3,   1,   20,  0,   25,  33,  15,  30,  56,  11,  62,  7,   49,  36,  16,  58,  2,   72,   50,   33,   87,   77,   54,   {11 37 1741}
 1062881,   1222222222222,   100000011011111100001,   44,   (33215 5),   (531441 1), 2,  1,  1,  6,   1,   7,   2,   5,   2,   15,  19,  38,  7,   23,  19,  55,  17,  60,  11,  1,   15,  66,  43,  52,  58,   24,   50,   22,   3,    18,   {1062881}
  797161,   1111111111111,    11000010100111101001,   43,   (99645 3),   (398581 1), 1,  1,  1,  2,   1,   14,  16,  4,   9,   27,  33,  39,  27,  41,  41,  12,  13,  62,  44,  1,   51,  29,  77,  15,  69,   44,   11,   44,   59,   109,  {797161}
  597871,   1010101010101,    10010001111101101111,   42,  (298935 1),    (37367 4), 1,  1,  1,  10,  1,   15,  17,  9,   7,   5,   25,  9,   42,  31,  31,  24,  10,  30,  51,  1,   78,  22,  58,  60,  52,   59,   62,   6,    101,  82,   {547 1093}
  896807,   1200120012002,    11011010111100100111,   41,  (448403 1),   (112101 3), 2,  2,  2,  10,  2,   6,   7,   14,  11,  8,   1,   14,  42,  0,   47,  7,   46,  12,  6,   2,   78,  75,  43,  42,  28,   89,   40,   64,   39,   60,   {47 19081}
 1345211,   2112100021122,   101001000011010111011,   40,  (672605 1),   (336303 2), 2,  1,  0,  10,  10,  1,   11,  10,  17,  28,  2,   1,   42,  24,  18,  11,  39,  52,  45,  40,  78,  30,  65,  15,  93,   31,   7,    42,   59,   27,   {7 192173}
 2017817,  10210111220222,   111101100101000011001,   39,  (252227 3),  (1008909 1), 2,  2,  4,  10,  9,   2,   17,  4,   26,  27,  22,  2,   42,  13,  1,   17,  59,  45,  68,  24,  78,  4,   9,   23,  39,   47,   11,   9,    89,   41,   {2017817}
 1513363,   2211212221111,   101110001011110010011,   38,  (756681 1),   (378341 2), 1,  3,  5,  5,   7,   6,   13,  9,   27,  5,   26,  12,  21,  10,  1,   13,  14,  34,  69,  0,   39,  24,  7,   66,  80,   87,   62,   7,    67,   31,   {73 20731}
 2270045,  11021022220202,  1000101010001101011101,   37,  (567511 2),  (1135023 1), 2,  0,  1,  8,   11,  1,   1,   14,  12,  8,   21,  39,  32,  39,  2,   20,  52,  18,  33,  37,  59,  78,  11,  51,  70,   28,   40,   11,   101,  47,   {5 454009}
  851267,   1121020201102,    11001111110101000011,   36,  (425633 1),   (212817 2), 2,  2,  4,  10,  1,   9,   10,  14,  1,   7,   8,   25,  39,  3,   34,  15,  12,  32,  48,  14,  42,  19,  71,  92,  39,   75,   82,   86,   38,   113,  {851267}
 1276901,   2101212120122,   100110111101111100101,   35,  (319225 2),   (638451 1), 2,  1,  3,  10,  2,   14,  6,   10,  2,   11,  31,  38,  16,  5,   25,  23,  49,  15,  37,  58,  24,  29,  18,  90,  59,   10,   70,   75,   1,    43,   {577 2213}
  239419,    110011102101,      111010011100111011,   34,  (119709 1),    (59855 2), 1,  4,  5,  4,   11,  8,   0,   12,  24,  6,   29,  20,  38,  1,   18,  56,  55,  28,  7,   52,  49,  47,  9,   23,  49,   47,   60,   55,   85,   24,   {19 12601}
  359129,    200020122002,     1010111101011011001,   33,   (44891 3),   (179565 1), 2,  4,  1,  1,   4,   4,   10,  7,   22,  25,  7,   10,  36,  2,   1,   55,  22,  9,   11,  42,  74,  71,  14,  35,  74,   71,   37,   83,   15,   100,  {359129}
  269347,    111200110211,     1000001110000100011,   32,  (134673 1),    (67337 2), 1,  2,  1,  1,   0,   16,  3,   17,  24,  19,  24,  18,  38,  37,  1,   12,  32,  7,   44,  50,  36,  12,  33,  75,  81,   2,    28,   8,    68,   107,  {13 20719}
  404021,    202112012202,     1100010101000110101,   31,  (101005 2),   (202011 1), 2,  1,  2,  2,   7,   16,  5,   3,   22,  29,  18,  7,   36,  9,   2,   48,  18,  11,  31,  39,  15,  60,  50,  16,  21,   55,   96,   67,   46,   34,   {404021}
   37877,      1220221212,        1001001111110101,   30,    (9469 2),    (18939 1), 2,  2,  0,  4,   8,   1,   10,  19,  3,   26,  26,  34,  37,  42,  35,  58,  57,  22,  34,  63,  36,  29,  52,  47,  2,    76,   106,  54,   22,   31,   {7 773}
    3551,        11212112,            110111011111,   29,    (1775 1),      (111 5), 2,  1,  2,  9,   2,   15,  17,  9,   13,  17,  36,  25,  25,  26,  0,   11,  13,  0,   1,   47,  75,  65,  80,  59,  16,   49,   20,   63,   48,   122,  {53 67}
    5327,        21022022,           1010011001111,   28,    (2663 1),      (333 4), 2,  2,  0,  3,   10,  6,   7,   14,  20,  26,  36,  38,  38,  16,  27,  17,  20,  34,  2,   71,  34,  15,  76,  89,  75,   74,   84,   95,   16,   120,  {7 761}
    7991,       101221222,           1111100110111,   27,    (3995 1),      (999 3), 2,  1,  4,  5,   9,   1,   11,  10,  16,  24,  36,  37,  36,  1,   41,  26,  0,   18,  39,  34,  12,  23,  70,  37,  12,   60,   73,   34,   81,   117,  {61 131}
   11987,       121102222,          10111011010011,   26,    (5993 1),     (2997 2), 2,  2,  3,  8,   1,   2,   17,  4,   10,  21,  36,  15,  33,  2,   9,   10,  31,  61,  59,  15,  58,  35,  61,  56,  69,   39,   3,    106,  9,    49,   {11987}
   17981,       220122222,         100011000111101,   25,    (4495 2),     (8991 1), 2,  1,  5,  7,   2,   12,  7,   18,  1,   1,   36,  23,  7,   27,  14,  45,  47,  25,  18,  23,  48,  53,  3,   36,  3,    59,   5,    105,  14,   74,   {17981}
    6743,       100020202,           1101001010111,   24,    (3371 1),      (843 3), 2,  3,  2,  0,   9,   11,  17,  4,   15,  16,  9,   19,  35,  22,  12,  17,  33,  43,  69,  27,  28,  20,  68,  50,  77,   48,   2,    94,   76,   12,   {11 613}
   10115,       111212122,          10011110000011,   23,    (5057 1),     (2529 2), 2,  0,  0,  6,   1,   0,   7,   18,  23,  9,   14,  29,  10,  10,  45,  26,  50,  65,  33,  41,  3,   72,  58,  27,  15,   21,   57,   87,   58,   82,   {5 7 17}
   15173,       202210222,          11101101000101,   22,    (3793 2),     (7587 1), 2,  3,  4,  4,   2,   9,   11,  16,  6,   14,  3,   3,   37,  39,  15,  10,  45,  31,  50,  62,  5,   67,  43,  41,  23,   32,   86,   22,   31,   60,   {15173}
    2845,        10220101,            101100011101,   21,     (711 2),     (1423 1), 1,  0,  3,  7,   11,  6,   14,  16,  3,   24,  33,  16,  7,   25,  36,  13,  39,  31,  5,   71,  1,   23,  86,  32,  17,   64,   63,   11,   20,   51,   {5 569}
    1067,         1110112,             10000101011,   20,     (533 1),      (267 2), 2,  2,  3,  0,   1,   13,  3,   9,   23,  13,  31,  1,   35,  33,  7,   5,   30,  62,  2,   45,  40,  71,  88,  0,   57,   37,   104,  86,   50,   51,   {11 97}
    1601,         2012022,             11001000001,   19,      (25 6),      (801 1), 2,  1,  5,  6,   2,   3,   5,   14,  6,   20,  10,  2,   10,  3,   11,  8,   15,  60,  39,  68,  21,  24,  88,  49,  86,   56,   103,  75,   19,   77,   {1601}
    1201,         1122111,             10010110001,   18,      (75 4),      (601 1), 1,  1,  4,  2,   5,   11,  4,   5,   12,  23,  17,  12,  40,  26,  35,  21,  42,  62,  65,  33,  16,  39,  44,  37,  90,   68,   24,   2,    71,   58,   {1201}
     901,         1020101,              1110000101,   17,     (225 2),      (451 1), 1,  1,  5,  10,  4,   0,   8,   4,   2,   2,   13,  40,  41,  8,   0,   16,  47,  30,  49,  25,  32,  71,  11,  28,  93,   77,   45,   29,   110,  12,   {17 53}
     169,           20021,                10101001,   16,      (21 3),       (85 1), 1,  4,  1,  4,   0,   16,  17,  8,   24,  14,  21,  5,   40,  28,  10,  51,  47,  35,  27,  23,  11,  3,   80,  72,  68,   66,   62,   60,   56,   42,   {13}
     127,           11201,                 1111111,   15,      (63 1),        (1 7), 1,  2,  1,  6,   10,  8,   13,  12,  11,  3,   16,  4,   41,  33,  21,  9,   5,   60,  56,  54,  48,  44,  38,  30,  26,   24,   20,   18,   14,   0,    {127}
     191,           21002,                10111111,   14,      (95 1),        (3 6), 2,  1,  2,  4,   9,   4,   1,   7,   17,  5,   6,   27,  19,  3,   32,  14,  8,   57,  49,  45,  33,  25,  13,  94,  90,   88,   84,   82,   78,   64,   {191}
     287,          101122,               100011111,   13,     (143 1),        (9 5), 2,  2,  0,  1,   1,   15,  2,   11,  26,  8,   28,  0,   29,  5,   22,  51,  43,  19,  3,   68,  50,  38,  20,  93,  85,   81,   73,   69,   61,   33,   {7 41}
     431,          120222,               110101111,   12,     (215 1),       (27 4), 2,  1,  4,  2,   2,   6,   13,  17,  25,  28,  24,  21,  1,   8,   7,   18,  4,   29,  5,   66,  36,  16,  75,  43,  27,   19,   3,    104,  92,   50,   {431}
     647,          212222,              1010000111,   11,     (323 1),       (81 3), 2,  2,  3,  9,   10,  1,   1,   3,   9,   27,  18,  32,  2,   36,  11,  57,  37,  44,  8,   63,  15,  66,  24,  65,  41,   29,   5,    102,  82,   12,   {647}
     971,         1022222,              1111001011,   10,     (485 1),      (243 2), 2,  1,  5,  3,   9,   2,   2,   5,   14,  10,  9,   28,  25,  31,  17,  27,  56,  33,  48,  22,  23,  58,  81,  1,   62,   44,   8,    99,   67,   82,   {971}
    1457,         1222222,             10110110001,    9,      (91 4),      (729 1), 2,  2,  1,  5,   1,   12,  13,  8,   7,   0,   14,  22,  38,  0,   26,  41,  54,  50,  37,  70,  35,  46,  33,  2,   43,   15,   66,   40,   101,  60,   {31 47}
    1093,         1111111,             10001000101,    8,     (273 2),      (547 1), 1,  3,  1,  4,   1,   5,   10,  12,  20,  8,   20,  27,  18,  12,  33,  31,  56,  21,  28,  71,  66,  14,  25,  26,  83,   63,   23,   3,    76,   77,   {1093}
     205,           21121,                11001101,    7,      (51 2),      (103 1), 1,  0,  2,  7,   10,  1,   15,  21,  2,   19,  20,  0,   33,  17,  46,  28,  22,  4,   63,  59,  47,  39,  27,  11,  3,    102,  98,   96,   92,   78,   {5 41}
      77,            2212,                 1001101,    6,      (19 2),       (39 1), 2,  2,  0,  0,   12,  9,   1,   8,   19,  15,  3,   36,  34,  30,  24,  18,  16,  10,  6,   4,   77,  77,  77,  77,  77,   77,   77,   77,   77,   77,   {7 11}
      29,            1002,                   11101,    5,       (7 2),       (15 1), 2,  4,  1,  7,   3,   12,  10,  6,   0,   29,  29,  29,  29,  29,  29,  29,  29,  29,  29,  29,  29,  29,  29,  29,  29,   29,   29,   29,   29,   29,   {29}
      11,             102,                    1011,    4,       (5 1),        (3 2), 2,  1,  4,  0,   11,  11,  11,  11,  11,  11,  11,  11,  11,  11,  11,  11,  11,  11,  11,  11,  11,  11,  11,  11,  11,   11,   11,   11,   11,   11,   {11}
      17,             122,                   10001,    3,       (1 4),        (9 1), 2,  2,  3,  6,   4,   0,   17,  17,  17,  17,  17,  17,  17,  17,  17,  17,  17,  17,  17,  17,  17,  17,  17,  17,  17,   17,   17,   17,   17,   17,   {17}
      13,             111,                    1101,    2,       (3 2),        (7 1), 1,  3,  6,  2,   0,   13,  13,  13,  13,  13,  13,  13,  13,  13,  13,  13,  13,  13,  13,  13,  13,  13,  13,  13,  13,   13,   13,   13,   13,   13,   {13}
       5,              12,                     101,    1,       (1 2),        (3 1), 2,  0,  5,  5,   5,   5,   5,   5,   5,   5,   5,   5,   5,   5,   5,   5,   5,   5,   5,   5,   5,   5,   5,   5,   5,    5,    5,    5,    5,    5,    {5}
       1,               1,                       1,    0,       (0 0),        (1 1), 1,  1,  1,  1,   1,   1,   1,   1,   1,   1,   1,   1,   1,   1,   1,   1,   1,   1,   1,   1,   1,   1,   1,   1,   1,    1,    1,    1,    1,    1,    {}


