runs, steps
 479, 2278
 515, 2468
 523, 2306
 499, 2633
 471, 2463
 503, 2196
 495, 2243
 503, 2449
 521, 2413
 517, 2355
 491, 2341
 517, 2205
 483, 2379
 451, 2467
 507, 2667
 489, 2493
 467, 2331
 487, 2629
 463, 2552
 511, 2403
 523, 2553
 479, 2295
 527, 2439
 485, 2409
 531, 2463
 523, 2498
 507, 2443
 519, 2366
 529, 2228
 475, 2263
 541, 2405
 479, 2296
 477, 2538
 497, 2727
 495, 2555
 481, 2570
 477, 2542
 477, 2614
 473, 2496
 521, 2161
 487, 2389
 489, 2617
 497, 2157
 537, 2345
 499, 2551
 501, 2276
 497, 2487
 503, 2282
 503, 2523
 495, 2137
 519, 2495
 487, 2695
 517, 2526
 511, 2178
 515, 2372
 545, 2106
 485, 2382
 517, 2444
 513, 2296
 483, 2429
 473, 2388
 485, 2799
 517, 2374
 537, 2633
 479, 2482
 501, 2499
 533, 2532
 479, 2352
 505, 2362
 485, 2437
 521, 2122
 497, 2414
 493, 2173
 505, 2566
 495, 2199
 495, 2328
 519, 2276
 479, 2700
 519, 2125
 537, 2526
 471, 2443
 503, 2186
 509, 2341
 503, 2666
 489, 2491
 469, 2358
 517, 2501
 519, 2552
 487, 2913
 499, 2154
 503, 2266
 509, 2210
 511, 2272
 481, 2285
 491, 2285
 525, 2513
 511, 2465
 487, 2386
 501, 2612
 505, 2755
 493, 2563
 499, 2303
 493, 2482
 513, 2474
 501, 2255
 501, 2582
 495, 2424
 485, 2449
 525, 2454
 511, 2425
 513, 2446
 491, 2147
 495, 2438
 523, 2307
 511, 2487
 465, 2258
 503, 2186
 513, 2278
 487, 2441
 495, 2152
 513, 2452
 499, 2075
 481, 2138
 485, 2176
 491, 2235
 487, 2424
 489, 2648
 487, 2600
 489, 2374
 499, 2156
 503, 2212
 505, 2223
 517, 2518
 487, 2180
 495, 2207
 477, 2499
 491, 2613
 485, 2704
 535, 2277
 495, 2224
 477, 2415
 473, 2287
 461, 2822
 505, 2158
 481, 2256
 509, 2296
 485, 2314
 499, 2498
 517, 2461
 471, 2195
 523, 2277
 487, 2439
 485, 2267
 483, 2226
 503, 2363
 495, 2285
 501, 2240
 483, 2272
 485, 2284
 523, 2575
 505, 2406
 467, 2467
 511, 2679
 507, 2431
 491, 2464
 507, 2178
 477, 2375
 515, 2250
 489, 2201
 511, 2264
 489, 2405
 523, 2352
 473, 2386
 487, 2371
 503, 2224
 497, 2624
 499, 2307
 497, 2477
 525, 2278
 479, 2210
 487, 2465
 497, 2419
 519, 2328
 505, 2516
 495, 2342
 505, 2244
 515, 2411
 507, 2242
 495, 2597
 517, 2407
 501, 2817
 495, 2343
 479, 2200
 517, 2216
 531, 2525
 513, 1990
 509, 2680
 517, 2299
 509, 2236
 495, 2449
 497, 2381
 489, 2390
 511, 2523
 511, 2742
 477, 2301
 507, 2505
 495, 2416
 483, 1959
 499, 2278
 481, 2408
 489, 2188
 475, 2422
 519, 2406
 501, 2563
 513, 2434
 507, 2392
 479, 2051
 503, 2655
 517, 2342
 487, 2464
 499, 2354
 533, 2477
 517, 2318
 493, 2323
 535, 2501
 517, 2255
 497, 2243
 481, 2310
 483, 2395
 495, 2412
 481, 2698
 487, 2610
 509, 2458
 509, 2387
 483, 2677
 495, 2342
 505, 2436
 525, 2210
 529, 2434
 493, 2615
 505, 2484
 487, 2323
 493, 2221
 503, 2590
 511, 2581
 495, 2363
 497, 2554
 527, 2525
 483, 2235
 507, 2498
 513, 2265
 503, 2558
 507, 2419
 489, 2173
 531, 2175
 477, 2609
 473, 2518
 477, 2656
 505, 2414
 485, 2251
 487, 2640
 503, 2773
 509, 2301
 487, 2368
 521, 2026
 513, 2299
 489, 2531
 477, 2398
 491, 2637
 511, 1900
 507, 2535
 493, 2557
 483, 2551
 499, 2427
 481, 2277
 505, 2339
 509, 2472
 491, 2532
 509, 2238
 509, 2178
 531, 2246
 511, 2488
 507, 2657
 507, 2400
 507, 2222
 499, 2478
 519, 2245
 497, 2264
 521, 2497
 511, 2328
 511, 2373
 483, 2442
 493, 2592
 501, 2437
 493, 2478
 503, 2346
 501, 2125
 501, 2451
 525, 2274
 499, 2391
 549, 2294
 493, 2442
 487, 2551
 501, 2501
 513, 2425
 487, 2450
 509, 2471
 521, 2217
 525, 2738
 495, 2377
 477, 2596
 489, 2507
 519, 2468
 497, 2512
 475, 2582
 555, 2196
 523, 2385
 507, 2490
 505, 2677
 483, 2554
 489, 2225
 497, 2574
 515, 2723
 497, 2408
 527, 2326
 537, 2395
 493, 2259
 501, 2277
 503, 2617
 509, 2594
 491, 2485
 481, 2136
 501, 2344
 493, 2295
 489, 2303
 523, 2462
 501, 2450
 483, 2477
 481, 2500
 479, 2139
 543, 2323
 513, 2548
 507, 2617
 481, 2480
 501, 2548
 543, 2472
 515, 2645
 507, 2416
 511, 2274
 541, 2273
 491, 2286
 491, 2507
 509, 2687
 483, 2435
 503, 2648
 511, 2273
 509, 2216
 519, 2231
 493, 2450
 503, 2560
 513, 2100
 501, 2246
 481, 2465
 463, 2549
 519, 2457
 477, 2421
 517, 2484
 503, 2544
 513, 2364
 491, 2234
 465, 2453
 483, 2318
 493, 2185
 483, 2272
 491, 2440
 503, 2152
 507, 2390
 499, 2356
 479, 2450
 483, 2340
 501, 2531
 523, 2349
 499, 2414
 491, 2443
 489, 2356
 503, 2390
 489, 2153
 503, 2439
 507, 2379
 471, 2430
 487, 2207
 485, 2411
 505, 2185
 483, 2401
 507, 2669
 511, 2558
 493, 2315
 515, 2425
 517, 2548
 543, 2553
 491, 2224
 501, 2138
 489, 2641
 517, 2007
 505, 2313
 463, 2629
 527, 2485
 489, 2363
 507, 2513
 529, 2478
 511, 2193
 497, 2284
 495, 2215
 529, 2364
 481, 2315
 499, 2233
 497, 2304
 485, 2242
 499, 2626
 497, 2591
 517, 2461
 493, 2435
 497, 2593
 517, 2457
 503, 2691
 507, 2299
 467, 2532
 487, 2467
 487, 2533
 521, 2246
 493, 2468
 509, 2850
 501, 2241
 489, 2631
 491, 2436
 485, 2379
 503, 2638
 485, 2467
 533, 2361
 499, 2635
 523, 2369
 459, 2538
 527, 2667
 503, 2345
 509, 2367
 503, 2488
 489, 2196
 491, 2161
 501, 2365
 503, 2411
 481, 2553
 513, 2126
 539, 2403
 509, 2288
 495, 2282
 493, 2504
 483, 2086
 511, 2415
 503, 2597
 473, 2524
 513, 2442
 507, 2629
 465, 2311
 513, 2603
 517, 2355
 485, 2487
 507, 2211
 507, 2531
 509, 2332
 489, 2445
 501, 2810
 503, 2470
 505, 2350
 497, 2516
 505, 2632
 525, 2550
 495, 2290
 511, 2251
 475, 2160
 485, 2422
 491, 2464
 493, 2062
 459, 2645
 495, 2377
 481, 2235
 507, 2441
 499, 2405
 509, 2259
 493, 2421
 509, 2374
 487, 2298
 521, 2209
 519, 2315
 493, 2638
 497, 2250
 501, 2341
 473, 2299
 491, 2561
 493, 2501
 481, 2617
 485, 2308
 513, 2815
 523, 2257
 513, 2448
 513, 2257
 495, 2488
 507, 2108
 509, 2270
 489, 2344
 491, 2450
 501, 2347
 501, 2823
 497, 2228
 499, 2169
 491, 2486
 491, 2340
 523, 2469
 495, 2198
 509, 2520
 505, 2225
 539, 2037
 499, 2441
 513, 2245
 489, 2366
 501, 2334
 499, 2324
 525, 2473
 499, 2581
 493, 2256
 497, 2664
 477, 2411
 501, 2400
 483, 2167
 541, 2515
 513, 2355
 513, 2266
 499, 2685
 501, 2516
 493, 2571
 497, 2363
 497, 2768
 517, 2162
 509, 2376
 513, 2539
 505, 2338
 475, 2466
 515, 2672
 525, 2344
 499, 2274
 513, 2294
 503, 2134
 489, 2282
 511, 2350
 487, 2569
 491, 2275
 513, 2327
 483, 2514
 519, 2452
 485, 2604
 507, 2430
 505, 2488
 497, 2443
 503, 2224
 503, 2199
 487, 2161
 505, 2622
 489, 2355
 479, 2184
 493, 2346
 481, 2809
 493, 2661
 519, 2429
 491, 2188
 483, 2659
 509, 2428
 501, 2514
 507, 2486
 523, 2620
 521, 2018
 483, 2128
 483, 2672
 523, 2677
 477, 2643
 505, 2269
 503, 2297
 493, 2274
 527, 2452
 497, 2184
 499, 2132
 489, 2487
 533, 2686
 519, 2628
 493, 2211
 511, 2333
 479, 2134
 519, 2405
 477, 2464
 509, 2417
 511, 2258
 491, 2457
 497, 2390
 517, 2279
 473, 2436
 503, 2489
 495, 2171
 471, 2420
 519, 2293
 499, 2413
 503, 2402
 489, 2246
 497, 2222
 493, 2501
 495, 2289
 473, 2086
 519, 2678
 491, 2368
 495, 2282
 499, 2436
 477, 2399
 519, 2121
 511, 2687
 497, 2337
 507, 2484
 493, 2601
 511, 2535
 495, 2299
 487, 2483
 481, 2448
 513, 2243
 515, 2429
 491, 2221
 487, 2328
 499, 2166
 505, 2441
 505, 2247
 531, 2406
 509, 2333
 487, 2526
 501, 2430
 505, 2404
 469, 2583
 479, 2443
 491, 2017
 499, 2719
 517, 2523
 477, 2275
 511, 2484
 515, 2729
 495, 2245
 527, 2436
 463, 2354
 531, 2476
 489, 2611
 497, 2004
 529, 2532
 497, 2518
 505, 2265
 495, 2089
 481, 2384
 505, 2187
 489, 2496
 491, 2545
 519, 2267
 509, 2358
 489, 2642
 493, 2371
 495, 2171
 521, 2473
 503, 2235
 493, 2381
 513, 2347
 529, 2306
 497, 2380
 527, 2635
 485, 2179
 503, 2166
 479, 2636
 507, 2416
 499, 2465
 515, 2381
 495, 2272
 497, 2353
 493, 2501
 519, 2198
 493, 2219
 525, 2503
 525, 2469
 521, 2641
 495, 2271
 517, 2467
 493, 2515
 485, 2515
 489, 2322
 535, 2475
 479, 2306
 477, 2620
 531, 2535
 501, 1955
 533, 2500
 487, 2447
 505, 2626
 487, 2133
 493, 2138
 523, 2440
 501, 2453
 479, 2373
 507, 2680
 487, 2194
 483, 2561
 495, 2617
 477, 2624
 481, 2058
 477, 2281
 485, 2224
 503, 2506
 493, 2212
 477, 2374
 491, 2046
 505, 2278
 539, 2182
 487, 2392
 489, 2367
 487, 2249
 503, 2343
 461, 2382
 483, 2559
 501, 2548
 503, 2330
 495, 2460
 493, 2441
 491, 2395
 523, 2426
 465, 2457
 503, 2527
 517, 2385
 487, 2390
 491, 2291
 517, 2239
 489, 2307
 491, 2354
 495, 2254
 477, 2349
 485, 2580
 521, 2496
 509, 2204
 497, 2390
 481, 2366
 513, 2382
 495, 2281
 529, 2259
 499, 2526
 491, 2587
 483, 2299
 521, 2579
 495, 2280
 511, 2566
 495, 2431
 515, 2330
 529, 2283
 495, 2429
 489, 2471
 495, 2136
 497, 2617
 507, 2329
 499, 2323
 515, 2673
 475, 2255
 517, 2397
 473, 2376
 519, 2302
 505, 2584
 479, 2466
 483, 2479
 507, 2299
 523, 2447
 501, 2767
 487, 2140
 511, 2230
 495, 2320
 507, 2183
 517, 2453
 519, 2348
 517, 2565
 499, 2655
 525, 2549
 519, 2772
 503, 2643
 483, 2846
 491, 2161
 485, 2533
 481, 2375
 505, 2359
 489, 2532
 515, 2582
 551, 2646
 495, 2258
 485, 2154
 507, 2279
 487, 2466
 487, 2681
 519, 2387
 495, 2429
 521, 2514
 495, 2390
 495, 2330
 501, 2331
 521, 2583
 495, 2345
 501, 2557
 521, 2431
 505, 2202
 521, 2231
 453, 2456
 509, 2423
 481, 2523
 507, 2127
 517, 2444
 523, 2507
 523, 2359
 497, 2315
 485, 2510
 523, 2727
 521, 2251
 517, 2618
 481, 2373
 507, 2460
 507, 2342
 515, 2259
 513, 2236
 485, 2487
 511, 2347
 513, 2351
 487, 2377
 503, 2116
 529, 2129
 493, 2175
 479, 2052
 507, 2084
 515, 2613
 489, 2065
 499, 2387
 493, 2305
 509, 2673
 515, 2485
 483, 2463
 487, 2183
 491, 2349
 501, 2282
 503, 2660
 497, 2272
 511, 2606
 495, 2645
 473, 2368
 471, 2820
 519, 2170
 541, 2621
 505, 2309
 507, 2360
 485, 2243
 479, 2137
 509, 2395
 495, 2257
 493, 2462
 499, 2239
 495, 2614
 511, 2530
 493, 2391
 519, 2210
 505, 2652
 493, 2461
 511, 2528
 507, 2505
 495, 2166
 503, 2639
 507, 2209
 497, 2409
 503, 2454
 477, 2543
 509, 2294
 479, 2581
 503, 2431
 487, 2476
 501, 2284
 477, 2047
 495, 2449
 505, 2149
 463, 2446
 503, 2714
 501, 2234
 489, 2510
 495, 2277
 503, 2621
 479, 2243
 477, 2701
 513, 2349
 483, 2564
 495, 2621
 487, 2373
 511, 2294
 511, 2542
 479, 2287
 517, 2303
 483, 2762
 547, 2248
 515, 2250
 483, 2388
 475, 2347
 507, 2443
 495, 2621
 497, 2341
 485, 2282
 479, 2504
 489, 2404
 513, 2381
 487, 2305
 483, 2279
 495, 2158
 497, 2511
 507, 2643
 501, 2677
 493, 2339
 511, 2134
 493, 2476
 473, 2283
 475, 2360
 505, 2317
 511, 2653
 497, 2346
 479, 2057
 495, 2251
 511, 2745
 495, 2491
 487, 2453
 507, 2383
 495, 2213
 489, 2194
 513, 2522
 501, 2417
 501, 2772
 503, 2544
 491, 2367
 533, 2583
 513, 2262
 491, 2404
 487, 2625
 483, 2371
 501, 2193
 485, 2404
 511, 2528
 495, 2339
 515, 2352
 511, 2441
 503, 2573
 525, 2611
 509, 2649
 493, 2270
 481, 2713
 489, 2513
 503, 2205
 471, 2443
 511, 2332
 517, 2279
 477, 2337
 463, 2625
 523, 2382
 495, 2328
 523, 2530
 509, 2770
 519, 2442
 497, 2262
 517, 2063
 473, 2530
 505, 2445
 515, 2808
 497, 2109
 489, 2404
 489, 2366
 511, 2265
 503, 2414
 489, 2518
 471, 2569
 513, 2320
 483, 2270
 489, 2458
 473, 2636
 491, 2530
 499, 2142
 497, 2810
 463, 2522
 525, 2673
 515, 2294
 511, 2232
 525, 2450
 477, 2463
 519, 2648
 521, 2431
 511, 2553
 507, 2269
 501, 2563
 487, 2567
