runs, steps  runs, steps  runs, steps  runs, steps  runs, steps  runs, steps  runs, steps  runs, steps  runs, steps  runs, steps
 479, 2278    493, 2563    497, 2381    549, 2294    491, 2224    485, 2308    497, 2390    505, 2626    519, 2387    479, 2287
 515, 2468    499, 2303    489, 2390    493, 2442    501, 2138    513, 2815    517, 2279    487, 2133    495, 2429    517, 2303
 523, 2306    493, 2482    511, 2523    487, 2551    489, 2641    523, 2257    473, 2436    493, 2138    521, 2514    483, 2762
 499, 2633    513, 2474    511, 2742    501, 2501    517, 2007    513, 2448    503, 2489    523, 2440    495, 2390    547, 2248
 471, 2463    501, 2255    477, 2301    513, 2425    505, 2313    513, 2257    495, 2171    501, 2453    495, 2330    515, 2250
 503, 2196    501, 2582    507, 2505    487, 2450    463, 2629    495, 2488    471, 2420    479, 2373    501, 2331    483, 2388
 495, 2243    495, 2424    495, 2416    509, 2471    527, 2485    507, 2108    519, 2293    507, 2680    521, 2583    475, 2347
 503, 2449    485, 2449    483, 1959    521, 2217    489, 2363    509, 2270    499, 2413    487, 2194    495, 2345    507, 2443
 521, 2413    525, 2454    499, 2278    525, 2738    507, 2513    489, 2344    503, 2402    483, 2561    501, 2557    495, 2621
 517, 2355    511, 2425    481, 2408    495, 2377    529, 2478    491, 2450    489, 2246    495, 2617    521, 2431    497, 2341
 491, 2341    513, 2446    489, 2188    477, 2596    511, 2193    501, 2347    497, 2222    477, 2624    505, 2202    485, 2282
 517, 2205    491, 2147    475, 2422    489, 2507    497, 2284    501, 2823    493, 2501    481, 2058    521, 2231    479, 2504
 483, 2379    495, 2438    519, 2406    519, 2468    495, 2215    497, 2228    495, 2289    477, 2281    453, 2456    489, 2404
 451, 2467    523, 2307    501, 2563    497, 2512    529, 2364    499, 2169    473, 2086    485, 2224    509, 2423    513, 2381
 507, 2667    511, 2487    513, 2434    475, 2582    481, 2315    491, 2486    519, 2678    503, 2506    481, 2523    487, 2305
 489, 2493    465, 2258    507, 2392    555, 2196    499, 2233    491, 2340    491, 2368    493, 2212    507, 2127    483, 2279
 467, 2331    503, 2186    479, 2051    523, 2385    497, 2304    523, 2469    495, 2282    477, 2374    517, 2444    495, 2158
 487, 2629    513, 2278    503, 2655    507, 2490    485, 2242    495, 2198    499, 2436    491, 2046    523, 2507    497, 2511
 463, 2552    487, 2441    517, 2342    505, 2677    499, 2626    509, 2520    477, 2399    505, 2278    523, 2359    507, 2643
 511, 2403    495, 2152    487, 2464    483, 2554    497, 2591    505, 2225    519, 2121    539, 2182    497, 2315    501, 2677
 523, 2553    513, 2452    499, 2354    489, 2225    517, 2461    539, 2037    511, 2687    487, 2392    485, 2510    493, 2339
 479, 2295    499, 2075    533, 2477    497, 2574    493, 2435    499, 2441    497, 2337    489, 2367    523, 2727    511, 2134
 527, 2439    481, 2138    517, 2318    515, 2723    497, 2593    513, 2245    507, 2484    487, 2249    521, 2251    493, 2476
 485, 2409    485, 2176    493, 2323    497, 2408    517, 2457    489, 2366    493, 2601    503, 2343    517, 2618    473, 2283
 531, 2463    491, 2235    535, 2501    527, 2326    503, 2691    501, 2334    511, 2535    461, 2382    481, 2373    475, 2360
 523, 2498    487, 2424    517, 2255    537, 2395    507, 2299    499, 2324    495, 2299    483, 2559    507, 2460    505, 2317
 507, 2443    489, 2648    497, 2243    493, 2259    467, 2532    525, 2473    487, 2483    501, 2548    507, 2342    511, 2653
 519, 2366    487, 2600    481, 2310    501, 2277    487, 2467    499, 2581    481, 2448    503, 2330    515, 2259    497, 2346
 529, 2228    489, 2374    483, 2395    503, 2617    487, 2533    493, 2256    513, 2243    495, 2460    513, 2236    479, 2057
 475, 2263    499, 2156    495, 2412    509, 2594    521, 2246    497, 2664    515, 2429    493, 2441    485, 2487    495, 2251
 541, 2405    503, 2212    481, 2698    491, 2485    493, 2468    477, 2411    491, 2221    491, 2395    511, 2347    511, 2745
 479, 2296    505, 2223    487, 2610    481, 2136    509, 2850    501, 2400    487, 2328    523, 2426    513, 2351    495, 2491
 477, 2538    517, 2518    509, 2458    501, 2344    501, 2241    483, 2167    499, 2166    465, 2457    487, 2377    487, 2453
 497, 2727    487, 2180    509, 2387    493, 2295    489, 2631    541, 2515    505, 2441    503, 2527    503, 2116    507, 2383
 495, 2555    495, 2207    483, 2677    489, 2303    491, 2436    513, 2355    505, 2247    517, 2385    529, 2129    495, 2213
 481, 2570    477, 2499    495, 2342    523, 2462    485, 2379    513, 2266    531, 2406    487, 2390    493, 2175    489, 2194
 477, 2542    491, 2613    505, 2436    501, 2450    503, 2638    499, 2685    509, 2333    491, 2291    479, 2052    513, 2522
 477, 2614    485, 2704    525, 2210    483, 2477    485, 2467    501, 2516    487, 2526    517, 2239    507, 2084    501, 2417
 473, 2496    535, 2277    529, 2434    481, 2500    533, 2361    493, 2571    501, 2430    489, 2307    515, 2613    501, 2772
 521, 2161    495, 2224    493, 2615    479, 2139    499, 2635    497, 2363    505, 2404    491, 2354    489, 2065    503, 2544
 487, 2389    477, 2415    505, 2484    543, 2323    523, 2369    497, 2768    469, 2583    495, 2254    499, 2387    491, 2367
 489, 2617    473, 2287    487, 2323    513, 2548    459, 2538    517, 2162    479, 2443    477, 2349    493, 2305    533, 2583
 497, 2157    461, 2822    493, 2221    507, 2617    527, 2667    509, 2376    491, 2017    485, 2580    509, 2673    513, 2262
 537, 2345    505, 2158    503, 2590    481, 2480    503, 2345    513, 2539    499, 2719    521, 2496    515, 2485    491, 2404
 499, 2551    481, 2256    511, 2581    501, 2548    509, 2367    505, 2338    517, 2523    509, 2204    483, 2463    487, 2625
 501, 2276    509, 2296    495, 2363    543, 2472    503, 2488    475, 2466    477, 2275    497, 2390    487, 2183    483, 2371
 497, 2487    485, 2314    497, 2554    515, 2645    489, 2196    515, 2672    511, 2484    481, 2366    491, 2349    501, 2193
 503, 2282    499, 2498    527, 2525    507, 2416    491, 2161    525, 2344    515, 2729    513, 2382    501, 2282    485, 2404
 503, 2523    517, 2461    483, 2235    511, 2274    501, 2365    499, 2274    495, 2245    495, 2281    503, 2660    511, 2528
 495, 2137    471, 2195    507, 2498    541, 2273    503, 2411    513, 2294    527, 2436    529, 2259    497, 2272    495, 2339
 519, 2495    523, 2277    513, 2265    491, 2286    481, 2553    503, 2134    463, 2354    499, 2526    511, 2606    515, 2352
 487, 2695    487, 2439    503, 2558    491, 2507    513, 2126    489, 2282    531, 2476    491, 2587    495, 2645    511, 2441
 517, 2526    485, 2267    507, 2419    509, 2687    539, 2403    511, 2350    489, 2611    483, 2299    473, 2368    503, 2573
 511, 2178    483, 2226    489, 2173    483, 2435    509, 2288    487, 2569    497, 2004    521, 2579    471, 2820    525, 2611
 515, 2372    503, 2363    531, 2175    503, 2648    495, 2282    491, 2275    529, 2532    495, 2280    519, 2170    509, 2649
 545, 2106    495, 2285    477, 2609    511, 2273    493, 2504    513, 2327    497, 2518    511, 2566    541, 2621    493, 2270
 485, 2382    501, 2240    473, 2518    509, 2216    483, 2086    483, 2514    505, 2265    495, 2431    505, 2309    481, 2713
 517, 2444    483, 2272    477, 2656    519, 2231    511, 2415    519, 2452    495, 2089    515, 2330    507, 2360    489, 2513
 513, 2296    485, 2284    505, 2414    493, 2450    503, 2597    485, 2604    481, 2384    529, 2283    485, 2243    503, 2205
 483, 2429    523, 2575    485, 2251    503, 2560    473, 2524    507, 2430    505, 2187    495, 2429    479, 2137    471, 2443
 473, 2388    505, 2406    487, 2640    513, 2100    513, 2442    505, 2488    489, 2496    489, 2471    509, 2395    511, 2332
 485, 2799    467, 2467    503, 2773    501, 2246    507, 2629    497, 2443    491, 2545    495, 2136    495, 2257    517, 2279
 517, 2374    511, 2679    509, 2301    481, 2465    465, 2311    503, 2224    519, 2267    497, 2617    493, 2462    477, 2337
 537, 2633    507, 2431    487, 2368    463, 2549    513, 2603    503, 2199    509, 2358    507, 2329    499, 2239    463, 2625
 479, 2482    491, 2464    521, 2026    519, 2457    517, 2355    487, 2161    489, 2642    499, 2323    495, 2614    523, 2382
 501, 2499    507, 2178    513, 2299    477, 2421    485, 2487    505, 2622    493, 2371    515, 2673    511, 2530    495, 2328
 533, 2532    477, 2375    489, 2531    517, 2484    507, 2211    489, 2355    495, 2171    475, 2255    493, 2391    523, 2530
 479, 2352    515, 2250    477, 2398    503, 2544    507, 2531    479, 2184    521, 2473    517, 2397    519, 2210    509, 2770
 505, 2362    489, 2201    491, 2637    513, 2364    509, 2332    493, 2346    503, 2235    473, 2376    505, 2652    519, 2442
 485, 2437    511, 2264    511, 1900    491, 2234    489, 2445    481, 2809    493, 2381    519, 2302    493, 2461    497, 2262
 521, 2122    489, 2405    507, 2535    465, 2453    501, 2810    493, 2661    513, 2347    505, 2584    511, 2528    517, 2063
 497, 2414    523, 2352    493, 2557    483, 2318    503, 2470    519, 2429    529, 2306    479, 2466    507, 2505    473, 2530
 493, 2173    473, 2386    483, 2551    493, 2185    505, 2350    491, 2188    497, 2380    483, 2479    495, 2166    505, 2445
 505, 2566    487, 2371    499, 2427    483, 2272    497, 2516    483, 2659    527, 2635    507, 2299    503, 2639    515, 2808
 495, 2199    503, 2224    481, 2277    491, 2440    505, 2632    509, 2428    485, 2179    523, 2447    507, 2209    497, 2109
 495, 2328    497, 2624    505, 2339    503, 2152    525, 2550    501, 2514    503, 2166    501, 2767    497, 2409    489, 2404
 519, 2276    499, 2307    509, 2472    507, 2390    495, 2290    507, 2486    479, 2636    487, 2140    503, 2454    489, 2366
 479, 2700    497, 2477    491, 2532    499, 2356    511, 2251    523, 2620    507, 2416    511, 2230    477, 2543    511, 2265
 519, 2125    525, 2278    509, 2238    479, 2450    475, 2160    521, 2018    499, 2465    495, 2320    509, 2294    503, 2414
 537, 2526    479, 2210    509, 2178    483, 2340    485, 2422    483, 2128    515, 2381    507, 2183    479, 2581    489, 2518
 471, 2443    487, 2465    531, 2246    501, 2531    491, 2464    483, 2672    495, 2272    517, 2453    503, 2431    471, 2569
 503, 2186    497, 2419    511, 2488    523, 2349    493, 2062    523, 2677    497, 2353    519, 2348    487, 2476    513, 2320
 509, 2341    519, 2328    507, 2657    499, 2414    459, 2645    477, 2643    493, 2501    517, 2565    501, 2284    483, 2270
 503, 2666    505, 2516    507, 2400    491, 2443    495, 2377    505, 2269    519, 2198    499, 2655    477, 2047    489, 2458
 489, 2491    495, 2342    507, 2222    489, 2356    481, 2235    503, 2297    493, 2219    525, 2549    495, 2449    473, 2636
 469, 2358    505, 2244    499, 2478    503, 2390    507, 2441    493, 2274    525, 2503    519, 2772    505, 2149    491, 2530
 517, 2501    515, 2411    519, 2245    489, 2153    499, 2405    527, 2452    525, 2469    503, 2643    463, 2446    499, 2142
 519, 2552    507, 2242    497, 2264    503, 2439    509, 2259    497, 2184    521, 2641    483, 2846    503, 2714    497, 2810
 487, 2913    495, 2597    521, 2497    507, 2379    493, 2421    499, 2132    495, 2271    491, 2161    501, 2234    463, 2522
 499, 2154    517, 2407    511, 2328    471, 2430    509, 2374    489, 2487    517, 2467    485, 2533    489, 2510    525, 2673
 503, 2266    501, 2817    511, 2373    487, 2207    487, 2298    533, 2686    493, 2515    481, 2375    495, 2277    515, 2294
 509, 2210    495, 2343    483, 2442    485, 2411    521, 2209    519, 2628    485, 2515    505, 2359    503, 2621    511, 2232
 511, 2272    479, 2200    493, 2592    505, 2185    519, 2315    493, 2211    489, 2322    489, 2532    479, 2243    525, 2450
 481, 2285    517, 2216    501, 2437    483, 2401    493, 2638    511, 2333    535, 2475    515, 2582    477, 2701    477, 2463
 491, 2285    531, 2525    493, 2478    507, 2669    497, 2250    479, 2134    479, 2306    551, 2646    513, 2349    519, 2648
 525, 2513    513, 1990    503, 2346    511, 2558    501, 2341    519, 2405    477, 2620    495, 2258    483, 2564    521, 2431
 511, 2465    509, 2680    501, 2125    493, 2315    473, 2299    477, 2464    531, 2535    485, 2154    495, 2621    511, 2553
 487, 2386    517, 2299    501, 2451    515, 2425    491, 2561    509, 2417    501, 1955    507, 2279    487, 2373    507, 2269
 501, 2612    509, 2236    525, 2274    517, 2548    493, 2501    511, 2258    533, 2500    487, 2466    511, 2294    501, 2563
 505, 2755    495, 2449    499, 2391    543, 2553    481, 2617    491, 2457    487, 2447    487, 2681    511, 2542    487, 2567
