n      - a positive integer
psym   - the symmetric primes at equal offsets around n

n,     psym
2,     
3,     
5,     2
7,     4
11,    6 8
13,    6 10
17,    6 12 14
19,    12
23,    6 18 20
29,    12 18 24
31,    12 28
37,    6 24 30 34
41,    12 18 30 38
43,    24 30 36 40
47,    6 24 36 42
53,    6 30 36 48 50
59,    12 30 42 48 54
61,    18 42 48
67,    6 30 36 60 64
71,    12 18 30 42 60 66 68
73,    6 30 36 54 66
79,    18 48 60 72
83,    24 30 54 66 80
89,    18 42 48 60 78 84
97,    30 54 60 66 84 94
101,   12 30 48 72 78 90 96 98
103,   6 24 36 60 90 96
107,   6 24 60 66 84 90 104
109,   30 42 48 72 90 102
113,   24 54 60 66 84 110
127,   24 30 54 66 84 96 114 124
131,   18 42 48 60 102 108 120 126
137,   30 36 54 90 96 114 120 126 132 134
139,   12 42 60 72 102 132
149,   18 42 48 78 90 102 108 120 132 144
151,   12 42 48 72 78 90 120 132
157,   6 54 84 114 120 126 150 154
163,   36 60 66 120 144 150
167,   30 60 66 84 96 114 126 144 150 164
173,   6 24 60 66 84 90 120 144
179,   12 48 72 78 90 132 138 168 174
181,   18 30 42 102 150 168 178
191,   42 60 78 90 102 120 162 168 188
193,   30 36 84 90 114 120 156 174 180 186 190
197,   30 60 66 84 96 114 150 156 186 192
199,   42 72 132 138 168 180
211,   12 18 30 60 72 102 138 168 198 208
223,   60 84 114 126 144 150 156 186 210 216 220
227,   30 36 54 90 120 126 156 174 204 216 222
229,   48 78 102 120 150 168 192 210
233,   6 36 60 84 120 126 150 186 210 216 228 230
239,   12 42 72 108 150 180 192 210 222 228
241,   30 42 90 132 138 168 180 198 222 238
251,   12 18 60 102 138 150 168 180 192 198 210 228 240 248
257,   6 24 60 90 126 144 174 186 204 210 234 246 252
263,   6 30 84 90 96 126 156 180 204 216 240 246 258 260
269,   12 42 78 90 120 132 162 180 198 210 222 240 252
271,   42 60 78 108 162 168 192 228 252
277,   6 36 54 96 120 180 210 246 264 270
281,   12 30 102 108 150 168 180 198 210 222 228 240 276
283,   54 84 90 126 156 174 180 204 216 240 264 280
293,   24 54 60 66 96 126 156 186 210 264 270 276
307,   24 30 66 114 126 150 156 180 234 240 264 270 294 300
311,   42 48 72 78 120 132 138 180 198 210 252 258 282 288 306 308
313,   36 84 120 150 174 186 210 234 294 300 306
317,   36 66 84 126 144 150 186 204 246 270 276 300 314
331,   18 48 90 102 108 132 168 192 270 288 300 312 328
337,   30 60 96 126 186 210 234 240 264 270 276 294 306 324
347,   36 54 84 96 114 120 156 174 210 216 240 246 294 300 306 330 336 344
349,   18 72 108 138 150 192 198 222 252 270 282 312 342
353,   6 36 90 96 114 126 156 204 216 240 246 264 294 300 306 324 330 348
359,   42 90 102 108 120 132 162 210 228 258 288 300 318 342
367,   30 54 90 96 156 174 204 210 240 264 294 306 324 360
373,   6 24 36 60 66 90 150 174 234 246 270 300 336 354 360 366 370
379,   30 42 108 168 198 222 228 240 252 282 312 348 360 372
383,   36 66 120 126 186 204 210 216 234 270 276 294 300 336 360 378
389,   30 42 72 78 120 132 198 210 252 258 288 330 372 384
397,   24 60 66 90 126 174 204 216 234 246 294 330 336 354 360 390
401,   18 42 48 90 108 120 162 168 252 300 318 342 360 372 396
409,   12 30 78 132 138 168 198 210 252 282 300 330 342 348 378 402
419,   30 60 72 102 138 150 168 180 222 228 240 282 378 390 402 408
421,   12 42 150 180 192 198 210 222 240 270 312 318 348 390 402 408 418
431,   12 30 48 72 78 138 162 168 252 330 342 378 390 408 426 428
433,   24 54 66 210 240 276 294 306 324 336 354 390 396 420 426 430
439,   18 60 102 108 132 162 168 288 300 312 330 372 420
443,   24 60 126 150 174 204 210 216 276 330 354 384 396 414 420 438 440
449,   18 30 60 138 168 192 198 210 252 270 312 348 360 378 390 408 432 438
457,   84 90 120 144 150 174 186 216 234 276 294 300 330 354 396 420 426 450 454
461,   18 30 42 60 102 108 180 192 198 222 282 312 348 360 378 402 420 450 458
463,   24 84 114 150 156 180 264 270 306 324 360 366 390 396 420 444 456
467,   24 36 120 150 174 186 210 216 234 276 294 330 354 360 396 414 420 444 462
479,   12 30 78 90 120 162 168 198 222 240 282 330 342 348 378 408 432 450 462 468 474
487,   54 90 114 120 156 174 204 246 264 324 336 390 420 450 480 484
491,   12 30 72 102 108 210 228 252 318 390 420 438 450 462 480 486
499,   42 78 102 120 132 162 192 228 258 270 288 360 420 438 468 492
503,   54 60 84 114 144 150 156 240 270 306 324 336 354 444 450 474 480
509,   48 60 78 90 108 150 192 252 312 318 330 372 378 402 420 438 462 468 504
521,   42 72 78 120 132 138 162 240 252 288 342 390 408 420 432 450 462 492 498 510 518
523,   24 84 90 150 186 210 216 246 300 330 360 384 396 414 444 486 510 516
541,   78 102 120 132 168 192 210 228 270 312 318 342 378 468 480 498 510 522 528
547,   24 60 84 114 126 180 210 240 264 276 306 336 390 420 444 450 474 486 504 516 540 544
557,   36 90 96 126 204 240 264 300 306 324 330 384 390 420 426 456 474 504 534 540 546 552
563,   6 54 84 96 114 120 180 210 246 294 300 324 366 384 390 414 450 456 534 540 546 560
569,   48 78 90 108 150 252 258 288 312 318 342 372 378 402 462 480 522 528 540
571,   30 48 72 138 162 198 240 258 288 348 420 462 468 492 498 552 558
577,   30 36 54 114 156 180 210 246 300 306 414 420 474 510 516 540 546 574
587,   30 66 96 156 186 234 240 270 276 294 324 354 360 390 396 474 504 516 564 576 584
593,   6 24 84 90 126 150 204 234 246 336 354 360 420 426 456 504 510 570 588
599,   42 78 120 198 210 240 282 288 330 342 348 372 420 432 450 462 492 498 510 552 582 588 594
601,   30 60 138 168 222 228 252 318 390 408 420 438 450 462 492 522 528 570
607,   6 36 66 84 120 144 150 270 276 300 330 384 414 426 444 456 480 510 546 564 594
613,   6 114 126 156 174 216 240 246 264 306 384 420 450 456 474 504 510 516 540 600 610
617,   24 30 60 126 156 264 270 324 336 354 360 366 444 480 486 534 546 564 570 576 600 606 612 614
619,   12 42 72 120 132 210 240 288 348 378 390 420 468 510 552 582 612
631,   12 30 60 108 192 198 222 252 360 390 402 408 420 432 438 492 522 570 600 618 628
641,   42 78 120 132 180 198 222 240 288 330 372 378 390 408 450 462 468 510 540 552 582 588 618 636 638
643,   30 66 96 144 180 186 210 234 264 276 294 366 420 444 450 480 486 570 606 636 640
647,   6 30 54 126 180 216 264 294 300 330 336 366 384 414 450 456 516 534 540 546 576 630 636 642 644
653,   6 66 90 144 174 186 204 210 234 294 300 360 396 456 540 564 570 606 624 630 636 648 650
659,   18 42 60 102 138 150 168 180 198 228 270 312 390 402 432 492 522 528 558 570 600 618 630 642 648
661,   30 48 90 162 198 222 330 348 378 390 432 462 468 510 552 588 618 630 642 658
673,   54 60 66 96 150 186 210 234 264 294 324 336 360 366 390 396 444 450 480 564 576 606 630 654
677,   24 84 120 186 210 234 276 294 384 414 420 426 486 504 510 540 546 606 624 630
683,   36 90 114 126 174 180 204 264 294 300 330 336 366 414 420 426 504 510 534 546 576 594 600 624 636 678
691,   18 48 60 78 120 168 192 228 318 342 360 378 462 480 510 540 588 612 630
701,   18 42 60 108 138 180 210 240 252 270 282 312 318 348 390 408 450 462 522 528 588 600 618 660 672 698
709,   18 48 78 102 168 210 288 300 312 330 342 360 378 528 570 582 612 672 690
719,   42 78 102 120 162 210 228 252 258 300 330 372 462 468 540 570 582 588 648 690 708 714
727,   84 96 126 150 156 180 240 264 270 294 306 360 390 396 444 486 504 564 570 576 600 654 696 720 724
733,   6 24 90 120 126 186 234 276 300 336 354 360 384 396 420 504 570 594 666 690 696 714 720 726
739,   12 30 48 120 138 168 198 252 282 300 330 390 432 462 498 510 540 558 582 588 642 660 708 720 732
743,   66 84 96 144 186 234 240 276 354 360 450 474 480 486 516 546 564 576 630 684 690 696 738 740
751,   18 60 78 108 132 288 312 318 342 372 378 402 420 480 528 540 552 570 648 672 678 708 720 732 738 748
757,   30 66 96 126 150 180 210 234 294 336 360 444 474 480 534 546 564 690 696 714 726 754
761,   60 78 102 120 168 192 252 258 270 300 330 342 402 468 498 522 528 612 648 672 678 690 720 732 738 750
769,   18 42 60 108 138 150 168 198 222 228 270 282 348 360 402 432 462 528 558 612 630 660 690 702 762
773,   54 90 114 156 174 180 204 210 324 330 390 414 420 456 504 510 516 534 546 594 600 636 660 666 714 720 726 750 770
787,   36 96 180 210 246 264 300 330 366 414 450 504 510 516 594 636 660 684 744 756 780 784
797,   24 114 144 150 156 180 234 294 306 354 366 396 480 486 504 564 570 630 684 690 696 714 726 756 774 786
809,   12 48 132 162 168 210 222 240 252 288 300 342 378 408 420 450 492 498 552 558 618 630 642 672 678 702 750 762 792 798 804
811,   42 72 180 198 210 240 312 390 402 438 480 570 588 612 618 648 660 672 732 738 768 798 808
821,   60 120 162 228 330 342 360 372 402 438 462 468 540 552 588 630 672 690 732 738 750 762 780 792 798 816
823,   36 54 84 96 114 210 216 246 300 390 414 426 456 474 600 624 630 660 666 720 726 744 756 786 804
827,   30 54 84 126 144 150 186 234 264 270 324 336 360 366 396 474 480 534 546 600 654 660 696 726 744 756 774 780 786 810
829,   78 90 138 168 210 222 258 288 342 372 408 420 450 462 492 498 552 600 618 630 702 720 750 768 792 798
839,   18 42 138 180 192 222 252 270 348 378 390 420 438 450 480 522 528 570 588 600 612 642 648 660 672 732 768 780 798 828
853,   24 30 66 84 114 144 180 210 234 240 276 396 444 474 546 570 576 630 690 696 714 726 744 756 774 810 816 840 846
857,   30 84 96 114 156 174 204 240 294 336 366 426 504 510 576 594 624 630 666 726 744 750 756 810 840 852
859,   48 108 132 150 228 258 312 372 420 438 462 522 588 630 708 720 750 762 798 840
863,   24 66 90 120 186 246 300 354 360 396 414 420 444 504 510 546 570 624 630 636 690 696 750 756 774 804 834 846 858 860
877,   90 120 144 186 216 246 276 336 354 414 420 444 504 546 570 594 606 654 666 720 750 780 816 846 864 870
881,   60 72 138 180 222 228 282 312 378 402 420 438 480 492 528 570 600 612 618 630 642 690 702 732 828 840 852 878
883,   24 54 114 126 150 156 210 240 270 396 420 444 516 546 570 576 600 606 660 684 726 744 774 780 786 810 816 840 864 870 876
887,   24 60 66 90 126 144 204 210 294 300 330 396 420 486 540 594 606 624 636 696 714 720 750 780 834 846
907,   30 84 156 180 216 246 264 294 306 330 384 420 474 540 576 624 636 714 750 756 834 840 846 870 876 894 904
911,   30 72 102 138 150 192 252 270 312 318 348 390 408 450 462 522 528 600 642 648 660 672 798 810 822 900
919,   90 132 150 168 210 312 318 372 378 462 480 510 540 552 570 612 648 678 690 708 738 780 822 840 858 882 912
929,   18 42 48 90 102 120 132 168 252 288 330 360 372 438 480 498 510 570 582 672 678 690 738 780 792 858 882 918
937,   30 54 60 84 114 126 150 180 186 264 276 294 360 366 390 516 606 630 660 726 756 786 810 840 864 894 924 930 934
941,   12 30 78 120 168 222 240 282 288 342 348 378 420 432 492 498 510 540 552 558 582 630 660 672 678 768 792 870 882 930 936 938
947,   6 36 66 84 150 204 246 270 330 354 360 426 480 486 504 546 564 636 654 666 690 720 750 774 840 864 876 900 924 930 942
953,   24 66 96 144 156 210 234 270 276 306 336 354 366 474 486 534 570 600 606 660 684 714 756 780 870 894 924 936 948
967,   30 84 156 234 324 336 354 360 480 504 600 630 654 660 690 696 726 756 774 786 810 816 864 894 900 906 964
971,   42 60 90 132 210 252 288 312 318 330 402 462 468 480 510 522 528 540 552 582 588 612 738 840 900 918 930 942 960
977,   6 36 114 120 204 216 300 324 330 384 390 456 474 510 516 534 546 576 594 624 630 660 720 744 810 846 870 894 924 930 936 954 972 974
983,   30 36 120 126 210 240 300 306 324 336 384 390 426 504 516 540 600 624 630 636 714 726 750 804 894 924 930 966
991,   72 132 138 162 180 222 240 258 300 330 390 468 492 552 558 618 678 708 750 762 768 792 798 810 840 882 888 960 988
997,   90 120 174 240 306 324 384 426 450 456 474 534 600 624 630 660 666 726 756 786 804 834 870 936 954 990
1009,  12 42 222 240 270 282 318 390 438 462 522 570 588 600 612 660 732 738 768 780 852 858 870 942 978 990 1002
1013,  36 84 150 174 204 216 270 294 354 360 396 414 420 426 510 546 570 594 624 654 696 720 774 834 864 876 900 960 966 984 990
1019,  42 72 78 90 132 162 198 210 258 300 342 420 432 462 540 552 588 600 618 702 768 792 828 852 870 882 888 912 930 960 978 1008
1021,  12 30 102 192 210 270 282 360 378 402 408 450 522 558 588 600 642 648 672 738 780 810 840 858 912 978 990 1008 1018
1031,  18 60 78 120 150 192 258 270 288 330 378 462 468 522 528 540 552 570 582 588 678 780 792 840 858 882 900 918 942 948 972 1008
1033,  36 96 180 204 246 264 294 390 414 420 426 456 510 534 546 576 594 624 636 660 666 720 726 750 756 834 840 954 960 966 996 1020 1030
1039,  30 48 132 162 210 252 282 288 408 420 432 492 540 582 618 630 660 702 708 762 828 840 912 960 972 978
1049,  102 138 168 210 228 240 252 390 402 432 450 462 558 570 588 618 648 660 738 798 822 852 858 882 900 948 978 990 1020 1032 1038
1051,  12 18 42 198 228 240 378 408 420 432 438 480 528 612 618 642 672 702 738 780 810 822 828 900 942 948 978 1032 1038 1048
1061,  30 42 48 90 120 132 198 222 240 300 378 420 462 492 498 540 552 558 660 672 750 810 828 870 888 912 978 1002 1008 1020 1038 1050
1063,  24 30 54 66 186 234 240 336 390 420 486 516 564 600 606 630 684 690 696 714 726 870 924 936 954 966 990 1020 1026 1050
1069,  18 48 60 102 132 162 210 258 312 330 360 378 462 498 528 630 672 690 720 732 762 792 798 918 930 942 960 1062
1087,  36 66 150 204 210 234 336 360 396 444 456 480 510 540 654 666 690 714 774 780 846 864 906 924 930 1026 1044 1050 1056 1074
1091,  60 72 138 210 228 270 282 318 348 390 408 432 492 522 528 630 642 732 780 798 810 822 840 858 912 978 990 1008 1020 1038 1050 1062 1088
1093,  24 30 60 156 186 210 234 306 336 354 360 366 450 474 486 516 570 606 630 654 660 684 696 780 786 894 900 936 990 996 1020 1050 1086
1097,  6 66 84 120 126 186 210 270 276 336 354 396 414 456 504 510 540 636 714 750 780 804 816 834 900 906 930 966 984 990 1014 1044 1056
1103,  6 84 90 120 126 156 174 216 264 306 330 384 420 450 456 504 510 516 534 594 684 720 744 786 810 846 870 876 924 936 966 996 1050 1100
1109,  78 168 180 198 252 300 390 450 462 492 510 588 600 678 762 792 798 840 870 918 930 960 972 978 1002 1020 1098 1104
1117,  54 84 96 120 180 210 264 306 330 366 426 504 510 540 546 576 630 660 684 744 750 834 876 894 936 966 1014 1020 1044 1086 1104
1123,  6 30 90 114 126 156 204 300 336 366 504 546 576 600 624 636 660 666 744 750 756 810 894 930 960 966 1014 1020 1056 1080 1116 1120
1129,  42 108 120 162 192 252 270 300 318 342 360 402 420 438 468 498 528 630 672 732 750 822 858 888 900 1002 1032 1050 1092 1110 1122
1151,  42 132 138 168 210 222 288 330 342 408 432 450 468 558 582 660 672 720 750 762 798 888 912 918 960 978 1002 1062 1092 1122 1146
1153,  60 84 144 246 270 276 294 300 330 396 414 426 444 510 540 546 606 630 714 720 780 840 846 876 930 960 990 1026 1050 1086 1116 1134 1140
1163,  54 60 66 114 144 210 276 324 336 390 420 444 504 546 570 660 684 714 744 810 816 900 906 924 936 966 990 1050 1074 1080 1104 1110 1134 1146
1171,  42 78 108 120 132 150 252 288 312 318 360 438 498 528 552 570 630 708 762 822 840 858 942 960 972 990 1008 1032 1068 1098 1110 1140 1168
1181,  78 120 228 252 270 300 318 342 372 420 438 528 540 690 720 732 750 792 798 822 888 900 918 930 948 1032 1092 1128 1152 1158 1170 1176
1187,  6 36 90 96 174 240 246 300 306 324 366 414 426 510 534 546 600 624 684 720 726 744 786 840 876 894 924 954 1020 1050 1056 1080 1086 1146 1164 1170 1184
1193,  30 84 90 96 174 180 216 240 246 306 330 366 420 474 516 540 594 630 684 714 804 810 834 846 876 936 960 1014 1020 1044 1080 1104 1140 1146 1164 1188 1190
1201,  30 48 78 180 282 342 348 378 462 468 492 540 558 582 588 600 630 660 678 792 828 852 888 930 960 978 1002 1020 1038 1050 1092 1140 1170 1182 1188 1198
1213,  84 90 216 246 276 330 336 354 384 444 456 480 486 540 570 666 774 780 804 816 840 876 900 930 990 1056 1074 1134 1170 1176 1210
1217,  66 156 234 264 270 276 306 336 354 390 396 420 516 570 630 654 660 696 714 756 786 864 870 924 936 990 1020 1026 1050 1080 1116 1134 1164 1176 1194 1200 1206
1223,  6 36 60 204 210 270 276 336 360 384 396 414 564 624 654 666 756 774 780 804 840 864 876 906 930 984 990 1044 1050 1074 1086 1110 1116 1134 1170 1176 1194 1200 1218
1229,  48 78 132 138 180 198 210 252 258 282 342 372 390 408 468 582 642 660 672 720 750 768 798 810 840 870 882 912 978 1038 1080 1122 1128 1170 1182 1188 1212 1218
1231,  18 60 168 192 198 222 240 312 348 378 462 492 522 558 570 600 630 768 798 822 852 858 882 900 948 990 1008 1020 1038 1050 1080 1152 1158 1228
1237,  66 84 144 186 216 246 330 360 384 426 486 504 510 546 564 594 624 630 636 696 714 750 774 780 816 900 906 924 966 1014 1044 1056 1074 1110 1134 1140 1200 1230
1249,  48 78 132 180 198 210 240 282 330 372 420 492 498 510 540 618 630 702 750 762 840 882 912 972 1020 1038 1092 1098 1122 1140 1188 1218
1259,  30 42 108 150 168 228 240 312 348 378 438 450 462 612 618 642 672 690 738 768 780 810 828 840 870 948 978 1008 1080 1092 1122 1152 1158 1188 1200 1218
1277,  84 90 96 174 216 246 294 306 324 330 336 390 420 456 534 594 600 624 630 636 720 786 810 834 876 930 960 966 996 1020 1080 1104 1140 1146 1164 1170 1254 1266 1272 1274
1279,  42 48 150 192 210 270 288 342 420 468 510 522 552 588 672 708 732 738 858 882 900 942 972 1002 1008 1068 1098 1242 1260 1272
1283,  6 24 90 270 300 330 336 354 426 540 564 606 624 630 666 690 696 714 720 780 804 816 924 930 990 1014 1026 1050 1056 1110 1116 1134 1176 1194 1260 1266
1289,  12 30 72 138 192 198 270 312 318 348 378 408 432 588 612 642 690 780 798 810 822 840 978 1008 1020 1050 1062 1092 1110 1122 1152 1158 1188 1242 1260
1291,  12 90 138 162 168 198 240 252 258 372 408 432 462 468 540 582 660 720 792 852 870 912 960 978 1020 1050 1080 1092 1098 1182 1212 1230 1248 1260 1288
1297,  6 84 126 174 234 246 300 330 360 444 486 564 570 636 654 690 696 720 756 834 840 864 924 984 990 1014 1074 1086 1140 1170 1224 1254 1260 1294
1301,  18 72 108 138 150 192 198 210 252 270 282 318 420 600 648 702 738 780 798 810 840 852 912 942 1008 1032 1038 1050 1110 1122 1230 1242 1248 1278 1290
1303,  24 150 180 186 240 264 294 306 366 396 420 444 450 474 480 564 570 576 630 684 690 696 726 780 840 936 966 990 1074 1080 1164 1200 1236 1290
1307,  120 126 144 204 216 246 276 294 330 360 426 480 564 606 624 666 690 720 804 846 906 960 990 1026 1044 1050 1074 1110 1116 1134 1140 1170 1224 1236 1284 1302
1319,  42 90 132 168 288 300 348 378 390 492 558 660 678 720 750 762 810 888 918 1038 1062 1080 1092 1122 1128 1140 1212 1230 1260 1272 1290 1302 1314
1321,  108 150 168 228 258 288 300 402 438 462 468 510 552 612 630 678 690 708 822 858 882 900 948 972 990 1050 1182 1218
1327,  96 126 156 204 240 294 330 336 420 450 474 504 540 666 684 726 756 786 804 894 954 960 1014 1020 1044 1050 1056 1146 1176 1224 1230 1266 1290 1320
1361,  72 78 132 138 198 210 252 258 348 450 540 552 588 618 642 678 702 708 720 768 792 852 882 912 972 978 1050 1080 1098 1170 1182 1188 1230 1248 1260 1272 1302 1332 1338 1350 1358
1367,  6 60 66 84 144 186 204 216 270 354 420 456 480 504 510 540 546 606 714 720 774 846 876 900 906 966 984 1014 1050 1056 1074 1110 1176 1254 1266 1296 1320 1326 1344 1362 1364
1373,  54 66 114 150 180 186 210 264 324 360 516 534 576 600 630 654 690 696 714 726 756 780 864 870 894 924 984 1020 1026 1104 1176 1206 1236 1260 1284 1290 1314 1320 1326 1356 1368
1381,  78 90 102 150 168 228 288 312 318 342 360 372 498 552 570 612 630 648 672 708 750 762 780 840 858 960 1002 1008 1140 1158 1170 1278 1302 1308 1338 1350 1368
1399,  72 150 168 198 228 270 348 360 378 390 402 432 462 480 588 612 630 690 738 780 822 852 912 942 978 990 1068 1122 1158 1218 1248 1260 1272 1290 1320 1332 1368 1392
1409,  42 90 102 150 192 228 258 300 312 378 438 462 468 480 498 522 570 588 690 732 888 900 930 942 948 990 1008 1050 1140 1170 1182 1212 1278 1302 1320 1368 1380 1392
1423,  24 120 126 144 174 186 270 300 330 336 354 360 456 564 570 594 666 690 714 780 816 846 924 960 966 1014 1044 1050 1116 1194 1224 1260 1266 1284 1296 1326 1344 1380 1410 1420
1427,  54 60 66 126 144 210 240 396 444 450 474 480 486 546 570 600 654 684 726 780 786 810 840 870 906 924 966 984 996 1116 1164 1194 1230 1236 1260 1314 1326 1374 1410 1416 1424
1429,  30 102 138 150 180 192 198 228 312 360 432 438 522 570 600 660 702 810 822 852 858 882 942 1008 1092 1122 1188 1218 1230 1248 1278 1290 1302 1320 1362 1368 1422
1433,  6 60 66 126 150 174 204 414 456 480 546 570 594 606 636 774 780 834 840 864 876 924 966 984 990 1014 1044 1116 1176 1200 1254 1260 1266 1296 1320 1344 1386 1404 1410 1428
1439,  12 72 120 132 162 180 258 348 408 462 468 492 510 558 600 630 642 798 870 918 960 972 978 1008 1020 1038 1092 1170 1182 1248 1260 1272 1290 1302 1338 1350 1380 1398 1422
1447,  24 120 150 210 216 246 276 294 330 354 384 414 426 540 564 570 636 690 696 714 756 774 804 834 840 846 900 924 990 1026 1074 1110 1170 1224 1236 1266 1284 1320 1344 1350 1386 1404 1410 1440
1451,  42 132 150 162 168 258 270 360 420 438 480 498 522 588 612 630 678 690 792 858 882 888 930 942 948 960 972 990 1008 1092 1098 1140 1158 1170 1182 1212 1260 1278 1302 1338 1350 1368 1392 1410 1428 1446
1453,  6 30 126 156 174 204 216 240 300 324 330 336 414 420 534 546 576 600 630 684 726 834 840 930 1014 1020 1086 1104 1140 1224 1230 1254 1260 1296 1314 1344 1350 1380 1434 1450
1459,  12 30 138 162 168 210 288 330 342 372 408 420 492 540 552 630 672 702 720 828 852 882 888 912 918 1062 1080 1092 1188 1218 1230 1248 1260 1308 1332 1392 1398 1428
1471,  12 18 72 150 192 222 270 318 402 408 462 480 612 618 642 660 732 780 798 810 840 870 900 1032 1050 1122 1188 1200 1242 1248 1260 1278 1320 1332 1362 1468
1481,  30 42 72 120 252 330 390 420 432 450 468 498 600 618 660 672 762 828 912 918 960 978 1050 1062 1098 1128 1212 1218 1230 1248 1308 1380 1398 1422 1428 1458 1476
1483,  60 84 180 186 270 390 396 450 516 546 600 606 630 654 660 696 756 810 864 906 984 1020 1074 1110 1134 1176 1200 1206 1284 1320 1374 1404 1470 1480
1487,  6 36 114 120 126 180 210 300 324 336 384 390 426 510 516 540 576 600 624 666 726 786 810 846 870 894 924 930 1044 1056 1104 1134 1170 1176 1206 1224 1254 1290 1314 1350 1356 1374 1416 1440 1470 1476 1482 1484
1489,  42 60 90 108 168 210 252 258 288 372 498 522 732 750 762 780 798 858 882 888 948 1032 1050 1068 1158 1182 1218 1260 1278 1308 1362 1428 1482
1493,  6 60 66 120 126 174 204 216 330 384 396 480 510 546 606 636 720 750 774 816 840 846 900 906 924 930 984 1050 1140 1200 1236 1260 1296 1326 1344 1386 1404 1410 1434 1446 1464 1470 1476
1499,  12 60 72 138 198 210 222 312 348 390 402 408 450 480 528 570 588 612 642 738 798 840 852 858 882 900 912 942 978 1032 1050 1080 1110 1188 1230 1242 1302 1320 1362 1398 1410 1428 1440 1458 1470
1511,  12 60 72 102 210 222 360 402 420 462 492 528 558 570 600 630 702 828 870 912 948 1020 1032 1068 1080 1110 1122 1152 1200 1218 1230 1242 1278 1332 1398 1428 1452 1458 1488 1500 1508
1523,  30 36 84 90 96 114 264 300 426 474 504 540 546 576 684 714 750 870 876 924 936 954 1020 1056 1134 1140 1164 1170 1176 1206 1230 1254 1266 1296 1356 1374 1386 1416 1434 1440 1476 1500 1518
1531,  48 78 132 210 228 252 300 330 402 462 468 480 498 522 612 648 672 708 720 762 780 840 858 990 1008 1152 1158 1182 1200 1218 1260 1302 1320 1422 1470 1488 1518
1543,  54 84 114 120 216 240 246 330 390 450 456 474 510 546 636 660 804 834 924 930 996 1104 1134 1146 1164 1170 1176 1206 1260 1314 1344 1476 1506 1524 1536 1540
1549,  18 60 78 120 150 228 252 312 318 462 480 540 582 612 630 672 690 720 738 762 792 798 822 840 888 918 972 1002 1008 1110 1128 1140 1170 1182 1200 1218 1242 1308 1338 1368 1422 1452 1470 1488 1512 1518 1530
1553,  30 54 60 66 114 144 180 234 270 294 324 336 360 444 450 534 576 600 690 714 744 756 780 870 894 906 990 996 1104 1110 1134 1200 1236 1284 1290 1326 1356 1374 1386 1404 1416 1446 1470 1530 1536
1559,  48 60 78 108 150 252 330 342 372 468 510 528 540 582 648 678 738 750 798 840 858 882 900 918 972 990 1050 1098 1128 1140 1170 1242 1278 1302 1320 1368 1380 1410 1452 1530
1567,  96 186 264 366 444 450 516 546 570 576 684 714 744 780 810 816 906 936 954 990 1026 1080 1104 1110 1146 1200 1230 1236 1284 1290 1386 1404 1470 1494 1500 1554
1571,  12 48 138 162 252 342 378 408 468 510 540 558 642 762 810 828 852 870 888 972 978 1008 1050 1062 1092 1122 1128 1140 1170 1182 1218 1290 1308 1332 1338 1392 1398 1440 1470 1512 1518 1548 1566
1579,  30 48 90 120 180 198 252 282 288 300 408 450 510 558 582 642 660 672 702 768 792 810 888 960 972 978 1038 1080 1092 1140 1170 1212 1272 1308 1338 1422 1440 1470 1482 1500 1542
1583,  24 30 84 150 264 294 306 324 366 390 396 420 480 486 570 630 654 726 756 774 810 840 864 966 996 1026 1074 1080 1104 1116 1194 1236 1314 1320 1326 1344 1356 1386 1416 1500 1536 1554 1580
1597,  30 66 126 144 150 270 276 396 534 546 564 606 690 714 744 774 786 840 870 906 924 954 996 1020 1050 1074 1110 1134 1200 1260 1290 1320 1356 1374 1404 1440 1470 1524 1566 1584 1590 1594
1601,  18 108 120 300 312 372 378 438 498 510 540 552 672 738 780 792 840 858 942 948 1008 1032 1092 1098 1110 1140 1152 1200 1218 1242 1308 1338 1362 1368 1410 1422 1488 1518 1590
1607,  6 114 126 180 240 300 306 324 390 420 456 504 546 630 636 660 666 726 744 750 786 810 834 924 1014 1050 1086 1104 1146 1254 1290 1296 1350 1356 1416 1434 1476 1560 1584 1596 1602
1609,  12 60 138 150 180 378 408 480 522 570 612 642 672 702 732 780 858 948 1008 1038 1062 1068 1110 1122 1188 1242 1278 1410 1428 1452 1458 1470 1500 1512 1572 1578
1613,  6 54 120 174 294 336 384 390 426 450 516 594 600 630 660 684 726 786 804 930 936 966 996 1020 1044 1050 1164 1224 1230 1266 1296 1344 1350 1356 1386 1476 1506 1524 1554 1590 1596 1608
1619,  18 48 168 192 252 258 312 330 360 468 510 522 588 648 678 690 732 738 762 780 792 798 822 858 960 972 1002 1110 1158 1170 1200 1218 1260 1308 1338 1350 1380 1392 1422 1470 1518 1548 1572 1590 1602
1621,  42 72 78 132 138 162 168 240 330 372 390 408 468 492 558 582 600 630 762 768 852 882 930 1050 1098 1182 1212 1350 1380 1398 1428 1440 1458 1542 1548 1560 1608
1627,  30 96 156 174 204 246 306 324 390 426 456 504 510 534 576 594 660 720 744 750 840 876 894 966 1020 1050 1056 1080 1086 1104 1140 1164 1170 1206 1230 1260 1290 1344 1434 1554 1560 1590 1624
1637,  30 84 150 186 210 264 270 276 336 360 444 450 474 576 606 660 696 756 774 780 810 840 894 954 984 996 1020 1050 1074 1116 1206 1290 1320 1326 1374 1386 1404 1446 1500 1530 1554 1566 1584 1614 1620 1634
1657,  36 90 126 174 204 210 276 330 336 354 360 426 456 486 504 564 594 624 636 690 720 780 846 900 1014 1026 1050 1056 1110 1134 1194 1200 1260 1344 1380 1464 1506 1530 1560 1596 1614 1644 1650
1663,  6 36 84 96 114 120 204 210 216 336 366 426 450 540 576 624 630 726 804 810 840 876 894 930 954 1020 1044 1050 1056 1086 1140 1224 1254 1290 1356 1386 1500 1506 1524 1554 1566 1590 1596 1644 1650 1656 1660
1667,  30 54 66 144 156 180 234 240 306 360 444 474 486 570 576 606 684 690 714 726 756 780 810 924 966 990 1020 1026 1074 1110 1176 1236 1356 1374 1416 1470 1500 1536 1554 1584 1656 1662 1664
1669,  72 90 120 198 210 342 348 420 468 552 582 600 618 672 678 702 882 978 1008 1038 1050 1062 1098 1122 1128 1182 1248 1302 1332 1392 1398 1440 1512 1518 1560 1590 1602 1632 1638 1650 1662
1693,  30 66 84 96 240 294 390 396 444 576 600 654 684 696 774 810 864 924 954 966 984 1020 1074 1194 1260 1326 1344 1356 1386 1416 1470 1494 1536 1566 1614 1620 1626 1650 1680
1697,  90 114 126 174 204 210 216 330 390 414 510 516 546 600 636 684 714 720 726 744 750 834 924 936 996 1014 1044 1056 1080 1104 1140 1206 1230 1266 1314 1344 1386 1440 1470 1506 1524 1560 1626 1650 1674 1692 1694
1699,  42 78 90 102 132 168 252 300 318 462 570 582 612 648 678 690 822 840 948 960 972 990 1008 1068 1092 1098 1152 1158 1302 1320 1350 1362 1368 1422 1470 1488 1518 1560 1572 1602 1620 1632 1662 1692
1709,  12 102 138 198 222 270 390 402 420 432 528 558 600 648 690 732 738 768 822 870 882 900 912 948 990 1032 1068 1092 1110 1152 1188 1200 1218 1230 1248 1260 1290 1428 1458 1482 1512 1542 1620 1638 1650 1662 1680 1698 1704
1721,  12 102 150 168 210 228 282 348 360 420 432 492 612 618 630 660 672 690 702 738 810 858 900 912 978 1020 1068 1080 1122 1158 1218 1242 1278 1290 1302 1320 1362 1368 1470 1482 1488 1530 1608 1638 1650 1668 1692
1723,  24 30 54 60 66 144 156 264 270 276 294 420 570 654 660 714 816 870 894 936 954 966 984 990 996 1080 1110 1314 1326 1344 1356 1386 1440 1446 1494 1530 1584 1596 1620 1650 1710
1733,  114 174 180 240 246 294 306 366 474 504 510 540 624 684 714 846 876 924 960 1056 1086 1146 1164 1170 1176 1224 1230 1266 1290 1350 1386 1470 1476 1566 1596 1626 1674 1680 1716 1728 1730
1741,  18 42 48 120 132 192 210 252 258 270 288 312 342 420 438 462 510 528 540 570 648 732 918 930 972 990 1008 1050 1110 1278 1308 1320 1368 1428 1512 1518 1530 1560 1578 1590 1602 1632 1722 1728
1747,  6 54 84 120 126 204 264 366 456 534 546 594 624 630 726 756 810 870 924 936 960 1020 1056 1086 1104 1140 1170 1206 1224 1290 1314 1374 1416 1434 1440 1470 1506 1524 1554 1566 1584 1596 1644 1686 1710 1716 1744
1753,  6 30 126 264 300 330 426 450 516 540 624 630 636 684 714 720 786 894 924 930 966 996 1014 1044 1080 1134 1266 1296 1314 1356 1416 1476 1554 1560 1590 1680 1710 1716 1746
1759,  18 102 192 228 270 330 378 462 480 510 522 528 588 630 708 762 792 900 930 948 972 990 1008 1032 1098 1128 1158 1212 1260 1302 1320 1350 1362 1410 1422 1428 1548 1560 1602 1632 1698 1740 1752
1777,  24 54 84 156 210 234 306 354 474 564 606 660 690 726 744 780 840 870 894 900 954 990 1020 1026 1176 1290 1344 1404 1410 1440 1494 1536 1554 1566 1584 1596 1614 1680 1734 1740 1764 1770
1783,  6 84 90 204 216 234 300 330 354 360 456 486 504 654 690 720 774 864 876 900 906 924 930 1014 1050 1074 1170 1236 1284 1296 1326 1386 1404 1434 1446 1470 1476 1560 1590 1674 1680 1686 1716 1746 1764 1776
1787,  90 120 186 216 276 294 300 354 420 426 480 486 510 564 570 594 606 624 636 690 756 804 834 846 876 900 906 924 966 990 1014 1110 1140 1170 1224 1296 1404 1434 1470 1536 1560 1620 1674 1680 1704 1740 1746 1770 1784
1789,  12 42 90 162 210 222 240 300 342 390 462 492 498 552 558 588 750 768 870 882 930 960 978 1002 1062 1098 1128 1182 1212 1248 1290 1332 1380 1392 1440 1482 1512 1518 1680 1710 1722 1728 1752 1758 1770 1782
1801,  60 78 132 192 252 312 330 342 378 402 420 480 510 570 588 672 738 750 792 882 918 948 990 1032 1050 1170 1200 1260 1278 1362 1368 1380 1428 1452 1470 1518 1530 1560 1572 1590 1662 1698 1728 1740 1758 1770 1782
1811,  78 90 102 192 228 252 258 288 300 318 330 402 522 528 582 588 630 648 720 780 798 882 900 930 990 1050 1068 1092 1128 1152 1158 1212 1308 1380 1392 1410 1518 1548 1560 1578 1638 1680 1722 1728 1770 1782 1806
1823,  90 126 156 204 216 240 264 330 384 390 414 450 516 534 594 600 636 720 726 810 840 870 876 966 996 1014 1080 1104 1140 1146 1176 1260 1266 1314 1344 1380 1434 1476 1506 1566 1584 1590 1626 1644 1710 1716 1734 1770 1794 1800 1820
1831,  30 42 48 162 168 222 252 282 300 348 372 408 450 510 540 552 708 762 840 972 1002 1020 1122 1140 1170 1188 1218 1230 1290 1332 1398 1422 1482 1500 1560 1602 1632 1638 1668 1680 1728 1752 1800 1812 1828
1847,  24 60 126 150 180 234 240 264 294 360 366 396 420 486 546 564 570 630 684 696 744 786 816 864 894 906 990 1050 1164 1194 1290 1344 1356 1404 1500 1566 1614 1620 1680 1710 1734 1746 1776 1824 1830 1844
1861,  72 138 168 192 252 282 318 378 390 408 432 480 612 660 690 732 798 810 822 828 852 870 942 1092 1110 1188 1200 1218 1248 1260 1320 1398 1440 1452 1482 1512 1530 1638 1650 1668 1680 1698 1710 1722 1752 1782 1830 1848 1858
1867,  6 66 84 120 126 144 246 270 336 384 414 420 444 570 636 654 750 780 804 816 846 900 930 984 990 1134 1194 1254 1296 1320 1404 1434 1446 1494 1590 1596 1644 1674 1704 1716 1740 1764 1770 1806 1824 1830 1860
1871,  60 258 270 372 438 462 510 552 570 588 678 708 720 762 822 840 858 918 930 990 1008 1032 1098 1128 1152 1170 1212 1218 1350 1380 1428 1452 1488 1518 1578 1590 1620 1722 1788 1800 1830 1848 1868
1873,  6 114 120 126 180 210 216 264 306 330 414 420 474 594 720 744 786 804 810 834 840 876 1014 1044 1146 1164 1296 1386 1434 1440 1500 1560 1590 1596 1644 1674 1710 1734 1764 1770 1800 1836 1854 1860 1866
1877,  30 54 210 264 276 366 390 396 504 516 570 600 654 714 780 786 816 864 900 924 966 1020 1050 1080 1134 1260 1290 1314 1374 1446 1494 1530 1584 1614 1650 1680 1704 1740 1746 1794 1824
1879,  120 132 138 210 252 258 282 300 390 408 432 498 558 588 642 678 792 810 828 840 870 888 912 972 1092 1122 1140 1170 1188 1302 1308 1338 1380 1392 1422 1440 1482 1512 1638 1650 1668 1680 1728 1752 1812 1818 1848 1860
1889,  12 18 42 180 192 222 252 318 378 408 450 462 522 528 570 588 660 702 798 840 912 948 1008 1050 1068 1080 1230 1248 1302 1320 1332 1368 1410 1440 1458 1470 1500 1572 1578 1638 1650 1692 1782 1788 1830 1872 1878
1901,  12 30 78 168 180 342 408 450 492 540 642 678 708 720 792 798 810 840 852 888 918 960 1038 1062 1140 1182 1218 1302 1308 1398 1422 1458 1470 1512 1548 1590 1632 1638 1722 1770 1800 1818 1860 1878 1896
1907,  6 96 120 174 300 306 336 426 474 534 540 624 684 714 726 756 804 846 894 930 936 954 996 1020 1050 1134 1230 1260 1314 1344 1350 1416 1440 1464 1506 1554 1560 1626 1650 1674 1710 1716 1770 1794 1854 1860 1890 1896
1913,  36 66 90 126 216 294 300 330 354 360 420 426 480 486 504 546 630 636 696 720 750 816 864 930 966 984 1026 1050 1056 1086 1170 1254 1296 1344 1410 1434 1446 1494 1554 1620 1644 1680 1746 1764 1806 1854 1866 1884 1890 1908 1910
1931,  18 42 108 198 210 222 312 378 408 420 450 480 492 612 648 702 768 780 822 870 912 948 978 1068 1092 1110 1158 1188 1272 1278 1290 1368 1428 1440 1482 1530 1650 1662 1692 1740 1830 1848 1872 1890 1902 1920
1933,  54 60 66 150 156 180 210 270 306 336 354 444 450 504 534 606 684 780 816 864 870 900 924 1104 1146 1176 1320 1326 1386 1410 1500 1524 1536 1566 1584 1596 1626 1650 1704 1710 1740 1776 1794 1806 1836 1860 1890 1914 1920 1930
1949,  48 78 138 162 348 390 450 462 468 498 510 582 630 642 660 672 762 840 852 888 930 978 1008 1020 1062 1092 1140 1188 1272 1302 1308 1350 1380 1440 1458 1500 1518 1590 1632 1668 1710 1722 1752 1770 1812 1818 1848 1902 1932
1951,  78 162 192 210 228 252 288 330 342 420 522 552 570 720 738 780 798 882 900 1068 1098 1128 1212 1218 1278 1308 1320 1350 1380 1410 1512 1518 1578 1620 1680 1722 1740 1758 1788 1842 1872 1938
1973,  24 66 96 126 240 264 336 360 366 420 450 474 486 606 684 690 714 756 780 864 870 924 954 990 996 1026 1110 1116 1146 1164 1230 1326 1356 1374 1386 1416 1494 1554 1584 1620 1704 1746 1794 1806 1824 1860 1890 1944 1950 1956 1970
1979,  48 90 102 108 132 258 360 372 378 420 468 480 498 552 570 612 678 720 750 762 798 882 918 930 948 960 1032 1140 1158 1278 1320 1380 1392 1410 1470 1488 1512 1548 1560 1578 1698 1722 1740 1782 1788 1800 1842 1872 1932 1938 1950 1968
1987,  126 156 234 264 294 324 360 390 516 534 564 606 660 684 690 696 816 864 870 900 966 1050 1080 1134 1176 1200 1230 1314 1326 1344 1356 1374 1386 1446 1524 1530 1554 1620 1650 1656 1704 1710 1746 1806 1836 1860 1890 1920 1944 1956 1980
1993,  6 60 120 210 246 294 300 384 396 444 510 546 564 666 690 696 714 756 840 864 924 960 1026 1056 1074 1086 1116 1170 1224 1236 1260 1266 1320 1350 1380 1470 1506 1536 1554 1614 1620 1644 1680 1716 1800 1830 1854 1884 1896 1914 1926 1950 1974
1997,  66 84 90 210 276 300 360 384 396 414 426 444 546 624 636 690 696 714 780 804 846 900 906 966 1014 1026 1044 1086 1140 1170 1224 1254 1350 1410 1494 1530 1536 1596 1680 1704 1764 1770 1800 1806 1824 1866 1884 1914 1926 1950 1992
1999,  12 132 138 222 240 252 342 372 378 390 468 540 552 618 672 678 708 720 750 768 798 1002 1062 1080 1122 1170 1188 1230 1260 1272 1308 1392 1458 1500 1512 1542 1560 1632 1692 1728 1770 1848 1890 1920 1932 1968

