# Collatz prime ring cycles

The affine transform 3n+1, without /2 step, has a fixed point and one or more cycles on every prime ring.
The /2 operation usually, but not always, hops between these cycles. 
 
prime,fixed_point,num_cycles,cycles
   5,     2,   1,  (0 1 4 3)
   7,     3,   1,  (0 1 4 6 5 2)
  11,     5,   2,  (0 1 4 2 7) (3 10 9 6 8)
  13,     6,   4,  (0 1 4) (2 7 9) (3 10 5) (8 12 11)
  17,     8,   1,  (0 1 4 13 6 2 7 5 16 15 12 3 10 14 9 11)
  19,     9,   1,  (0 1 4 13 2 7 3 10 12 18 17 14 5 16 11 15 8 6)
  23,    11,   2,  (0 1 4 13 17 6 19 12 14 20 15) (2 7 22 21 18 9 5 16 3 10 8)
  29,    14,   1,  (0 1 4 13 11 5 16 20 3 10 2 7 22 9 28 27 24 15 17 23 12 8 25 18 26 21 6 19)
  31,    15,   1,  (0 1 4 13 9 28 23 8 25 14 12 6 19 27 20 30 29 26 17 21 2 7 22 5 16 18 24 11 3 10),
  37,    18,   2,  (0 1 4 13 3 10 31 20 24 36 35 32 23 33 26 5 16 12) (2 7 22 30 17 15 9 28 11 34 29 14 6 19 21 27 8 25)
  41,    20,   5,  (0 1 4 13 40 39 36 27) (2 7 22 26 38 33 18 14) (3 10 31 12 37 30 9 28) (5 16 8 25 35 24 32 15) (6 19 17 11 34 21 23 29)
  43,    21,   1,  (0 1 4 13 40 35 20 18 12 37 26 36 23 27 39 32 11 34 17 9 28 42 41 38 29 2 7 22 24 30 5 16 6 19 15 3 10 31 8 25 33 14)
  47,    23,   2,  (0 1 4 13 40 27 35 12 37 18 8 25 29 41 30 44 39 24 26 32 3 10 31) (2 7 22 20 14 43 36 15 46 45 42 33 6 19 11 34 9 28 38 21 17 5 16)
  53,    26,   1,  (0 1 4 13 40 15 46 33 47 36 3 10 31 41 18 2 7 22 14 43 24 20 8 25 23 17 52 51 48 39 12 37 6 19 5 16 49 42 21 11 34 50 45 30 38 9 28 32 44 27 29 35)
  59,    29,   2,  (0 1 4 13 40 3 10 31 35 47 24 14 43 12 37 53 42 9 28 26 20 2 7 22 8 25 17 52 39) (5 16 49 30 32 38 56 51 36 50 33 41 6 19 58 57 54 45 18 55 48 27 23 11 34 44 15 46 21)
  61,    30,   6,  (0 1 4 13 40 60 59 56 47 20) (2 7 22 6 19 58 53 38 54 41) (3 10 31 33 39 57 50 29 27 21) (5 16 49 26 18 55 44 11 34 42) (8 25 15 46 17 52 35 45 14 43) (9 28 24 12 37 51 32 36 48 23)
  67,    33,   3,  (0 1 4 13 40 54 29 21 64 59 44 66 65 62 53 26 12 37 45 2 7 22) (3 10 31 27 15 46 5 16 49 14 43 63 56 35 39 51 20 61 50 17 52 23) (6 19 58 41 57 38 48 11 34 36 42 60 47 8 25 9 28 18 55 32 30 24)
  71,    35,   2,  (0 1 4 13 40 50 9 28 14 43 59 36 38 44 62 45 65 54 21 64 51 12 37 41 53 18 55 24 2 7 22 67 60 39 47) (3 10 31 23 70 69 66 57 30 20 61 42 56 27 11 34 32 26 8 25 5 16 49 6 19 58 33 29 17 52 15 46 68 63 48)
  73,    36,   6,  (0 1 4 13 40 48 72 71 68 59 32 24) (2 7 22 67 56 23 70 65 50 5 16 49) (3 10 31 21 64 47 69 62 41 51 8 25) (6 19 58 29 15 46 66 53 14 43 57 26) (9 28 12 37 39 45 63 44 60 35 33 27) (11 34 30 18 55 20 61 38 42 54 17 52)
  79,    39,   1,  (0 1 4 13 40 42 48 66 41 45 57 14 43 51 75 68 47 63 32 18 55 8 25 76 71 56 11 34 24 73 62 29 9 28 6 19 58 17 52 78 77 74 65 38 36 30 12 37 33 21 64 35 27 3 10 31 15 46 60 23 70 53 2 7 22 67 44 54 5 16 49 69 50 72 59 20 61 26)
  83,    41,   2,  (0 1 4 13 40 38 32 14 43 47 59 12 37 29 5 16 49 65 30 8 25 76 63 24 73 54 80 75 60 15 46 56 3 10 31 11 34 20 61 18 55) (2 7 22 67 36 26 79 72 51 71 48 62 21 64 27 82 81 78 69 42 44 50 68 39 35 23 70 45 53 77 66 33 17 52 74 57 6 19 58 9 28)
  89,    44,   1,  (0 1 4 13 40 32 8 25 76 51 65 18 55 77 54 74 45 47 53 71 36 20 61 6 19 58 86 81 66 21 64 15 46 50 62 9 28 85 78 57 83 72 39 29 88 87 84 75 48 56 80 63 12 37 23 70 33 11 34 14 43 41 35 17 52 68 27 82 69 30 2 7 22 67 24 73 42 38 26 79 60 3 10 31 5 16 49 59)
  97,    48,   2,  (0 1 4 13 40 24 73 26 79 44 36 12 37 15 46 42 30 91 80 47 45 39 21 64 96 95 92 83 56 72 23 70 17 52 60 84 59 81 50 54 66 5 16 49 51 57 75 32) (2 7 22 67 8 25 76 35 9 28 85 62 90 77 38 18 55 69 14 43 33 3 10 31 94 89 74 29 88 71 20 61 87 68 11 34 6 19 58 78 41 27 82 53 63 93 86 65)
 101,    50,   1,  (0 1 4 13 40 20 61 83 48 44 32 97 90 69 6 19 58 74 21 64 92 75 24 73 18 55 65 95 84 51 53 59 77 30 91 72 15 46 38 14 43 29 88 63 89 66 98 93 78 33 100 99 96 87 60 80 39 17 52 56 68 3 10 31 94 81 42 26 79 36 8 25 76 27 82 45 35 5 16 49 47 41 23 70 9 28 85 54 62 86 57 71 12 37 11 34 2 7 22 67)
 103,    51,   3,  (0 1 4 13 40 18 55 63 87 56 66 96 83 44 30 91 68 102 101 98 89 62 84 47 39 15 46 36 6 19 58 72 11 34) (2 7 22 67 99 92 71 8 25 76 23 70 5 16 49 45 33 100 95 80 35 3 10 31 94 77 26 79 32 97 86 53 57 69) (9 28 85 50 48 42 24 73 14 43 27 82 41 21 64 90 65 93 74 17 52 54 60 78 29 88 59 75 20 61 81 38 12 37)
 107,    53,   2,  (0 1 4 13 40 14 43 23 70 104 99 84 39 11 34 103 96 75 12 37 5 16 49 41 17 52 50 44 26 79 24 73 6 19 58 68 98 81 30 91 60 74 9 28 85 42 20 61 77 18 55 59 71) (2 7 22 67 95 72 3 10 31 94 69 101 90 57 65 89 54 56 62 80 27 82 33 100 87 48 38 8 25 76 15 46 32 97 78 21 64 86 45 29 88 51 47 35 106 105 102 93 66 92 63 83 36)
 109,    54,   4,  (0 1 4 13 40 12 37 3 10 31 94 65 87 44 24 73 2 7 22 67 93 62 78 17 52 48 36) (5 16 49 39 9 28 85 38 6 19 58 66 90 53 51 45 27 82 29 88 47 33 100 83 32 97 74) (8 25 76 11 34 103 92 59 69 99 80 23 70 102 89 50 42 18 55 57 63 81 26 79 20 61 75) (14 43 21 64 84 35 106 101 86 41 15 46 30 91 56 60 72 108 107 104 95 68 96 71 105 98 77)
 113,    56,   1,  (0 1 4 13 40 8 25 76 3 10 31 94 57 59 65 83 24 73 107 96 63 77 6 19 58 62 74 110 105 90 45 23 70 98 69 95 60 68 92 51 41 11 34 103 84 27 82 21 64 80 15 46 26 79 12 37 112 111 108 99 72 104 87 36 109 102 81 18 55 53 47 29 88 39 5 16 49 35 106 93 54 50 38 2 7 22 67 89 42 14 43 17 52 44 20 61 71 101 78 9 28 85 30 91 48 32 97 66 86 33 100 75)
 127,    63,   1,  (0 1 4 13 40 121 110 77 105 62 60 54 36 109 74 96 35 106 65 69 81 117 98 41 124 119 104 59 51 27 82 120 107 68 78 108 71 87 8 25 76 102 53 33 100 47 15 46 12 37 112 83 123 116 95 32 97 38 115 92 23 70 84 126 125 122 113 86 5 16 49 21 64 66 72 90 17 52 30 91 20 61 57 45 9 28 85 2 7 22 67 75 99 44 6 19 58 48 18 55 39 118 101 50 24 73 93 26 79 111 80 114 89 14 43 3 10 31 94 29 88 11 34 103 56 42)
 131,    65,   2,  (0 1 4 13 40 121 102 45 5 16 49 17 52 26 79 107 60 50 20 61 53 29 88 3 10 31 94 21 64 62 56 38 115 84 122 105 54 32 97 30 91 12 37 112 75 95 24 73 89 6 19 58 44 2 7 22 67 71 83 119 96 27 82 116 87) (8 25 76 98 33 100 39 118 93 18 55 35 106 57 41 124 111 72 86 128 123 108 63 59 47 11 34 103 48 14 43 130 129 126 117 90 9 28 85 125 114 81 113 78 104 51 23 70 80 110 69 77 101 42 127 120 99 36 109 66 68 74 92 15 46)
 137,    68,   1,  (0 1 4 13 40 121 90 134 129 114 69 71 77 95 12 37 112 63 53 23 70 74 86 122 93 6 19 58 38 115 72 80 104 39 118 81 107 48 8 25 76 92 3 10 31 94 9 28 85 119 84 116 75 89 131 120 87 125 102 33 100 27 82 110 57 35 106 45 136 135 132 123 96 15 46 2 7 22 67 65 59 41 124 99 24 73 83 113 66 62 50 14 43 130 117 78 98 21 64 56 32 97 18 55 29 88 128 111 60 44 133 126 105 42 127 108 51 17 52 20 61 47 5 16 49 11 34 103 36 109 54 26 79 101 30 91)
 139,    69,   1,  (0 1 4 13 40 121 86 120 83 111 56 30 91 135 128 107 44 133 122 89 129 110 53 21 64 54 24 73 81 105 38 115 68 66 60 42 127 104 35 106 41 124 95 8 25 76 90 132 119 80 102 29 88 126 101 26 79 99 20 61 45 136 131 116 71 75 87 123 92 138 137 134 125 98 17 52 18 55 27 82 108 47 3 10 31 94 5 16 49 9 28 85 117 74 84 114 65 57 33 100 23 70 72 78 96 11 34 103 32 97 14 43 130 113 62 48 6 19 58 36 109 50 12 37 112 59 39 118 77 93 2 7 22 67 63 51 15 46)
 149,    74,   1,  (0 1 4 13 40 121 66 50 2 7 22 67 53 11 34 103 12 37 112 39 118 57 23 70 62 38 115 48 145 138 117 54 14 43 130 93 131 96 140 123 72 68 56 20 61 35 106 21 64 44 133 102 9 28 85 107 24 73 71 65 47 142 129 90 122 69 59 29 88 116 51 5 16 49 148 147 144 135 108 27 82 98 146 141 126 81 95 137 114 45 136 111 36 109 30 91 125 78 86 110 33 100 3 10 31 94 134 105 18 55 17 52 8 25 76 80 92 128 87 113 42 127 84 104 15 46 139 120 63 41 124 75 77 83 101 6 19 58 26 79 89 119 60 32 97 143 132 99)
 151,    75,   3,  (0 1 4 13 40 121 62 36 109 26 79 87 111 32 97 141 122 65 45 136 107 20 61 33 100 150 149 146 137 110 29 88 114 41 124 71 63 39 118 53 9 28 85 105 14 43 130 89 117 50) (2 7 22 67 51 3 10 31 94 132 95 135 104 11 34 103 8 25 76 78 84 102 5 16 49 148 143 128 83 99 147 140 119 56 18 55 15 46 139 116 47 142 125 74 72 66 48 145 134 101) (6 19 58 24 73 69 57 21 64 42 127 80 90 120 59 27 82 96 138 113 38 115 44 133 98 144 131 92 126 77 81 93 129 86 108 23 70 60 30 91 123 68 54 12 37 112 35 106 17 52)
 157,    78,   2,  (0 1 4 13 40 121 50 151 140 107 8 25 76 72 60 24 73 63 33 100 144 119 44 133 86 102 150 137 98 138 101 147 128 71 57 15 46 139 104 156 155 152 143 116 35 106 5 16 49 148 131 80 84 96 132 83 93 123 56 12 37 112 23 70 54 6 19 58 18 55 9 28 85 99 141 110 17 52) (2 7 22 67 45 136 95 129 74 66 42 127 68 48 145 122 53 3 10 31 94 126 65 39 118 41 124 59 21 64 36 109 14 43 130 77 75 69 51 154 149 134 89 111 20 61 27 82 90 114 29 88 108 11 34 103 153 146 125 62 30 91 117 38 115 32 97 135 92 120 47 142 113 26 79 81 87 105)
 163,    81,   1,  (0 1 4 13 40 121 38 115 20 61 21 64 30 91 111 8 25 76 66 36 109 2 7 22 67 39 118 29 88 102 144 107 159 152 131 68 42 127 56 6 19 58 12 37 112 11 34 103 147 116 23 70 48 145 110 5 16 49 148 119 32 97 129 62 24 73 57 9 28 85 93 117 26 79 75 63 27 82 84 90 108 162 161 158 149 122 41 124 47 142 101 141 98 132 71 51 154 137 86 96 126 53 160 155 140 95 123 44 133 74 60 18 55 3 10 31 94 120 35 106 156 143 104 150 125 50 151 128 59 15 46 139 92 114 17 52 157 146 113 14 43 130 65 33 100 138 89 105 153 134 77 69 45 136 83 87 99 135 80 78 72 54)
 167,    83,   2,  (0 1 4 13 40 121 30 91 107 155 132 63 23 70 44 133 66 32 97 125 42 127 48 145 102 140 87 95 119 24 73 53 160 147 108 158 141 90 104 146 105 149 114 9 28 85 89 101 137 78 68 38 115 12 37 112 3 10 31 94 116 15 46 139 84 86 92 110 164 159 144 99 131 60 14 43 130 57 5 16 49 148 111) (2 7 22 67 35 106 152 123 36 109 161 150 117 18 55 166 165 162 153 126 45 136 75 59 11 34 103 143 96 122 33 100 134 69 41 124 39 118 21 64 26 79 71 47 142 93 113 6 19 58 8 25 76 62 20 61 17 52 157 138 81 77 65 29 88 98 128 51 154 129 54 163 156 135 72 50 151 120 27 82 80 74 56)
 173,    86,   1,  (0 1 4 13 40 121 18 55 166 153 114 170 165 150 105 143 84 80 68 32 97 119 12 37 112 164 147 96 116 3 10 31 94 110 158 129 42 127 36 109 155 120 15 46 139 72 44 133 54 163 144 87 89 95 113 167 156 123 24 73 47 142 81 71 41 124 27 82 74 50 151 108 152 111 161 138 69 35 106 146 93 107 149 102 134 57 172 171 168 159 132 51 154 117 6 19 58 2 7 22 67 29 88 92 104 140 75 53 160 135 60 8 25 76 56 169 162 141 78 62 14 43 130 45 136 63 17 52 157 126 33 100 128 39 118 9 28 85 83 77 59 5 16 49 148 99 125 30 91 101 131 48 145 90 98 122 21 64 20 61 11 34 103 137 66 26 79 65 23 70 38 115)
 179,    89,   2,  (0 1 4 13 40 121 6 19 58 175 168 147 84 74 44 133 42 127 24 73 41 124 15 46 139 60 2 7 22 67 23 70 32 97 113 161 126 21 64 14 43 130 33 100 122 9 28 85 77 53 160 123 12 37 112 158 117 173 162 129 30 91 95 107 143 72 38 115 167 144 75 47 142 69 29 88 86 80 62 8 25 76 50 151 96 110 152 99 119) (3 10 31 94 104 134 45 136 51 154 105 137 54 163 132 39 118 176 171 156 111 155 108 146 81 65 17 52 157 114 164 135 48 145 78 56 169 150 93 101 125 18 55 166 141 66 20 61 5 16 49 148 87 83 71 35 106 140 63 11 34 103 131 36 109 149 90 92 98 116 170 153 102 128 27 82 68 26 79 59 178 177 174 165 138 57 172 159 120)
 181,    90,   4,  (0 1 4 13 40 121 2 7 22 67 21 64 12 37 112 156 107 141 62 6 19 58 175 164 131 32 97 111 153 98 114 162 125 14 43 130 29 88 84 72 36 109 147 80 60) (3 10 31 94 102 126 17 52 157 110 150 89 87 81 63 9 28 85 75 45 136 47 142 65 15 46 139 56 169 146 77 51 154 101 123 8 25 76 48 145 74 42 127 20 61) (5 16 49 148 83 69 27 82 66 18 55 166 137 50 151 92 96 108 144 71 33 100 120 180 179 176 167 140 59 178 173 158 113 159 116 168 143 68 24 73 39 118 174 161 122) (11 34 103 129 26 79 57 172 155 104 132 35 106 138 53 160 119 177 170 149 86 78 54 163 128 23 70 30 91 93 99 117 171 152 95 105 135 44 133 38 115 165 134 41 124)
 191,    95,   2,  (0 1 4 13 40 121 173 138 33 100 110 140 39 118 164 111 143 48 145 54 163 108 134 21 64 2 7 22 67 11 34 103 119 167 120 170 129 6 19 58 175 144 51 154 81 53 160 99 107 131 12 37 112 146 57 172 135 24 73 29 88 74 32 97 101 113 149 66 8 25 76 38 115 155 84 62 187 180 159 96 98 104 122 176 147 60 181 162 105 125 185 174 141 42 127) (3 10 31 94 92 86 68 14 43 130 9 28 85 65 5 16 49 148 63 190 189 186 177 150 69 17 52 157 90 80 50 151 72 26 79 47 142 45 136 27 82 56 169 126 188 183 168 123 179 156 87 71 23 70 20 61 184 171 132 15 46 139 36 109 137 30 91 83 59 178 153 78 44 133 18 55 166 117 161 102 116 158 93 89 77 41 124 182 165 114 152 75 35 106 128)
 193,    96,  12,  (0 1 4 13 40 121 171 128 192 191 188 179 152 71 21 64) (2 7 22 67 9 28 85 63 190 185 170 125 183 164 107 129) (3 10 31 94 90 78 42 127 189 182 161 98 102 114 150 65) (5 16 49 148 59 178 149 62 187 176 143 44 133 14 43 130) (6 19 58 175 140 35 106 126 186 173 134 17 52 157 86 66) (8 25 76 36 109 135 20 61 184 167 116 156 83 57 172 131) (11 34 103 117 159 92 84 60 181 158 89 75 33 100 108 132) (12 37 112 144 47 142 41 124 180 155 80 48 145 50 151 68) (15 46 139 32 97 99 105 123 177 146 53 160 95 93 87 69) (18 55 166 113 147 56 169 122 174 137 26 79 45 136 23 70) (24 73 27 82 54 163 104 120 168 119 165 110 138 29 88 72) (30 91 81 51 154 77 39 118 162 101 111 141 38 115 153 74)
 197,    98,   1,  (0 1 4 13 40 121 167 108 128 188 171 120 164 99 101 107 125 179 144 39 118 158 81 47 142 33 100 104 116 152 63 190 177 138 21 64 193 186 165 102 110 134 9 28 85 59 178 141 30 91 77 35 106 122 170 117 155 72 20 61 184 159 84 56 169 114 146 45 136 15 46 139 24 73 23 70 14 43 130 194 189 174 129 191 180 147 48 145 42 127 185 162 93 83 53 160 87 65 196 195 192 183 156 75 29 88 68 8 25 76 32 97 95 89 71 17 52 157 78 38 115 149 54 163 96 92 80 44 133 6 19 58 175 132 3 10 31 94 86 62 187 168 111 137 18 55 166 105 119 161 90 74 26 79 41 124 176 135 12 37 112 140 27 82 50 151 60 181 150 57 172 123 173 126 182 153 66 2 7 22 67 5 16 49 148 51 154 69 11 34 103 113 143 36 109 131)
 199,    99,   1,  (0 1 4 13 40 121 165 98 96 90 72 18 55 166 101 105 117 153 62 187 164 95 87 63 190 173 122 168 107 123 171 116 150 53 160 83 51 154 65 196 191 176 131 195 188 167 104 114 144 35 106 120 162 89 69 9 28 85 57 172 119 159 80 42 127 183 152 59 178 137 14 43 130 192 179 140 23 70 12 37 112 138 17 52 157 74 24 73 21 64 193 182 149 50 151 56 169 110 132 198 197 194 185 158 77 33 100 102 108 126 180 143 32 97 93 81 45 136 11 34 103 111 135 8 25 76 30 91 75 27 82 48 145 38 115 147 44 133 2 7 22 67 3 10 31 94 84 54 163 92 78 36 109 129 189 170 113 141 26 79 39 118 156 71 15 46 139 20 61 184 155 68 6 19 58 175 128 186 161 86 60 181 146 41 124 174 125 177 134 5 16 49 148 47 142 29 88 66)
 211,   105,   1,  (0 1 4 13 40 121 153 38 115 135 195 164 71 3 10 31 94 72 6 19 58 175 104 102 96 78 24 73 9 28 85 45 136 198 173 98 84 42 127 171 92 66 199 176 107 111 123 159 56 169 86 48 145 14 43 130 180 119 147 20 61 184 131 183 128 174 101 93 69 208 203 188 143 8 25 76 18 55 166 77 21 64 193 158 53 160 59 178 113 129 177 110 120 150 29 88 54 163 68 205 194 161 62 187 140 210 209 206 197 170 89 57 172 95 75 15 46 139 207 200 179 116 138 204 191 152 35 106 108 114 132 186 137 201 182 125 165 74 12 37 112 126 168 83 39 118 144 11 34 103 99 87 51 154 41 124 162 65 196 167 80 30 91 63 190 149 26 79 27 82 36 109 117 141 2 7 22 67 202 185 134 192 155 44 133 189 146 17 52 157 50 151 32 97 81 33 100 90 60 181 122 156 47 142 5 16 49 148 23 70)
 223,   111,   1,  (0 1 4 13 40 121 141 201 158 29 88 42 127 159 32 97 69 208 179 92 54 163 44 133 177 86 36 109 105 93 57 172 71 214 197 146 216 203 164 47 142 204 167 56 169 62 187 116 126 156 23 70 211 188 119 135 183 104 90 48 145 213 194 137 189 122 144 210 185 110 108 102 84 30 91 51 154 17 52 157 26 79 15 46 139 195 140 198 149 2 7 22 67 202 161 38 115 123 147 219 212 191 128 162 41 124 150 5 16 49 148 222 221 218 209 182 101 81 21 64 193 134 180 95 63 190 125 153 14 43 130 168 59 178 89 45 136 186 113 117 129 165 50 151 8 25 76 6 19 58 175 80 18 55 166 53 160 35 106 96 66 199 152 11 34 103 87 39 118 132 174 77 9 28 85 33 100 78 12 37 112 114 120 138 192 131 171 68 205 170 65 196 143 207 176 83 27 82 24 73 220 215 200 155 20 61 184 107 99 75 3 10 31 94 60 181 98 72 217 206 173 74)
 227,   113,   2,  (0 1 4 13 40 121 137 185 102 80 14 43 130 164 39 118 128 158 21 64 193 126 152 3 10 31 94 56 169 54 163 36 109 101 77 5 16 49 148 218 201 150 224 219 204 159 24 73 220 207 168 51 154 9 28 85 29 88 38 115 119 131 167 48 145 209 174 69 208 171 60 181 90 44 133 173 66 199 144 206 165 42 127 155 12 37 112 110 104 86 32 97 65 196 135 179 84 26 79 11 34 103 83 23 70 211 180 87 35 106 92 50 151) (2 7 22 67 202 153 6 19 58 175 72 217 198 141 197 138 188 111 107 95 59 178 81 17 52 157 18 55 166 45 136 182 93 53 160 27 82 20 61 184 99 71 214 189 114 116 122 140 194 129 161 30 91 47 142 200 147 215 192 123 143 203 156 15 46 139 191 120 134 176 75 226 225 222 213 186 105 89 41 124 146 212 183 96 62 187 108 98 68 205 162 33 100 74 223 216 195 132 170 57 172 63 190 117 125 149 221 210 177 78 8 25 76)
 229,   114,   4,  (0 1 4 13 40 121 135 177 74 223 212 179 80 12 37 112 108 96 60 181 86 30 91 45 136 180 83 21 64 193 122 138 186 101 75 226 221 206 161 26 79 9 28 85 27 82 18 55 166 41 124 144 204 155 8 25 76) (2 7 22 67 202 149 219 200 143 201 146 210 173 62 187 104 84 24 73 220 203 152 228 227 224 215 188 107 93 51 154 5 16 49 148 216 191 116 120 132 168 47 142 198 137 183 92 48 145 207 164 35 106 90 42 127 153) (3 10 31 94 54 163 32 97 63 190 113 111 105 87 33 100 72 217 194 125 147 213 182 89 39 118 126 150 222 209 170 53 160 23 70 211 176 71 214 185 98 66 199 140 192 119 129 159 20 61 184 95 57 172 59 178 77) (6 19 58 175 68 205 158 17 52 157 14 43 130 162 29 88 36 109 99 69 208 167 44 133 171 56 169 50 151 225 218 197 134 174 65 196 131 165 38 115 117 123 141 195 128 156 11 34 103 81 15 46 139 189 110 102 78)

Ring 41 has fixed point 20, and 5 cycles. In each cycle, two elements pair which sum to 40.
  
  (0 1 4 13 40 39 36 27)     0+40   1+39   4+36  13+27   all 40
  (2 7 22 26 38 33 18 14)    2+38   7+33  22+18  26+14   all 40
  (3 10 31 12 37 30 9 28)    3+37  10+30   31+9  12+28   all 40
  (5 16 8 25 35 24 32 15)    5+35  16+24   8+32  25+15   all 40
  (6 19 17 11 34 21 23 29)   6+34  19+21  17+23  11+29   all 40

Ring 13 has fixed point 6, and 4 odd-length cycles. The elements do not pair, and are distributed unevenly.
  
  (0 1 4)     5
  (2 7 9)    18
  (3 10 5)   18 
  (8 12 11)  31

Ring 193 has fixed point 96, and 12 cycles. All elements pair with another in the same cycle and sum to 192.
 
  (0 1 4 13 40 121 171 128 192 191 188 179 152 71 21 64) 
  (2 7 22 67 9 28 85 63 190 185 170 125 183 164 107 129) 
  (3 10 31 94 90 78 42 127 189 182 161 98 102 114 150 65)
  (5 16 49 148 59 178 149 62 187 176 143 44 133 14 43 130)
  (6 19 58 175 140 35 106 126 186 173 134 17 52 157 86 66)
  (8 25 76 36 109 135 20 61 184 167 116 156 83 57 172 131)
  (11 34 103 117 159 92 84 60 181 158 89 75 33 100 108 132)
  (12 37 112 144 47 142 41 124 180 155 80 48 145 50 151 68)
  (15 46 139 32 97 99 105 123 177 146 53 160 95 93 87 69)
  (18 55 166 113 147 56 169 122 174 137 26 79 45 136 23 70)
  (24 73 27 82 54 163 104 120 168 119 165 110 138 29 88 72)
  (30 91 81 51 154 77 39 118 162 101 111 141 38 115 153 74)

Ring 23 has fixed point 11 and 2 odd-length cycles, again uneven.

  (0 1 4  13 17 6 19 12 14 20 15)
  (2 7 22 21 18 9 5  16 3  10 8)

